$coord
    2.70915623658119     -0.13553757037725      1.28879495923418      c
    2.70915623658119     -0.13553757037725     -1.28879495923418      c
   -1.82515248142449      0.32471747689102     -2.26688036607321      c
   -2.53725753691341     -0.58079927737728      0.00000000000000      n
   -1.82515248142449      0.32471747689102      2.26688036607321      c
    2.78450574309672     -1.88310693694625      2.35111189375253      h
    3.13567068880976      1.56320223600503      2.34869626894163      h
    2.78450574309672     -1.88310693694625     -2.35111189375253      h
    3.13567068880976      1.56320223600503     -2.34869626894163      h
   -1.54244547464855      2.33771721761504     -2.42926873746245      h
   -2.44817669150152     -0.71052304731030     -3.91264180538004      h
   -3.08985850491280     -2.41213947437728      0.00000000000000      h
   -1.54244547464855      2.33771721761504      2.42926873746245      h
   -2.44817669150152     -0.71052304731030      3.91264180538004      h
$user-defined bonds
$redundant
     number_of_atoms            14
     degrees_of_freedom         19
     internal_coordinates       28
     frozen_coordinates          0
# definitions of redundant internals
   1 k  1.0000000000000 outp   12    5    3    4 val= -21.39075
   2 k  1.0000000000000 tors    4    3    2    8 val= 190.83766
        1.0000000000000 tors   10    3    2    8
        1.0000000000000 tors    9    3    2    8
        1.0000000000000 tors    1    3    2    8
        1.0000000000000 tors    9    3    2    8
        1.0000000000000 tors   10    3    2    8
   3 k  1.0000000000000 stre    4   12           val=   1.91290
   4 k  1.0000000000000 stre    1    6           val=   2.04651
   5 k  1.0000000000000 stre    8    3           val=   5.11180
   6 k  1.0000000000000 stre    3   11           val=   2.04167
   7 k -0.5814906467452 bend    4   11    3      val=  50.11680
        0.4058893044486 bend   10   11    3
        0.3575879980316 bend    2   11    3
        0.2797675346305 bend    8   11    3
        0.5394288187636 bend    9   11    3
   8 k  0.3313224076699 bend    4   11    3      val=  45.36054
       -0.5831400650321 bend   10   11    3
        0.4687079002238 bend    2   11    3
        0.5362815763756 bend    8   11    3
        0.2070944273466 bend    9   11    3
   9 k  1.0000000000000 tors    4    5    1    2 val= 114.87316
        1.0000000000000 tors    4    5    1    7
        1.0000000000000 tors   13    5    1    2
        1.0000000000000 tors   13    5    1    7
  10 k  1.0000000000000 tors    5   13    1    2 val= 149.83395
        1.0000000000000 tors    5   13    1    7
  11 k  1.0000000000000 tors    5    4    3    2 val=  20.89453
        1.0000000000000 tors    5    4    3    9
        1.0000000000000 tors    5    4    3   10
  12 k  1.0000000000000 tors    2    9    3    4 val=  94.45847
        1.0000000000000 tors    2    9    3   10
  13 k  1.0000000000000 tors    5   13    7    1 val=  26.77589
  14 k  1.0000000000000 stre    1    2           val=   2.57759
  15 k  1.0000000000000 stre    1    7           val=   2.04720
  16 k  1.0000000000000 stre    1    5           val=   4.66138
  17 k  1.0000000000000 stre    7    5           val=   5.11374
  18 k  1.0000000000000 stre    1   13           val=   5.04914
  19 k  1.0000000000000 stre    7   13           val=   4.74248
  20 k  1.0000000000000 stre    5   13           val=   2.03923
  21 k  1.0000000000000 bend    7    2    1      val= 121.18028
  22 k  0.7611337659406 bend    5    2    1      val= 102.54569
        0.6485949354913 bend   13    2    1
  23 k -0.6485949354913 bend    5    2    1      val=   8.66028
        0.7611337659406 bend   13    2    1
  24 k  1.0000000000000 stre    3    4           val=   2.54279
  25 k  1.0000000000000 bend   10    4    3      val= 117.47399
  26 k  0.7008169498068 bend    2    4    3      val= 102.44770
        0.7133411546122 bend    9    4    3
  27 k  0.7133411546122 bend    2    4    3      val=  -8.58007
       -0.7008169498068 bend    9    4    3
  28 k  1.0000000000000 bend    5    3    4      val= 126.12266
        19 non zero eigenvalues  of BmBt
           1           3.536533647    1    0
         1
           2           2.850951338    2    0
         2
           3           2.148736402    3    0
         3
           4           2.093187414    4    0
         4
           5           1.891228428    5    0
         5
           6           1.561986349    6    0
         6
           7           1.423679316    7    0
         7
           8           0.781485154    8    0
         8
           9           3.752582565    0    0
         0.000000000         0.000000000         0.000000000         0.000000000
         0.000000000         0.000000000         0.000000000         0.000000000
        -0.220803643        -0.286843600         0.031699226         0.251214969
        -0.230443568         0.227253210        -0.135539114        -0.302703161
        -0.252551785        -0.474792789        -0.478870291        -0.131305857
        -0.118155575        -0.021525676         0.039082490        -0.056964985
         0.166426107         0.065492966         0.021523361        -0.051855819
          10           2.957075913    0    0
         0.000000000         0.000000000         0.000000000         0.000000000
         0.000000000         0.000000000         0.000000000         0.000000000
         0.330834864         0.366654082         0.114292485        -0.429338288
         0.361363047        -0.127741693        -0.100757022        -0.093977231
        -0.237409243        -0.367273043        -0.348844837        -0.073231368
         0.209364001         0.022707021        -0.039696810         0.080305660
        -0.140356077        -0.029881921        -0.035263407         0.017772580
          11           2.085150600    0    0
         0.000000000         0.000000000         0.000000000         0.000000000
         0.000000000         0.000000000         0.000000000         0.000000000
        -0.100097940        -0.032451493         0.010072023         0.110993520
        -0.002453331        -0.161885291        -0.153652467         0.482210102
        -0.452580018         0.473412373        -0.488562164         0.142681046
         0.058633085         0.018398370         0.012888038         0.002941023
         0.037116577        -0.025625691         0.005327152         0.012048436
          12           1.769305851    0    0
         0.000000000         0.000000000         0.000000000         0.000000000
         0.000000000         0.000000000         0.000000000         0.000000000
        -0.132118080         0.009166933         0.197210585         0.088066475
         0.005771183        -0.223524811         0.608231240         0.190819894
         0.380816638        -0.228668620        -0.376022747         0.272163057
        -0.063216778         0.041911505        -0.003841017        -0.102309382
        -0.084820981        -0.129675927        -0.031509448         0.159512589
          13           1.674965481    0    0
         0.000000000         0.000000000         0.000000000         0.000000000
         0.000000000         0.000000000         0.000000000         0.000000000
         0.064170808        -0.192948048         0.524225465        -0.098237611
        -0.062904720        -0.140976916        -0.052718609         0.345239277
         0.191793556        -0.044607463         0.029342515        -0.592154542
         0.058926262         0.034991119         0.044604531         0.103386338
         0.306871425        -0.025280231        -0.022321121        -0.159450094
          14           1.598810655    0    0
         0.000000000         0.000000000         0.000000000         0.000000000
         0.000000000         0.000000000         0.000000000         0.000000000
         0.087495332         0.002755522        -0.270581008         0.023292805
        -0.043577923        -0.223236024         0.644949353        -0.247218406
        -0.328227681         0.188876590        -0.020071593        -0.381509934
         0.006311328         0.047213201        -0.002072676         0.130794423
         0.084665088         0.162497355        -0.102866196        -0.192027285
          15           1.023409459    0    0
         0.000000000         0.000000000         0.000000000         0.000000000
         0.000000000         0.000000000         0.000000000         0.000000000
         0.208054477        -0.142535109         0.284057174        -0.208061534
        -0.074307623         0.014187936         0.071448434        -0.189815478
        -0.011717464         0.089464755        -0.001662561         0.574508673
         0.101256639        -0.020730397         0.049797577         0.068917131
         0.432727434         0.268535126        -0.070143458        -0.380999717
          16           0.606093501    0    0
         0.000000000         0.000000000         0.000000000         0.000000000
         0.000000000         0.000000000         0.000000000         0.000000000
         0.040043353         0.154196280         0.547948972         0.113763346
        -0.020168401         0.443680068         0.203877668        -0.178817435
        -0.245948567         0.215974545         0.056092175         0.018069560
        -0.183533893        -0.025932436        -0.064000507         0.310993784
        -0.181845340        -0.311556475        -0.013600117         0.120541552
          17           0.543701020    0    0
         0.000000000         0.000000000         0.000000000         0.000000000
         0.000000000         0.000000000         0.000000000         0.000000000
        -0.079307846        -0.051020453         0.250041016         0.064641894
        -0.119298787        -0.671399057        -0.173344868        -0.380808567
        -0.200175377         0.022383737         0.189526829         0.080803251
        -0.074650368         0.148194967         0.014817888        -0.206456306
         0.011180030        -0.340163303         0.011248825         0.122368261
          18           0.435136863    0    0
         0.000000000         0.000000000         0.000000000         0.000000000
         0.000000000         0.000000000         0.000000000         0.000000000
         0.033739007        -0.025624476         0.205882435        -0.105186684
         0.075818197         0.233009376         0.160455284        -0.039899520
        -0.145444664         0.137234125         0.047872099        -0.121068258
         0.190653890        -0.212695302         0.011907254        -0.825914320
         0.006160511         0.115249894        -0.040902916         0.146897967
          19           0.183776507    0    0
         0.000000000         0.000000000         0.000000000         0.000000000
         0.000000000         0.000000000         0.000000000         0.000000000
        -0.237113941        -0.279193849        -0.128134132        -0.274551803
         0.028491140         0.164986917         0.096263448        -0.074323723
        -0.035899189         0.032080040         0.036712994         0.027814274
         0.531444470         0.261117433         0.164632946         0.188415788
         0.243880122        -0.249205239        -0.070562445         0.432421547
$end
