$coord
        0.04177554823063        0.63819837762829        0.08372502685452      H
        0.05087020484448        0.56154583223978        2.13122035056088      C
        2.32893629769847        0.70729683539714        3.44536097058669      C
        2.34043601065135        0.60150710354310        6.07667182146432      C
        0.07454498674483        0.34873189737652        7.39498055939886      C
       -2.20383633699459        0.20241513478142        6.08232762060195      C
       -2.21661103116180        0.30975144306905        3.44972282132882      C
        4.09226324347961        0.89632746705743        2.41943550707975      H
        4.11323338508788        0.70889513174526        7.09814220081092      H
        0.08450284568972        0.25896931646989        9.44179091974298      H
       -3.96627362049935       -0.00106365314088        7.10716005895473      H
       -3.98865082006082        0.19200493398182        2.42756130110527      H
       -0.38800690140660       -6.36557708517996        3.55980700684244      I
        0.13076309575837      -10.34044725316125        3.53898313381630      C
        0.13908586538736      -10.97106267382376        1.58704091250967      H
        1.92383315546147      -10.75227843459229        4.44636905332598      H
       -1.42272643601950      -11.19100473124931        4.57391751517271      H
$end
