$coord
       -4.24393728164643       -0.47326564018924        0.07549869762438      N
       -5.04010452433022        1.98176155573471        0.17372691874842      C
       -3.17922969991918        3.58129448962703        0.16993241458854      N
       -1.05324247781723        2.10291037395615        0.06316828617779      C
        1.54617749821819        2.78857296769953        0.01383730060012      C
        2.48400491402361        4.89314991607534        0.05434365480731      O
        3.07991965418542        0.64001485358325       -0.09642420512458      N
        2.25928951728184       -1.80847071545536       -0.14965526112454      C
        4.03666297313457       -3.60752397748409       -0.33568738429925      N
       -0.13242251911556       -2.43519555510366       -0.09607166068502      N
       -1.68730459014844       -0.43305742812392        0.00348239543636      C
       -5.35950403403856       -2.02117290692383        0.06190265086163      H
        5.86052391130981       -3.22790374449613        0.04992659020771      H
        3.48864913060121       -5.41148005134642       -0.08226278233897      H
       -7.02389896073608        2.45692076420172        0.24519169273120      H
        4.96441648899703        0.97344509824495       -0.15090930821111      H
$end
