$coord
   -3.61478930225678      3.93645943144797      6.51030060445427      h
    0.61236907478983     -6.51759578912215     -1.76934035726066      h
    1.57630708202517     -4.10115032100919     -2.82579187907104      si
   -1.97320774600117     -1.17546431655209     -0.87295648907904      h
    5.13463622899929      0.77090632447117     -0.60327683123775      na
    0.80018620160269      2.05990685666801     -3.50442438462677      s
   -2.63169697740212     -1.50450649386349     -4.55963505869507      h
   -4.43315123481822      2.67584248182708     -1.51015562837913      h
    2.46073116204381      2.20893876320240      3.99000166203290      al
    3.78074851536128     -3.38741952485899     -1.17756344627767      h
   -1.17537958130662      2.50624310668895      2.62487185864947      c
   -1.88900890700459      2.02234287084311     -0.58612350123645      si
    2.08821790641218      3.12116385815725      8.02735873215896      cl
   -0.92280146340488     -1.25632251283573     -3.09913865635809      b
   -2.52751267815688      3.27297273732310      4.69811218606474      b
    2.71435171911696     -4.63231747238742     -5.34223881113872      h
$user-defined bonds
$end
