$coord
     1.824791226     3.160632859     0.000000000     H 
    -1.824791226     3.160632859     0.000000000     H 
    -3.649584342     0.000000000     0.000000000     H 
    -1.824791226    -3.160632859     0.000000000     H 
     3.649584342     0.000000000     0.000000000     H 
     1.824791226    -3.160632859     0.000000000     H 
    -3.634326694     2.098279930     0.493065416     F 
     0.000000000     4.196559860    -0.493065416     F 
    -3.634326694    -2.098279930    -0.493065416     F 
     3.634326694     2.098279930     0.493065416     F 
     0.000000000    -4.196559860     0.493065416     F 
     3.634326694    -2.098279930    -0.493065416     F 
$end
