$coord
   -3.38837426242950     -0.47993649640007      0.08327610081299      c
   -2.06622145424295      0.43831368479966     -2.32507166820023      c
    0.73887370154156     -0.29692495782212     -2.33409603400611      c
    2.13219805292472      0.64730873344416      0.03841610917719      c
    0.79098179176707     -0.26984577530388      2.43413947453167      c
   -2.01622311869519      0.45046249809835      2.45938442550885      c
    4.81537908629601     -0.04689185421236      0.15673471447068      n
   -3.43247870888035     -2.55217194275761      0.08784903217661      h
   -5.35760996104971      0.14946444973264      0.10274309154863      h
   -3.00895911551640     -0.32330517917743     -3.99990241478164      h
   -2.23117260355965      2.50077844875831     -2.44865118728887      h
    1.67206278493019      0.44487728413018     -4.02637622036067      h
    0.91253183364190     -2.36281910418856     -2.41895656072194      h
    2.06497976394506      2.72017586530821      0.03363456220570      h
    1.76295224110702      0.49519042529575      4.08718850856668      h
    0.96925453474975     -2.33536885380065      2.54191460329087      h
   -2.18739762496988      2.51236317700385      2.57980592269717      h
   -2.92345553989730     -0.30861424800272      4.15454896114858      h
    5.00672824536216     -1.95715139567938      0.19489005237646      h
    5.74595035297547      0.57409524077363     -1.40147147315260      h
$redundant
     number_of_atoms            20
     degrees_of_freedom         54
     internal_coordinates       54
     frozen_coordinates          0
# definitions of redundant internals
   1 k  1.0000000000000 stre    1    9           val=   2.06747
   2 k  1.0000000000000 stre    1    8           val=   2.07271
   3 k  0.0002390772154 bend    8    9    1      val=   0.00527
        0.5068271097648 bend    2    9    1
        0.4930678319125 bend    2    8    1
       -0.5064112984520 bend    6    9    1
       -0.4935158898989 bend    6    8    1
   4 k  0.0334427329906 bend    8    9    1      val=   0.67545
       -0.5020896122463 bend    2    9    1
        0.4972333485506 bend    2    8    1
       -0.5026155156921 bend    6    9    1
        0.4969147264463 bend    6    8    1
   5 k  0.9009471669140 bend    8    9    1      val=   0.58590
       -0.2000813028015 bend    2    9    1
       -0.2328747438293 bend    2    8    1
       -0.2002007692499 bend    6    9    1
       -0.2322728575987 bend    6    8    1
   6 k -0.0002831338894 bend    8    9    1      val=   0.03322
        0.4934644645497 bend    2    9    1
       -0.5065338694823 bend    2    8    1
       -0.4931193361355 bend    6    9    1
        0.5067045504615 bend    6    8    1
   7 k  1.0000000000000 stre    2   10           val=   2.06734
   8 k  1.0000000000000 stre    2   11           val=   2.07274
   9 k  0.0025717727951 bend   11   10    2      val=   0.03787
       -0.5079195894650 bend    1   10    2
       -0.4924424140278 bend    1   11    2
        0.5060879566317 bend    3   10    2
        0.4933421993315 bend    3   11    2
  10 k  0.0351842631042 bend   11   10    2      val=   0.72023
       -0.5029026857086 bend    1   10    2
        0.4990174389468 bend    1   11    2
       -0.5018386190426 bend    3   10    2
        0.4949652032227 bend    3   11    2
  11 k  0.9009672648013 bend   11   10    2      val=   0.53212
       -0.1973993014750 bend    1   10    2
       -0.2326860899130 bend    1   11    2
       -0.2010921173111 bend    3   10    2
       -0.2339030727674 bend    3   11    2
  12 k -0.0008453970134 bend   11   10    2      val=   0.10116
        0.4919929699751 bend    1   10    2
       -0.5052886000296 bend    1   11    2
       -0.4937929117384 bend    3   10    2
        0.5087181870113 bend    3   11    2
  13 k  1.0000000000000 stre    3   12           val=   2.07001
  14 k  1.0000000000000 stre    3   13           val=   2.07492
  15 k  0.0229517698221 bend   13   12    3      val=   0.37996
       -0.5075458995034 bend    2   12    3
       -0.4955756442027 bend    2   13    3
        0.5046984096619 bend    4   12    3
        0.4914821180034 bend    4   13    3
  16 k  0.0335585834204 bend   13   12    3      val=   0.68990
       -0.5122466342941 bend    2   12    3
        0.5071971587221 bend    2   13    3
       -0.4924413832814 bend    4   12    3
        0.4865487985283 bend    4   13    3
  17 k  0.9027365468914 bend   13   12    3      val=   1.42344
       -0.1867157064888 bend    2   12    3
       -0.2194252874251 bend    2   13    3
       -0.2089865983868 bend    4   12    3
       -0.2416218466739 bend    4   13    3
  18 k -0.0007993823868 bend   13   12    3      val=   0.07608
       -0.4832462498438 bend    2   12    3
        0.4962567507769 bend    2   13    3
        0.5038829366428 bend    4   12    3
       -0.5160461669931 bend    4   13    3
  19 k  1.0000000000000 stre    4   14           val=   2.07396
  20 k  0.7079842419711 bend    7   14    4      val=   0.29049
        0.0120232320322 bend    5   14    4
       -0.7061258775970 bend    3   14    4
  21 k -0.4001874746980 bend    7   14    4      val=   3.16306
        0.8306659843120 bend    5   14    4
       -0.3870968969158 bend    3   14    4
  22 k  1.0000000000000 stre    5   15           val=   2.06460
  23 k  1.0000000000000 stre    5   16           val=   2.07600
  24 k  0.0297967251760 bend   16   15    5      val=   0.51481
        0.5023142685407 bend    4   15    5
        0.4931578781837 bend    4   16    5
       -0.5133127830266 bend    6   15    5
       -0.4899977803582 bend    6   16    5
  25 k  0.0468110638649 bend   16   15    5      val=   0.74815
       -0.4980309843329 bend    4   15    5
        0.4782885554364 bend    4   16    5
       -0.5113961006429 bend    6   15    5
        0.5093995965154 bend    6   16    5
  26 k  0.9016849978125 bend   16   15    5      val=   1.35292
       -0.2085558695769 bend    4   15    5
       -0.2484077529725 bend    4   16    5
       -0.1732641655955 bend    6   15    5
       -0.2274680882421 bend    6   16    5
  27 k -0.0042810620783 bend   16   15    5      val=   0.48452
       -0.5009225821208 bend    4   15    5
        0.5213227868897 bend    4   16    5
        0.4824487601288 bend    6   15    5
       -0.4944936652260 bend    6   16    5
  28 k  1.0000000000000 stre    6   18           val=   2.06709
  29 k  1.0000000000000 stre    6   17           val=   2.07250
  30 k  0.0045009696669 bend   17   18    6      val=   0.07494
       -0.5076009560673 bend    1   18    6
       -0.4929454040585 bend    1   17    6
        0.5050170720520 bend    5   18    6
        0.4942505399342 bend    5   17    6
  31 k  0.0330213916379 bend   17   18    6      val=   0.66524
       -0.5031819495238 bend    1   18    6
        0.4999057543361 bend    1   17    6
       -0.5016673941729 bend    5   18    6
        0.4941068465151 bend    5   17    6
  32 k  0.9022586538099 bend   17   18    6      val=   0.97116
       -0.1958837605398 bend    1   18    6
       -0.2298359855770 bend    1   17    6
       -0.2019424839321 bend    5   18    6
       -0.2322789850569 bend    5   17    6
  33 k -0.0012494351291 bend   17   18    6      val=   0.14399
        0.4923224067788 bend    1   18    6
       -0.5038549752672 bend    1   17    6
       -0.4948781642898 bend    5   18    6
        0.5087660101687 bend    5   17    6
  34 k  1.0000000000000 tors   20    7    4    3 val=  59.64271
        1.0000000000000 tors   20    7    4    5
        1.0000000000000 tors   19    7    4    3
        1.0000000000000 tors   19    7    4    5
  35 k  1.0000000000000 stre    7   20           val=   1.91823
  36 k  1.0000000000000 stre    7   19           val=   1.92020
  37 k  0.8538425940112 bend   19   20    7      val=   6.24041
       -0.3609773500695 bend    4   20    7
       -0.3750309019121 bend    4   19    7
  38 k  0.5018415835544 bend   19   20    7      val= 109.32729
        0.3795331391475 bend    4   20    7
        0.7772448914624 bend    4   19    7
  39 k  0.1382311457952 bend   19   20    7      val=  35.69366
        0.8518508960056 bend    4   20    7
       -0.5052150050291 bend    4   19    7
  40 k  1.0000000000000 stre    4    7           val=   2.77405
  41 k -0.6793277290396 bend    5    7    4      val=   6.89764
        0.7338350199861 bend    3    7    4
  42 k  0.7338350199861 bend    5    7    4      val= 111.96127
        0.6793277290396 bend    3    7    4
  43 k  1.0000000000000 stre    1    2           val=   2.89679
  44 k  1.0000000000000 stre    2    3           val=   2.89986
  45 k  1.0000000000000 stre    3    4           val=   2.90891
  46 k  1.0000000000000 stre    4    5           val=   2.89474
  47 k  1.0000000000000 stre    5    6           val=   2.89825
  48 k  1.0000000000000 stre    6    1           val=   2.89730
  49 k -0.5000000000000 bend    1    3    2      val=  -0.48461
       -0.5000000000000 bend    2    4    3
        1.0000000000000 bend    3    5    4
       -0.5000000000000 bend    4    6    5
       -0.5000000000000 bend    5    1    6
        1.0000000000000 bend    6    2    1
  50 k  0.8660254037844 bend    1    3    2      val=  -0.14333
       -0.8660254037844 bend    2    4    3
        0.8660254037844 bend    4    6    5
       -0.8660254037844 bend    5    1    6
  51 k -1.0000000000000 bend    1    3    2      val=   0.34779
        1.0000000000000 bend    2    4    3
       -1.0000000000000 bend    3    5    4
        1.0000000000000 bend    4    6    5
       -1.0000000000000 bend    5    1    6
        1.0000000000000 bend    6    2    1
  52 k -0.5000000000000 tors    2    3    4    5 val=  -0.16330
       -0.5000000000000 tors    3    4    5    6
        1.0000000000000 tors    4    5    6    1
       -0.5000000000000 tors    5    6    1    2
       -0.5000000000000 tors    6    1    2    3
        1.0000000000000 tors    1    2    3    4
  53 k  0.8660254037844 tors    2    3    4    5 val=   0.04612
       -0.8660254037844 tors    3    4    5    6
        0.8660254037844 tors    5    6    1    2
       -0.8660254037844 tors    6    1    2    3
  54 k -1.0000000000000 tors    2    3    4    5 val= -54.46598
        1.0000000000000 tors    3    4    5    6
       -1.0000000000000 tors    4    5    6    1
        1.0000000000000 tors    5    6    1    2
       -1.0000000000000 tors    6    1    2    3
        1.0000000000000 tors    1    2    3    4
        54 non zero eigenvalues  of BmBt
           1           6.175486684    1    0
         1
           2           5.041686937    2    0
         2
           3           4.333945790    3    0
         3
           4           4.275669325    4    0
         4
           5           4.234938370    5    0
         5
           6           3.860531640    6    0
         6
           7           3.562677165    7    0
         7
           8           3.446943708    8    0
         8
           9           3.284181737    9    0
         9
          10           3.135201471   10    0
        10
          11           3.007560130   11    0
        11
          12           2.676607312   12    0
        12
          13           2.633521272   13    0
        13
          14           2.422480659   14    0
        14
          15           2.221834174   15    0
        15
          16           2.116174048   16    0
        16
          17           2.022517364   17    0
        17
          18           1.823685730   18    0
        18
          19           1.755508004   19    0
        19
          20           1.558850746   20    0
        20
          21           0.987108521   21    0
        21
          22           0.831313623   22    0
        22
          23           0.784095065   23    0
        23
          24           0.767379698   24    0
        24
          25           0.751859904   25    0
        25
          26           0.748347760   26    0
        26
          27           0.718816606   27    0
        27
          28           0.682919108   28    0
        28
          29           0.662713469   29    0
        29
          30           0.596534640   30    0
        30
          31           0.562818630   31    0
        31
          32           0.451267507   32    0
        32
          33           0.414204618   33    0
        33
          34           0.402355348   34    0
        34
          35           0.371734911   35    0
        35
          36           0.359598144   36    0
        36
          37           0.343176610   37    0
        37
          38           0.334178747   38    0
        38
          39           0.315264871   39    0
        39
          40           0.310022942   40    0
        40
          41           0.284335539   41    0
        41
          42           0.276631926   42    0
        42
          43           0.260084912   43    0
        43
          44           0.258111121   44    0
        44
          45           0.240883974   45    0
        45
          46           0.231100253   46    0
        46
          47           0.123208478   47    0
        47
          48           0.093300114   48    0
        48
          49           0.088528392   49    0
        49
          50           0.075451648   50    0
        50
          51           0.059416199   51    0
        51
          52           0.053088506   52    0
        52
          53           0.049317653   53    0
        53
          54           0.015438843   54    0
        54
$user-defined bonds
$end
