$coord
       -0.82568438967441       -2.22594874872177        0.00000000000000      N
       -2.24508616855746       -0.00160970828510        0.00000000000000      C
       -0.72470535193057        2.28367686609654        0.00000000000000      C
        1.80979894114195        2.11215113978180        0.00000000000000      C
        3.02047730300500       -0.18300329413964        0.00000000000000      N
        1.75528459992483       -2.47275827165556        0.00000000000000      C
       -4.65592450054146       -0.22473719868504        0.00000000000000      N
        2.84851617398893       -4.48978833117832        0.00000000000000      O
       -1.64176235992789        4.10053963256181        0.00000000000000      H
        3.02252998947964        3.75154470734196        0.00000000000000      H
       -5.46749314110867        1.51298930844666        0.00000000000000      H
       -1.81078546957434       -3.85854404910806        0.00000000000000      H
        4.91483437377447       -0.30451205245530        0.00000000000000      H
$end
