$coord
        0.00000000000000        0.00000000000000       -6.85644178900000      P
        0.00000000000000        0.00000000000000       -9.73727992800001      C
        0.00000000000000        0.00000000000000      -11.76237077099999      H
        0.00000000000000        0.00000000000000        0.18071071700000      I
        0.00000000000000        0.00000000000000        4.22606226300000      C
        0.00000000000000        2.35129723300000        5.11476449100001      F
       -2.03628369000000       -1.17564767200000        5.11476449100001      F
        2.03628369000000       -1.17564767200000        5.11476449100001      F
$end
