$coord
       -0.67362638615151        5.35532901518182        0.35985891696971      N
        1.30894562184849        3.93599172818182        1.27098463396969      C
        0.60188952484848        1.43373940418181        1.42963468996969      C
       -1.96126488915152        1.30811797918183        0.54937953696970      C
       -3.69039629615152       -0.70742407881817        0.27327545196970      C
       -6.08795591015152       -0.16626891581818       -0.63739295203031      C
       -6.79305803115151        2.33680166018181       -1.27730141503031      C
       -5.12708882615150        4.32931173718182       -1.01589184003031      C
       -2.70074490515152        3.79213444718181       -0.09774390103030      C
       -0.63809197915152        7.23053435018182        0.07969003096970      H
        3.08942844184848        4.80999188818182        1.73650729396969      H
       -3.13795380015151       -2.60663838281818        0.77622791396970      H
       -8.68768219115150        2.64076030618182       -1.97827448503031      H
       -5.69407276315152        6.23163653018181       -1.50856419203029      H
       -7.95709144615151       -1.91941118081817       -1.00169810803030      O
       -7.34462558415152       -4.45201250481818       -0.38505595103030      C
       -6.86123556515152       -4.64207736481818        1.61292866196970      H
       -5.77709220515153       -5.14617500081818       -1.53545310303030      H
       -9.02634565515151       -5.55625876881817       -0.78773766203030      H
        2.23346193684847       -0.74158465481819        2.20392534796970      C
        3.27368428484849       -2.17724539481817       -0.10218853603030      C
        4.79278209684847       -0.59117380481818       -1.74616133103030      N
        7.29672005684848       -0.01762495881818       -1.40573286303030      C
        8.80129343384850       -1.77914437881818        0.28144662696969      C
        1.15929633084848       -2.05912429181818        3.38007757596969      H
        3.81544038084847       -0.06188234181817        3.34219045996970      H
        1.70252263284848       -2.91691249381818       -1.21331340403030      H
        4.40035403884849       -3.78818955881817        0.50417918096971      H
        3.85516053184848        0.76158465618182       -2.71055464403029      H
        8.27769949484849        1.77939107418181       -2.47782733003030      O
        8.69448612084848       -3.72102680681817       -0.39551369403031      H
        8.10153356884848       -1.74186953381817        2.21849702496970      H
       10.75362793584849       -1.15328035981817        0.25760206396971      H
$end
