$coord
    0.53697621126446     -0.65099063952992     -0.06842344609593       c
    0.66606396606498     -1.84908473893675     -1.74602107389109       h
    0.73714640987883     -1.90906095563423      1.55622907233919       h
   -1.82574358459953      0.66879384664154      0.00965367833541       n
   -1.71834834695807      2.57045597217434     -0.02030245466366       h
    2.64192914615766      1.29567045597847     -0.08762236151957       c
    2.20028663370963      3.57093697557199     -0.10443720360120       o
   -4.04126347449978     -0.61495325709523      0.04737821493846       c
   -4.11379567812652     -2.93168655342912      0.04575123508834       o
    5.01943785067081      0.34728720702742     -0.11361070522132       n
    6.39200998259351      1.66224813444128     -0.02959593192953       h
    5.68336946115410     -2.29762769258562      0.12605662883987       c
    7.68411873730242     -2.50423992766703     -0.27752624236656       h
    5.32426816075263     -3.03031164730635      2.01780667307248       h
    4.64936297450760     -3.44235191807082     -1.23175634873567       h
   -6.39563168014953      0.99431371108626      0.07965894381020       c
   -7.45072804824264      0.64611117266087     -1.64962372038080       h
   -5.99727064538394      3.00348619958780      0.23616069466895       h
   -7.57092922518358      0.40340972802370      1.65690269279488       h
$end
