$coord
        1.82118394393332       -1.60209136879999        0.04989993773333      C
        2.67884082593334       -1.77605243680000       -1.81711637226668      H
        2.85014446993332       -2.85683213680001        1.31450017173333      H
        1.92382152193334        1.16815622919999        0.86803031473333      C
        3.73472702393334        2.06180563620000        0.46981914973332      H
        1.56833517693332        1.32242881420000        2.89612796173334      H
       -0.28215310406668        2.32620767420000       -0.58851605626667      C
        0.23620681493332        2.49398057720000       -2.57928876026667      H
       -0.81961843306667        4.19919281820000        0.07597587973333      H
       -2.39287214106667        0.36548107120000       -0.26531940626667      C
       -3.76394257306667        0.41010478419999       -1.79858999626667      H
       -3.42104489706668        0.75230260620001        1.47747777373333      H
       -1.02653156806668       -2.21691988280000       -0.06943629226668      C
       -1.48510106706668       -3.43419845379999       -1.66315498826667      H
       -1.62199599406667       -3.21356593180000        1.62959068273333      H
$end
