$coord
    2.03344209594157      0.94874045088261     -1.07451287292339       n
    2.46605761260186      1.74973560369532     -2.75139739626457       h
    0.02325475159729      2.05983554639044      0.41387445859801       c
    0.67246150427191      2.43563604725592      2.33188161891808       h
   -0.80002930567209      4.54354433743522     -0.78677610015840       c
   -2.31473952232019      0.38057757938484      0.70526673749029       c
   -2.34334723686566      5.35056089290866      0.29978395439111       h
    0.76681816951430      5.87515996291786     -0.83371775175150       h
   -1.45696746224491      4.21826136488519     -2.71271613381049       h
   -3.92810866361723      0.90564788680233      2.28032225692816       o
    3.82053085336039     -0.74039954698721     -0.23187424033844       c
    3.44268840727487     -1.73084458827947      2.41359232971359       c
    3.84180719123463     -0.24792474720280      3.78592455409350       h
    4.75264169686898     -3.27842143418951      2.70756523069823       h
    1.51338793250931     -2.37187473518562      2.72387488318668       h
    5.58403473443618     -1.37889165823908     -1.57705433714131       o
   -2.45054416487403     -1.59281740584842     -0.91212416478343       n
   -0.98491627112049     -1.83668497628644     -2.09834204260762       h
   -4.57555431581973     -3.31098801739238     -0.93701145636929       c
   -3.94364614751308     -5.25519727712234     -0.72043135706702       h
   -5.78598251191709     -2.80871211428581      0.64153742645889       h
   -5.65031917116663     -3.14504039910972     -2.68342063820897       h
$end
