$coord
        3.75675658421711       -0.81676847541083        0.17785387910062      N
        5.29462330508552        0.28268202701729        0.43672939351504      H
        1.37417639043907        0.45808608277986       -0.06431391536124      C
        0.49579448327011       -0.14468004058304       -1.83140383781792      H
       -0.48093073105108       -0.19077123708424        2.12112129955569      C
        1.87434811124772        3.28489836219004       -0.19942624743857      C
       -0.60205997428013        1.37177788007300        3.45612141434965      H
        0.28766360549076       -1.81419035196351        3.12763101703097      H
       -3.02448066772645       -0.79490432850752        1.11292695629531      C
        3.98881796186726        4.17278574009415        0.14777555508926      O
       -3.36996579602833       -2.87616202545326       -0.39174170125137      N
       -5.35711710855441        0.37830576044568        1.17477671105204      C
       -1.94765320667073       -4.08281549367781       -0.84147279438904      H
       -5.82434767008464       -2.88938362895841       -1.15112793623252      C
       -7.09480611403793       -0.93806742509946       -0.23249373426670      N
       -5.86680866696090        2.06286698411708        2.19986901407811      H
       -6.59077392401977       -4.34351411875168       -2.34892754847757      H
        3.87716123747222       -3.32828798137712       -0.25014541163423      C
        6.45521710477463       -4.51810255442529       -0.08542373740588      C
        1.96696947280457       -4.57715533528004       -0.74036998781454      O
        6.90581754558332       -5.35694076139873       -1.90668449562446      H
        6.39299233591516       -6.03375803009227        1.30006261267800      H
        7.92193420482447       -3.17690743110776        0.43052760988590      H
       -0.22134858129860        4.65996288340469       -0.68334678461145      N
       -0.19598320772313        7.39495497362995       -0.77952889140920      C
       -1.87039246765427        3.72477098632684       -0.89207832783487      H
        1.73832957425238        8.00278344471757       -0.47280891619000      H
       -0.83325196306081        8.06789019044171       -2.61441031923543      H
       -1.39661069849837        8.19556592808194        0.68556644912371      H
$end
