$coord
       -2.62033205038189       -0.13194067859808        0.92243957615000      C
       -2.91608741826142        1.24776159910465        2.42304086265636      H
       -5.08249591316739       -0.77228760680932        0.04108075640280      O
       -0.96891739038832        1.00442912387750       -1.14547261325770      C
       -0.62170100045804       -0.41492527727157       -2.60981950390465      H
       -2.03949637754750        2.51780495904218       -2.04726315195365      H
        1.55359487645089        2.04951381577791       -0.18688824536399      C
        1.19661805104426        3.54423616428488        1.19645175514455      H
        2.56462292398442        2.91118357894658       -1.76379289366400      H
       -4.88498551721044       -1.98041409000284       -1.30052086300870      H
       -1.71054419069156       -1.78285078171415        1.77663547246310      H
        3.28260925036527        0.08835036589079        1.03200589733471      C
        5.06131397294386        0.97814681282135        1.55847792877824      H
        2.43863299297881       -0.66435211927728        2.76211064322776      H
        3.95053295203369       -1.91040162650554       -0.64801165740622      O
        2.48560969491622       -2.95717384384261       -0.87238262061599      H
$end
