$coord
   -5.26310506036364     -4.67097665863636     -0.04675594424242      n
   -2.80718881736364     -5.45307944363636     -0.44003437924242      c
   -1.24153571736364     -3.38072466463636     -0.60222578124242      c
   -2.82442122936364     -1.20019818963636     -0.28883551224242      c
   -2.28710976936364      1.41253318536364     -0.28588754024242      c
   -4.28779480036364      3.06983799636364      0.06008160475758      c
   -6.78998854336364      2.17277184036364      0.39544560675758      c
   -7.33782199736364     -0.38223029463636      0.39376564075758      c
   -5.32340432736364     -2.06862365863636      0.04822546375758      c
   -6.76571123336364     -5.81694240363636      0.10128518975758      h
   -2.36151773036364     -7.43547003763636     -0.59015799124242      h
   -0.36609558536364      2.05948843636364     -0.53570742624242      h
   -8.27014855036364      3.55713974836364      0.65593299675758      h
   -9.25973758036364     -1.03401946563636      0.65049625475758      h
   -4.05560983736364      5.64520004036364      0.11508963875758      o
   -1.56847532036364      6.60239538736364     -0.21586563324242      c
   -0.79810206436364      6.06758025536364     -2.05338605324242      h
   -0.29742294336364      5.92568450936364      1.26072090275758      h
   -1.73343328236364      8.64494162836364     -0.10553020224242      h
    1.55916859163636     -3.29835528763636     -0.96800870324242      c
    2.90753910863636     -2.43306676463636      1.45569905075758      c
    5.50465945763636     -1.64632092263636      1.01786843575758      n
    6.03678361963636      0.69509304336364      0.09825028975758      c
    8.80137337463636      1.23377833436364     -0.41245004824242      c
    2.01939245963636     -1.95102412063636     -2.46251173024242      h
    2.27999701263636     -5.14236502763636     -1.55184710624242      h
    2.90697408063636     -3.94529164263636      2.85384683975758      h
    1.90389807663636     -0.82819617963636      2.25785749775758      h
    6.90989749863636     -2.91116177063636      1.16455085675758      h
    4.39159195163636      2.28009882836364     -0.28985974424242      o
    9.05078508063636      1.52786883136364     -2.43341184024242      h
   10.05245323863636     -0.27583116263636      0.20963451975758      h
    9.31411083863636      2.97946563036364      0.54372484675758      h
$user-defined bonds
$end
