$coord
        0.00000000000000        2.64943211210358        0.00000000000000      N
       -2.13790708719172        1.31587692844748        0.00000000000000      C
       -2.13790708719172       -1.31587692844748        0.00000000000000      C
        0.00000000000000       -2.64943211210358        0.00000000000000      N
        2.13790708719172       -1.31587692844748        0.00000000000000      C
        2.13790708719172        1.31587692844748        0.00000000000000      C
       -3.89656393006597        2.37006791735748        0.00000000000000      H
       -3.89656393006597       -2.37006791735748        0.00000000000000      H
        3.89656393006597       -2.37006791735748        0.00000000000000      H
        3.89656393006597        2.37006791735748        0.00000000000000      H
$end
