$coord
       -1.01831089334425       -4.23982409036933        2.50538638239534      H
       -1.24490045865913       -2.58549878760585        1.32297496040360      C
       -1.50437693709905        3.48022333572280        0.00000000000000      H
       -1.24490045865913       -0.08441531282331        2.18357349050618      C
       -1.24490045865913       -2.58549878760585       -1.32297496040360      C
       -4.21844772467251        1.51201821360355        0.00000000000000      H
       -2.13699695278907        1.52161424560085        0.00000000000000      C
        2.72307955921995        0.98302513896045        1.31316160983999      C
       -1.48852968929886        0.45854473158980        4.14172715650220      H
        2.72307955921995        0.98302513896045       -1.31316160983999      C
       -1.01831089334425       -4.23982409036933       -2.50538638239534      H
       -1.24490045865913       -0.08441531282331       -2.18357349050618      C
       -1.48852968929886        0.45854473158980       -4.14172715650220      H
        2.59082514894753        2.75219857969879       -2.33660544544391      H
        3.61264759907415       -0.54095815691410        2.34543613814250      H
        2.59082514894753        2.75219857969879        2.33660544544391      H
        3.61264759907415       -0.54095815691410       -2.34543613814250      H
$end
