$coord
    1.85410440602209      0.61346570231318      0.00000000000000      c
    1.99328037612136      2.64604234828800      0.00000000000000      h
    3.46899922854776     -0.62472552709259      0.00000000000000      h
   -0.41234657286583     -0.41324875670384      0.00000000000000      n
   -0.38000084194593     -2.34752591869420      0.00000000000000      h
   -2.58969357758698      0.75195096321670      0.00000000000000      n
   -3.93434301829246     -0.62595881132726      0.00000000000000      h
$user-defined bonds
$redundant
     number_of_atoms             7
     degrees_of_freedom         11
     internal_coordinates       11
     frozen_coordinates          0
# definitions of redundant internals
   1 k  1.0000000000000 stre    1    3           val=   2.03495
   2 k  1.0000000000000 stre    1    2           val=   2.03734
   3 k  1.0000000000000 stre    4    5           val=   1.93455
   4 k  1.0000000000000 stre    4    1           val=   2.48816
   5 k  1.0000000000000 stre    4    6           val=   2.46952
   6 k  1.0000000000000 stre    6    7           val=   1.92528
   7 k  0.8164962209708 bend    2    3    1      val=   2.67114
       -0.4089120798801 bend    4    3    1
       -0.4075841410907 bend    4    2    1
   8 k  0.7071067811865 bend    1    5    4      val=  -2.84930
       -0.7071067811865 bend    6    5    4
   9 k  0.0007666858175 bend    2    3    1      val=  -0.06566
        0.7067231265459 bend    4    3    1
       -0.7074898123634 bend    4    2    1
  10 k  1.0000000000000 bend    4    7    6      val= 106.14677
  11 k  1.0000000000000 bend    6    1    4      val= 127.47591
        11 non zero eigenvalues  of BmBt
           1           4.188161683    1    0
         1
           2           3.879750657    2    0
         2
           3           2.695361329    3    0
         3
           4           2.592483131    4    0
         4
           5           1.871619598    5    0
         5
           6           1.198932547    6    0
         6
           7           0.919091606    7    0
         7
           8           0.584018052    8    0
         8
           9           0.378360750    9    0
         9
          10           0.277331675   10    0
        10
          11           0.128242384   11    0
        11
$end
