$coord
    3.77681837075714     -1.45795327392143     -1.64433332528571      c
    4.88325424625714     -3.21272230812143     -1.70985055108571      h
    4.94637828415714      0.02289633047857     -0.78358658118571      h
    3.37079431985714     -0.87141780462143     -3.59280036448571      h
    1.34432860105714     -1.85981760802143     -0.14919300238571      c
    1.74900266095714     -2.51126804102143      1.78809352861429      h
    0.15961077265714     -3.34907692292143     -0.99113409118571      h
   -0.24687804064286      0.51212367447857      0.07242321271429      c
    0.35850407355714      2.61241263867857     -0.62994451798571      o
   -2.50039052094286     -0.00790408102143      1.20569194511429      o
   -4.14547157804286      2.14504614587857      1.53974128821429      c
   -5.84371914534286      1.40400419337857      2.45883764131429      h
   -3.23575065764286      3.58039125657857      2.73012655631429      h
   -4.61648138664286      2.99328580017857     -0.29407173868571      h
$redundant
     number_of_atoms            14
     degrees_of_freedom         36
     internal_coordinates       36
     frozen_coordinates          0
# definitions of redundant internals
   1 k  1.0000000000000 tors    3    1    5    8 val=  58.50435
        1.0000000000000 tors    4    1    5    8
        1.0000000000000 tors    2    1    5    8
   2 k  1.0000000000000 stre    1    3           val=   2.07405
   3 k  1.0000000000000 stre    1    4           val=   2.07495
   4 k  1.0000000000000 stre    1    2           val=   2.07550
   5 k  0.4054345827068 bend    4    3    1      val=   1.28081
        0.4257841970502 bend    2    3    1
        0.4232730579293 bend    2    4    1
       -0.4013499056729 bend    5    3    1
       -0.4016229673697 bend    5    4    1
       -0.3908807751941 bend    5    2    1
   6 k  0.6947663277501 bend    4    3    1      val=  -0.06531
       -0.3232958869216 bend    2    3    1
       -0.3485075266896 bend    2    4    1
        0.2219559565450 bend    5    3    1
        0.2048637750689 bend    5    4    1
       -0.4473124301689 bend    5    2    1
   7 k  0.0171828350831 bend    4    3    1      val=  -0.01452
       -0.6486999136029 bend    2    3    1
        0.6343465482528 bend    2    4    1
       -0.2943668645846 bend    5    3    1
        0.2996485043724 bend    5    4    1
       -0.0075200965323 bend    5    2    1
   8 k -0.4398624824389 bend    4    3    1      val=   0.74665
        0.2103749522060 bend    2    3    1
        0.2313495122113 bend    2    4    1
        0.3614735214313 bend    5    3    1
        0.3287952303905 bend    5    4    1
       -0.6855445784215 bend    5    2    1
   9 k -0.0096339572423 bend    4    3    1      val=   0.12382
        0.3016942000800 bend    2    3    1
       -0.2921996554024 bend    2    4    1
       -0.6309220098824 bend    5    3    1
        0.6519596307571 bend    5    4    1
       -0.0198296545013 bend    5    2    1
  10 k  1.0000000000000 stre    5    7           val=   2.08094
  11 k  1.0000000000000 stre    5    6           val=   2.08356
  12 k  0.0845354484410 bend    6    7    5      val=   1.40732
        0.4974527822638 bend    8    7    5
        0.4895378831695 bend    8    6    5
       -0.5069686888861 bend    1    7    5
       -0.4987282795330 bend    1    6    5
  13 k  0.0175292746713 bend    6    7    5      val=   0.49589
       -0.4657445022715 bend    8    7    5
        0.4625024774652 bend    8    6    5
       -0.5327225719244 bend    1    7    5
        0.5339221879958 bend    1    6    5
  14 k  0.9024635168187 bend    6    7    5      val=   1.54696
       -0.2439336040367 bend    8    7    5
       -0.2594488724583 bend    8    6    5
       -0.1625089976635 bend    1    7    5
       -0.1798140870217 bend    1    6    5
  15 k  0.0009406801548 bend    6    7    5      val=  -0.06164
       -0.5294362426864 bend    8    7    5
        0.5373421341112 bend    8    6    5
        0.4601378407892 bend    1    7    5
       -0.4682232143257 bend    1    6    5
  16 k  1.0000000000000 stre    8    9           val=   2.29587
  17 k  0.7071077629663 bend   10    9    8      val=  -1.29745
       -0.7071057994054 bend    5    9    8
  18 k  1.0000000000000 outp    9    5   10    8 val=  -0.36164
  19 k  1.0000000000000 tors   12   11   10    8 val=  59.93108
        1.0000000000000 tors   14   11   10    8
        1.0000000000000 tors   13   11   10    8
  20 k  1.0000000000000 stre   11   12           val=   2.06831
  21 k  1.0000000000000 stre   11   14           val=   2.07466
  22 k  1.0000000000000 stre   11   13           val=   2.07481
  23 k -0.3948034586840 bend   14   12   11      val=   0.68157
       -0.3954464939805 bend   13   12   11
       -0.4199782046854 bend   13   14   11
        0.4096972612589 bend   10   12   11
        0.4145420559061 bend   10   14   11
        0.4143351843629 bend   10   13   11
  24 k  0.3643137459905 bend   14   12   11      val=   1.55726
        0.3634746596028 bend   13   12   11
       -0.6886598969743 bend   13   14   11
        0.4173205439777 bend   10   12   11
       -0.2080620878496 bend   10   14   11
       -0.2084776817361 bend   10   13   11
  25 k  0.6405420312821 bend   14   12   11      val=   0.00942
       -0.6405410453839 bend   13   12   11
        0.0006938256183 bend   13   14   11
       -0.0004428530676 bend   10   12   11
        0.2995091663277 bend   10   14   11
       -0.2995106961568 bend   10   13   11
  26 k  0.2160259617814 bend   14   12   11      val=   2.61542
        0.2167477260234 bend   13   12   11
       -0.4089694795987 bend   13   14   11
       -0.7052317578317 bend   10   12   11
        0.3483913619915 bend   10   14   11
        0.3469420679193 bend   10   13   11
  27 k -0.2997837673876 bend   14   12   11      val=  -0.01184
        0.2992358403384 bend   13   12   11
        0.0004560901848 bend   13   14   11
        0.0008283658885 bend   10   12   11
        0.6401742923570 bend   10   14   11
       -0.6409084067672 bend   10   13   11
  28 k  1.0000000000000 tors    1    5    8   10 val= 174.08499
  29 k  1.0000000000000 stre    5    1           val=   2.88339
  30 k  1.0000000000000 bend    8    1    5      val= 113.15950
  31 k  1.0000000000000 tors   11   10    8    5 val= 179.13672
  32 k  1.0000000000000 stre   10   11           val=   2.73003
  33 k  1.0000000000000 bend    8   11   10      val= 114.95241
  34 k  1.0000000000000 stre    8   10           val=   2.57547
  35 k  1.0000000000000 stre    8    5           val=   2.86481
  36 k  1.0000000000000 bend    5   10    8      val= 110.66229
        36 non zero eigenvalues  of BmBt
           1           4.982973435    1    0
         1
           2           4.129223710    2    0
         2
           3           4.017410855    3    0
         3
           4           3.808962243    4    0
         4
           5           3.472518107    5    0
         5
           6           3.383800444    6    0
         6
           7           3.213626173    7    0
         7
           8           3.027822283    8    0
         8
           9           2.930540825    9    0
         9
          10           2.515900739   10    0
        10
          11           2.332394511   11    0
        11
          12           1.820695309   12    0
        12
          13           1.186165471   13    0
        13
          14           1.079350780   14    0
        14
          15           0.983700821   15    0
        15
          16           0.878666749   16    0
        16
          17           0.765421964   17    0
        17
          18           0.740136822   18    0
        18
          19           0.707325202   19    0
        19
          20           0.706204540   20    0
        20
          21           0.696147825   21    0
        21
          22           0.686430148   22    0
        22
          23           0.564374253   23    0
        23
          24           0.468043878   24    0
        24
          25           0.371253657   25    0
        25
          26           0.349225635   26    0
        26
          27           0.307306388   27    0
        27
          28           0.293704431   28    0
        28
          29           0.261943305   29    0
        29
          30           0.245353633   30    0
        30
          31           0.166357840   31    0
        31
          32           0.089951177   32    0
        32
          33           0.075620756   33    0
        33
          34           0.063854145   34    0
        34
          35           0.044788015   35    0
        35
          36           0.020167686   36    0
        36
$user-defined bonds
$end
