$coord
   -0.65891084099231     -0.06523357813461      0.01408882037308      c
   -2.97986343149231     -0.19677517783462      0.07561847067308      o
    0.72456918400769     -0.13479769443462     -2.21455954882692      n
    2.59255245200769     -0.55328705503462     -2.07053230922692      h
    0.82303903160769      0.16535647876538      2.16821908257308      n
    2.61850637860769      0.80168032126538      1.92647727717308      h
   -0.48412673089231     -0.72679223223462     -4.61650234682692      c
   -0.27023498429231     -2.75554679383461     -5.07779900612692      h
   -2.51266676029231     -0.38650954233462     -4.33877922982692      h
   -0.32080736439231      0.64268960016538      4.62711819917308      c
   -0.35764556089231      2.69111467506538      5.04853801037308      h
   -2.29734746169231      0.02870160306539      4.47262135527308      h
    1.03746789170769     -0.76763529993462      6.75607654537308      c
    3.04708998810769     -0.20869571293461      6.78964509277308      h
    1.00367778310769     -2.80570053653462      6.33495085537308      h
    0.54620916000769      0.88284227086538     -6.78847781082692      c
    2.60685234310769      0.59903031806538     -6.94815775012692      h
    0.26629639240769      2.89180988606538     -6.32155675292692      h
   -0.71449216019231      0.25319164676538     -9.31373589872692      c
    0.05881624780769      1.41300552936538    -10.85275173572692      h
   -0.42998504629231     -1.74214443223461     -9.82550254152692      h
   -2.76370803339231      0.59364048416538     -9.23518262632692      h
   -0.15011208449231     -0.25563426113461      9.34242359927308      c
    0.85780398050769     -1.26877349893462     10.84872267737308      h
   -0.10638144999231      1.77054019306538      9.80840818037308      h
   -2.13659892369231     -0.86607719113462      9.39062939087308      h
$redundant
     number_of_atoms            26
     degrees_of_freedom         72
     internal_coordinates       72
     frozen_coordinates          0
# definitions of redundant internals
   1 k  1.0000000000000 stre    1    2           val=   2.32549
   2 k  0.7071067812461 bend    3    2    1      val=   0.01451
       -0.7071067811270 bend    5    2    1
   3 k  1.0000000000000 outp    2    5    3    1 val=  -0.02925
   4 k  1.0000000000000 stre    3    4           val=   1.91970
   5 k  0.7097792614464 bend    1    4    3      val=   0.74164
       -0.7044241620080 bend    7    4    3
   6 k  1.0000000000000 outp    4    7    1    3 val= -23.81749
   7 k  1.0000000000000 stre    5    6           val=   1.92017
   8 k  0.7100004081794 bend    1    6    5      val=   0.80923
       -0.7042012641178 bend   10    6    5
   9 k  1.0000000000000 outp    6   10    1    5 val= -24.55884
  10 k  1.0000000000000 stre    7    9           val=   2.07555
  11 k  1.0000000000000 stre    7    8           val=   2.09150
  12 k  0.0278491187307 bend    8    9    7      val=   0.74356
        0.4763598684212 bend    3    9    7
        0.5239318247367 bend    3    8    7
       -0.5079541437201 bend   16    9    7
       -0.4896771724813 bend   16    8    7
  13 k  0.0124305438295 bend    8    9    7      val=   1.19498
        0.5264965402799 bend    3    9    7
       -0.4803550706476 bend    3    8    7
        0.4862327143885 bend   16    9    7
       -0.5054538833711 bend   16    8    7
  14 k  0.9027915667457 bend    8    9    7      val=   1.58743
       -0.2431035372338 bend    3    9    7
       -0.2104434576030 bend    3    8    7
       -0.1897089426563 bend   16    9    7
       -0.2135231262080 bend   16    8    7
  15 k -0.0222650447411 bend    8    9    7      val=   2.43722
       -0.4927480489280 bend    3    9    7
        0.4986359640403 bend    3    8    7
        0.5204773649219 bend   16    9    7
       -0.4870001191272 bend   16    8    7
  16 k  1.0000000000000 stre   10   12           val=   2.07547
  17 k  1.0000000000000 stre   10   11           val=   2.09165
  18 k  0.0269147881625 bend   11   12   10      val=   0.72611
        0.4763237406251 bend    5   12   10
        0.5240807514880 bend    5   11   10
       -0.5082382348609 bend   13   12   10
       -0.4893102807425 bend   13   11   10
  19 k  0.0116087698961 bend   11   12   10      val=   1.18098
        0.5270642341784 bend    5   12   10
       -0.4802628738141 bend    5   11   10
        0.4858585438294 bend   13   12   10
       -0.5053291768098 bend   13   11   10
  20 k  0.9026602246525 bend   11   12   10      val=   1.50581
       -0.2424918794173 bend    5   12   10
       -0.2104587492004 bend    5   11   10
       -0.1898117993270 bend   13   12   10
       -0.2146643961355 bend   13   11   10
  21 k -0.0223904035833 bend   11   12   10      val=   2.46177
       -0.4923089416803 bend    5   12   10
        0.4986055679742 bend    5   11   10
        0.5206769804824 bend   13   12   10
       -0.4872561393660 bend   13   11   10
  22 k  1.0000000000000 stre   13   15           val=   2.08139
  23 k  1.0000000000000 stre   13   14           val=   2.08617
  24 k  0.0193356891767 bend   14   15   13      val=   0.32995
       -0.5067398910527 bend   23   15   13
       -0.4956163877419 bend   23   14   13
        0.4952774589269 bend   10   15   13
        0.5019018318562 bend   10   14   13
  25 k  0.0085835252884 bend   14   15   13      val=   0.02424
       -0.5050276673978 bend   23   15   13
        0.5103682752512 bend   23   14   13
       -0.4985098349242 bend   10   15   13
        0.4856804982262 bend   10   14   13
  26 k  0.9036437893422 bend   14   15   13      val=   1.38311
       -0.1958655721294 bend   23   15   13
       -0.2133581099185 bend   23   14   13
       -0.2224389107950 bend   10   15   13
       -0.2237494749360 bend   10   14   13
  27 k -0.0061697190637 bend   14   15   13      val=   0.66781
        0.4936681731113 bend   23   15   13
       -0.4904750185410 bend   23   14   13
       -0.5039284817700 bend   10   15   13
        0.5116092364997 bend   10   14   13
  28 k  1.0000000000000 stre   16   18           val=   2.08142
  29 k  1.0000000000000 stre   16   17           val=   2.08622
  30 k  0.0196087446504 bend   17   18   16      val=   0.33394
       -0.5065583286970 bend   19   18   16
       -0.4958486545881 bend   19   17   16
        0.4952002545791 bend    7   18   16
        0.5019212850328 bend    7   17   16
  31 k  0.0080675697652 bend   17   18   16      val=   0.00752
       -0.5052807614462 bend   19   18   16
        0.5104401618836 bend   19   17   16
       -0.4982691817529 bend    7   18   16
        0.4855974980187 bend    7   17   16
  32 k  0.9036465084291 bend   17   18   16      val=   1.38679
       -0.1960260565811 bend   19   18   16
       -0.2129143746164 bend   19   17   16
       -0.2227354717608 bend    7   18   16
       -0.2237256168757 bend    7   17   16
  33 k -0.0060676481905 bend   17   18   16      val=   0.65628
        0.4935877529712 bend   19   18   16
       -0.4902347874316 bend   19   17   16
       -0.5042613668501 bend    7   18   16
        0.5115903056710 bend    7   17   16
  34 k  1.0000000000000 tors   20   19   16    7 val=  60.52100
        1.0000000000000 tors   22   19   16    7
        1.0000000000000 tors   21   19   16    7
  35 k  1.0000000000000 stre   19   20           val=   2.07647
  36 k  1.0000000000000 stre   19   22           val=   2.07879
  37 k  1.0000000000000 stre   19   21           val=   2.07947
  38 k  0.4215181611780 bend   22   20   19      val=   1.57132
        0.4220592728462 bend   21   20   19
        0.4186476899291 bend   21   22   19
       -0.3955147102128 bend   16   20   19
       -0.3953035088237 bend   16   22   19
       -0.3952540596068 bend   16   21   19
  39 k -0.3527456398235 bend   22   20   19      val=   0.04008
       -0.3272939170782 bend   21   20   19
        0.6833659773549 bend   21   22   19
       -0.4487382858285 bend   16   20   19
        0.2156560390459 bend   16   22   19
        0.2314877320242 bend   16   21   19
  40 k  0.6313014245686 bend   22   20   19      val=   0.07689
       -0.6458107935645 bend   21   20   19
        0.0157494244223 bend   21   22   19
       -0.0078740899320 bend   16   20   19
        0.3074332973069 bend   16   22   19
       -0.2992685287468 bend   16   21   19
  41 k  0.2272678427993 bend   22   20   19      val=   0.03699
        0.2198795717297 bend   21   20   19
       -0.4488361610116 bend   21   22   19
       -0.6816808428578 bend   16   20   19
        0.3376971952671 bend   16   22   19
        0.3461505957284 bend   16   21   19
  42 k  0.3026402826941 bend   22   20   19      val=   0.09189
       -0.3042213196330 bend   21   20   19
        0.0019018907239 bend   21   22   19
        0.0062812747728 bend   16   20   19
       -0.6418153057453 bend   16   22   19
        0.6355220607356 bend   16   21   19
  43 k  1.0000000000000 tors   24   23   13   10 val=  60.51097
        1.0000000000000 tors   26   23   13   10
        1.0000000000000 tors   25   23   13   10
  44 k  1.0000000000000 stre   23   24           val=   2.07636
  45 k  1.0000000000000 stre   23   26           val=   2.07872
  46 k  1.0000000000000 stre   23   25           val=   2.07953
  47 k  0.4217173253074 bend   26   24   23      val=   1.57280
        0.4221619820011 bend   25   24   23
        0.4183826757699 bend   25   26   23
       -0.3953932600287 bend   13   24   23
       -0.3953555293211 bend   13   26   23
       -0.3952820138372 bend   13   25   23
  48 k -0.3526204905971 bend   26   24   23      val=   0.03929
       -0.3270613372658 bend   25   24   23
        0.6834818544008 bend   25   26   23
       -0.4489323780327 bend   13   24   23
        0.2155720280503 bend   13   26   23
        0.2313669091680 bend   13   25   23
  49 k  0.6312577859253 bend   26   24   23      val=   0.07612
       -0.6458298003787 bend   25   24   23
        0.0157374952386 bend   25   26   23
       -0.0079273821379 bend   13   24   23
        0.3075033723864 bend   13   26   23
       -0.2992467885853 bend   13   25   23
  50 k  0.2271620634740 bend   26   24   23      val=   0.05362
        0.2200318506138 bend   25   24   23
       -0.4489066170100 bend   25   26   23
       -0.6815855724144 bend   13   24   23
        0.3379120654016 bend   13   26   23
        0.3460097894148 bend   13   25   23
  51 k  0.3026990467705 bend   26   24   23      val=   0.09372
       -0.3042130551188 bend   25   24   23
        0.0017892320424 bend   25   26   23
        0.0060692030585 bend   13   24   23
       -0.6416662094402 bend   13   26   23
        0.6356509602487 bend   13   25   23
  52 k  1.0000000000000 tors   19   16    7    3 val= 179.74202
  53 k  1.0000000000000 stre   16   19           val=   2.89184
  54 k  1.0000000000000 bend    7   19   16      val= 112.28278
  55 k  1.0000000000000 tors   23   13   10    5 val= 179.63105
  56 k  1.0000000000000 stre   13   23           val=   2.89166
  57 k  1.0000000000000 bend   10   23   13      val= 112.27995
  58 k  1.0000000000000 tors   13   10    5    1 val= 142.74478
  59 k  1.0000000000000 stre   10   13           val=   2.89247
  60 k  1.0000000000000 bend    5   13   10      val= 112.18934
  61 k  1.0000000000000 tors   16    7    3    1 val= 140.88524
  62 k  1.0000000000000 stre    7   16           val=   2.89309
  63 k  1.0000000000000 bend    3   16    7      val= 112.26976
  64 k  1.0000000000000 tors    7    3    1    5 val= 171.24525
  65 k  1.0000000000000 stre    3    7           val=   2.75331
  66 k  1.0000000000000 bend    1    7    3      val= 121.00900
  67 k  1.0000000000000 tors   10    5    1    3 val= 170.82040
  68 k  1.0000000000000 stre    5   10           val=   2.75362
  69 k  1.0000000000000 bend    1   10    5      val= 120.90000
  70 k  1.0000000000000 stre    1    3           val=   2.62407
  71 k  1.0000000000000 stre    1    5           val=   2.62481
  72 k  1.0000000000000 bend    5    3    1      val= 113.68279
        72 non zero eigenvalues  of BmBt
           1           5.178857733    1    0
         1
           2           5.132586285    2    0
         2
           3           4.513349534    3    0
         3
           4           4.456968547    4    0
         4
           5           4.319948496    5    0
         5
           6           4.167718140    6    0
         6
           7           3.953285939    7    0
         7
           8           3.940083133    8    0
         8
           9           3.761091572    9    0
         9
          10           3.632732704   10    0
        10
          11           3.509417376   11    0
        11
          12           3.363749260   12    0
        12
          13           3.158602924   13    0
        13
          14           3.080555826   14    0
        14
          15           3.005796682   15    0
        15
          16           2.817339866   16    0
        16
          17           2.642665604   17    0
        17
          18           2.514772860   18    0
        18
          19           2.406068528   19    0
        19
          20           2.311951059   20    0
        20
          21           2.262002369   21    0
        21
          22           2.148570488   22    0
        22
          23           1.930811674   23    0
        23
          24           1.809515552   24    0
        24
          25           1.472435727   25    0
        25
          26           1.154263493   26    0
        26
          27           0.883113717   27    0
        27
          28           0.877191366   28    0
        28
          29           0.857690497   29    0
        29
          30           0.779439806   30    0
        30
          31           0.773465182   31    0
        31
          32           0.756357660   32    0
        32
          33           0.755564102   33    0
        33
          34           0.741938368   34    0
        34
          35           0.733330116   35    0
        35
          36           0.684715640   36    0
        36
          37           0.680519206   37    0
        37
          38           0.680449308   38    0
        38
          39           0.679442937   39    0
        39
          40           0.654344784   40    0
        40
          41           0.563213955   41    0
        41
          42           0.498691981   42    0
        42
          43           0.447051222   43    0
        43
          44           0.443038505   44    0
        44
          45           0.435960827   45    0
        45
          46           0.402647255   46    0
        46
          47           0.347627721   47    0
        47
          48           0.340609095   48    0
        48
          49           0.330542458   49    0
        49
          50           0.307017240   50    0
        50
          51           0.299659963   51    0
        51
          52           0.294958311   52    0
        52
          53           0.285221133   53    0
        53
          54           0.259567870   54    0
        54
          55           0.256677261   55    0
        55
          56           0.216146852   56    0
        56
          57           0.215022950   57    0
        57
          58           0.168498105   58    0
        58
          59           0.168314302   59    0
        59
          60           0.133378698   60    0
        60
          61           0.104347282   61    0
        61
          62           0.100751104   62    0
        62
          63           0.083749225   63    0
        63
          64           0.063630828   64    0
        64
          65           0.053570936   65    0
        65
          66           0.052574331   66    0
        66
          67           0.030856739   67    0
        67
          68           0.023149043   68    0
        68
          69           0.022846659   69    0
        69
          70           0.011105949   70    0
        70
          71           0.007049316   71    0
        71
          72           0.003418122   72    0
        72
$user-defined bonds
$end
