$coord
        1.04775658162499        0.29044386974999        0.07305480075000      C
        2.37726968862500        2.12974826875001        0.52612164375000      O
        1.94047388862500       -1.98142782825000       -0.47169875924999      O
        3.81836863462500       -1.91943562624999       -0.44406524825001      H
       -1.78063144637499        0.37625491175000        0.08098657975000      C
       -2.41854658837500        2.27526735375000        0.50061728174999      H
       -2.48826103737500       -0.22875857424999       -1.75063576125000      H
       -2.49642972137500       -0.94209237524999        1.48561946275001      H
$end
