$coord
    5.56134878736681      0.35592448667166      0.60116825070616       c
    3.45452034699384      0.22090269903939     -0.99805215392706       c
    3.84361312252792     -0.07859466254051     -3.60133697479766       c
    6.27632538336369     -0.23028798237482     -4.56409712063599       c
    8.36417184582524     -0.09370564637106     -2.97243219384701       c
    7.98286201707257      0.19704455338888     -0.38854676149234       c
    0.34887760993361      0.42944590420585      0.24025222701621       p
   -0.06319983249855      0.70958362584119      2.80305002081896       h
   -1.70525326560437      0.32280774413123     -1.37010475413495       h
    2.24822296397521     -0.19902296782727     -4.87463650998961       h
    6.53968417809132     -0.46568783890019     -6.57860570654648       h
   10.25624465155265     -0.21442346637082     -3.73370012634015       h
    9.58457428177268      0.31244872116853      0.87709082726351       h
    5.30541485743667      0.59494318110415      2.61591632834268       h
$end
