$coord
       -1.42532370854746        2.20845904426473        0.00000000000000      C
        1.25417023200918        2.38707896638721        0.00000000000000      C
        2.60816360576295        0.20579372682329        0.00000000000000      C
        1.40380579338350       -2.06669485019759        0.00000000000000      N
        2.41570031861653       -3.68273379936671        0.00000000000000      H
       -1.21216619708614       -2.42502930455937        0.00000000000000      C
       -2.10065502553871       -4.56343516932941        0.00000000000000      O
       -2.61208571666943       -0.07686186495219        0.00000000000000      C
       -2.54442898349909        3.91836589559348        0.00000000000000      H
        2.21177612084907        4.18304206127384        0.00000000000000      H
        4.64631022068524        0.14432510211116        0.00000000000000      H
       -4.64526665996567       -0.23230980804844        0.00000000000000      H
$end
