$coord
   -3.32257971089375     -1.70945995551875     -2.65595288786250      c
   -2.54226749769375     -3.62774014671875     -2.84422401476250      h
   -2.82746565209375     -0.66241922991875     -4.38283039606250      h
   -5.39203745619375     -1.87369557591875     -2.58840443706250      h
   -2.28711431829375     -0.38797928451875     -0.30083327636250      c
   -3.15694238339375      1.49929235868125     -0.12235205226250      h
   -2.86369618279375     -1.44659650521875      1.40108121813750      h
    0.59597790650625     -0.11613007591875     -0.33297159736250      c
    1.18797033910625      0.95191808098125     -2.01910011156250      h
    1.48218277520625     -1.99097347981875     -0.52211831726250      h
    1.63670845670625      1.18540209208125      2.02069376713750      c
    1.13068726500625      0.14751194958125      3.76536500413750      h
    0.78679589400625      3.07889067388125      2.29242562463750      h
    4.46439557710625      1.54783780268125      2.06782848903750      c
    5.20083866040625      2.48539116348125      3.82357660293750      h
    5.90654632730625      0.91875013218125      0.39781638453750      o
$redundant
     number_of_atoms            16
     degrees_of_freedom         42
     internal_coordinates       42
     frozen_coordinates          0
# definitions of redundant internals
   1 k  1.0000000000000 tors    4    1    5    8 val=  60.21297
        1.0000000000000 tors    3    1    5    8
        1.0000000000000 tors    2    1    5    8
   2 k  1.0000000000000 stre    1    4           val=   2.07706
   3 k  1.0000000000000 stre    1    3           val=   2.07931
   4 k  1.0000000000000 stre    1    2           val=   2.07945
   5 k  0.4240861777587 bend    3    4    1      val=   1.56584
        0.4237789443098 bend    2    4    1
        0.4141775867795 bend    2    3    1
       -0.3943393555314 bend    5    4    1
       -0.3959253330031 bend    5    3    1
       -0.3959278345465 bend    5    2    1
   6 k -0.3343560242281 bend    3    4    1      val=   0.19286
       -0.3386535033917 bend    2    4    1
        0.6854892731248 bend    2    3    1
       -0.4516752436439 bend    5    4    1
        0.2246462301660 bend    5    3    1
        0.2216931566042 bend    5    2    1
   7 k -0.6416246456205 bend    3    4    1      val=   0.00514
        0.6391228759985 bend    2    4    1
        0.0028697594551 bend    2    3    1
       -0.0012873571342 bend    5    4    1
       -0.2993043343720 bend    5    3    1
        0.3004110286360 bend    5    2    1
   8 k  0.2221757880035 bend    3    4    1      val=  -0.01006
        0.2252579747696 bend    2    4    1
       -0.4511208692817 bend    2    3    1
       -0.6798762527052 bend    5    4    1
        0.3444482616847 bend    5    3    1
        0.3398682117471 bend    5    2    1
   9 k  0.3004914357736 bend    3    4    1      val=   0.00458
       -0.2992232629627 bend    2    4    1
       -0.0013524049885 bend    2    3    1
       -0.0028457740785 bend    5    4    1
       -0.6388702180043 bend    5    3    1
        0.6418763533941 bend    5    2    1
  10 k  1.0000000000000 stre    5    7           val=   2.08558
  11 k  1.0000000000000 stre    5    6           val=   2.08573
  12 k  0.0033692208428 bend    6    7    5      val=   0.05172
       -0.5002435136404 bend    1    7    5
       -0.5003122540488 bend    1    6    5
        0.4999831910980 bend    8    7    5
        0.4994492291312 bend    8    6    5
  13 k  0.0006379812465 bend    6    7    5      val=   0.01262
       -0.5020380589754 bend    1    7    5
        0.5016197417707 bend    1    6    5
       -0.4980750062678 bend    8    7    5
        0.4982532519887 bend    8    6    5
  14 k  0.9059487192424 bend    6    7    5      val=   1.87904
       -0.2098717833445 bend    1    7    5
       -0.2102118820365 bend    1    6    5
       -0.2128734180191 bend    8    7    5
       -0.2137910784161 bend    8    6    5
  15 k -0.0002305244514 bend    6    7    5      val=   0.02378
       -0.4979498969765 bend    1    7    5
        0.4983787838471 bend    1    6    5
        0.5018104876312 bend    8    7    5
       -0.5018472569159 bend    8    6    5
  16 k  1.0000000000000 stre    8    9           val=   2.08188
  17 k  1.0000000000000 stre    8   10           val=   2.08235
  18 k  0.0168675014508 bend   10    9    8      val=   0.30312
        0.4991850680915 bend   11    9    8
        0.4990343205347 bend   11   10    8
       -0.5008593079913 bend    5    9    8
       -0.5006340536922 bend    5   10    8
  19 k  0.0008342401164 bend   10    9    8      val=   0.00190
       -0.4942900209978 bend   11    9    8
        0.4938540434270 bend   11   10    8
       -0.5060219053522 bend    5    9    8
        0.5056942695739 bend    5   10    8
  20 k  0.9064672797175 bend   10    9    8      val=   1.85735
       -0.2185432957129 bend   11    9    8
       -0.2194120387961 bend   11   10    8
       -0.2025115087448 bend    5    9    8
       -0.2034781186216 bend    5   10    8
  21 k -0.0000278374323 bend   10    9    8      val=   0.00250
       -0.5057525707036 bend   11    9    8
        0.5059640547848 bend   11   10    8
        0.4939898687677 bend    5    9    8
       -0.4941545520101 bend    5   10    8
  22 k  1.0000000000000 stre   11   12           val=   2.09216
  23 k  1.0000000000000 stre   11   13           val=   2.09320
  24 k  0.0961882979319 bend   13   12   11      val=   1.53636
        0.4944391720312 bend   14   12   11
        0.4921985795221 bend   14   13   11
       -0.5030469566296 bend    8   12   11
       -0.5009611105107 bend    8   13   11
  25 k  0.0050145246066 bend   13   12   11      val=   0.15171
       -0.4552234022913 bend   14   12   11
        0.4543248625258 bend   14   13   11
       -0.5413007284302 bend    8   12   11
        0.5415985129606 bend    8   13   11
  26 k  0.9075927261651 bend   13   12   11      val=   3.12345
       -0.2482402554939 bend   14   12   11
       -0.2528258724181 bend   14   13   11
       -0.1568062031896 bend    8   12   11
       -0.1616883169613 bend    8   13   11
  27 k  0.0004490434743 bend   13   12   11      val=  -0.02888
       -0.5404511882904 bend   14   12   11
        0.5424584197114 bend   14   13   11
        0.4536555465001 bend    8   12   11
       -0.4559033005466 bend    8   13   11
  28 k  1.0000000000000 tors   16   14   11    8 val=  90.82616
        1.0000000000000 tors   15   14   11    8
  29 k  1.0000000000000 stre   14   16           val=   2.29445
  30 k  1.0000000000000 stre   14   15           val=   2.12226
  31 k  0.8155077378817 bend   15   16   14      val=   0.48602
       -0.3729630636400 bend   11   16   14
       -0.4425445543845 bend   11   15   14
  32 k  0.0401755361961 bend   15   16   14      val=  -5.21032
       -0.7263341858019 bend   11   16   14
        0.6861665809604 bend   11   15   14
  33 k  1.0000000000000 outp   16   11   15   14 val=   0.11904
  34 k  1.0000000000000 tors    1    5    8   11 val= 180.37697
  35 k  1.0000000000000 stre    5    1           val=   2.89225
  36 k  1.0000000000000 bend    8    1    5      val= 112.97093
  37 k  1.0000000000000 tors   14   11    8    5 val= 181.10180
  38 k  1.0000000000000 stre   11   14           val=   2.85121
  39 k  1.0000000000000 bend    8   14   11      val= 115.38893
  40 k  1.0000000000000 stre    8   11           val=   2.88389
  41 k  1.0000000000000 stre    8    5           val=   2.89606
  42 k  1.0000000000000 bend    5   11    8      val= 113.11439
        42 non zero eigenvalues  of BmBt
           1           5.234318241    1    0
         1
           2           4.669740195    2    0
         2
           3           4.346352231    3    0
         3
           4           3.907958184    4    0
         4
           5           3.846382766    5    0
         5
           6           3.585102912    6    0
         6
           7           3.241833634    7    0
         7
           8           3.073091873    8    0
         8
           9           2.970856195    9    0
         9
          10           2.543551456   10    0
        10
          11           2.392215136   11    0
        11
          12           2.299461681   12    0
        12
          13           2.091818499   13    0
        13
          14           1.768202612   14    0
        14
          15           1.433330613   15    0
        15
          16           0.877270389   16    0
        16
          17           0.864411542   17    0
        17
          18           0.780702325   18    0
        18
          19           0.756015537   19    0
        19
          20           0.754573448   20    0
        20
          21           0.742516622   21    0
        21
          22           0.695354059   22    0
        22
          23           0.680454606   23    0
        23
          24           0.639355534   24    0
        24
          25           0.476094576   25    0
        25
          26           0.440421344   26    0
        26
          27           0.436590096   27    0
        27
          28           0.365151325   28    0
        28
          29           0.347031658   29    0
        29
          30           0.342747991   30    0
        30
          31           0.296746679   31    0
        31
          32           0.295390831   32    0
        32
          33           0.272926687   33    0
        33
          34           0.250308301   34    0
        34
          35           0.187191971   35    0
        35
          36           0.174380475   36    0
        36
          37           0.158886572   37    0
        37
          38           0.074190629   38    0
        38
          39           0.064412492   39    0
        39
          40           0.040034576   40    0
        40
          41           0.033657005   41    0
        41
          42           0.016590569   42    0
        42
$user-defined bonds
$end
