$coord
    0.04536344273776      1.39317130071488     -0.77061312048296       c
   -0.04536344273776     -1.39317130071488     -0.77061312048296       c
    1.68120014535488      2.75698589492800      0.53621678219299       c
   -1.32417437604141      2.35086258403818     -1.95446323691036       h
    1.66481962128981      4.79371552444433      0.45624111560530       h
    3.08234401165180      1.88374004741450      1.73560214818624       h
   -1.68120014535488     -2.75698589492800      0.53621678219299       c
    1.32417437604141     -2.35086258403818     -1.95446323691036       h
   -3.08234401165180     -1.88374004741450      1.73560214818624       h
   -1.66481962128981     -4.79371552444433      0.45624111560530       h
$end
