$coord
        1.67296110204481        1.67296110204481       -1.67296110204481      C
       -1.67296110204481       -1.67296110204481       -1.67296110204481      C
       -1.67296110204481        1.67296110204481        1.67296110204481      C
        1.67296110204481       -1.67296110204481        1.67296110204481      C
        3.33819999948483        0.00000000000000        0.00000000000000      C
        0.00000000000000       -3.33819999948483        0.00000000000000      C
        0.00000000000000        0.00000000000000        3.33819999948483      C
        0.00000000000000        0.00000000000000       -3.33819999948483      C
       -3.33819999948483        0.00000000000000        0.00000000000000      C
        0.00000000000000        3.33819999948483        0.00000000000000      C
        4.56266503042052        1.17720038659910        1.17720038659910      H
        1.17720038659910       -4.56266503042052       -1.17720038659910      H
       -1.17720038659910       -1.17720038659910        4.56266503042052      H
       -1.17720038659910        1.17720038659910       -4.56266503042052      H
       -4.56266503042052        1.17720038659910       -1.17720038659910      H
       -1.17720038659910        4.56266503042052       -1.17720038659910      H
       -1.17720038659910       -4.56266503042052        1.17720038659910      H
        1.17720038659910        1.17720038659910        4.56266503042052      H
        4.56266503042052       -1.17720038659910       -1.17720038659910      H
       -4.56266503042052       -1.17720038659910        1.17720038659910      H
        1.17720038659910        4.56266503042052        1.17720038659910      H
        1.17720038659910       -1.17720038659910       -4.56266503042052      H
        2.86487977959243        2.86487977959243       -2.86487977959243      H
       -2.86487977959243       -2.86487977959243       -2.86487977959243      H
       -2.86487977959243        2.86487977959243        2.86487977959243      H
        2.86487977959243       -2.86487977959243        2.86487977959243      H
$end
