$coord
    -0.004170625    -7.143086765     0.000000000     N 
     0.883308951    -7.831028284     1.546056642     H 
     0.883308951    -7.831028284    -1.546056642     H 
    -1.794661435    -7.810581449     0.000000000     H 
     0.002983877    -2.052223528     0.000000000     I 
     2.153686696     3.340277771     0.000000000     C 
     0.000000000     1.838178045     0.000000000     N 
     4.305869171     2.615161563     0.000000000     O 
    -4.307532129     2.605697815     0.000000000     O 
    -2.156920017     3.335572353     0.000000000     C 
    -1.254570188     6.028437559     0.000000000     C 
     1.245327538     6.031192779     0.000000000     C 
     2.547418665     7.600389116     0.000000000     H 
    -2.560130852     7.594744505     0.000000000     H 
$end
