$coord
   -7.37922733192460      3.06048808440441      0.87535178943990      o
   -6.89167798937292      0.87974412585929      0.40480998209351      c
   -7.78551845071767     -1.03832790007078      1.78242033372211      o
   -7.19214444466640     -2.64270538776992      1.03975796309105      h
   -5.23249844379006      0.10117695868373     -1.82317712979964      c
   -4.58810183212291      1.80004075307894     -2.76804019676027      h
   -6.37200330254458     -1.02321009099941     -3.12330870993746      h
   -3.04041612844141     -1.38414778257837     -1.09941202050780      n
   -1.35667014311757     -0.51865321324244     -0.87264488443725      h
   -3.25017572930667     -3.82945339987247     -0.45312568270674      c
   -5.30619776301299     -4.93494318821640     -0.33218321013578      o
   -0.81809819495002     -5.21651238217067      0.15725585854983      c
   -0.92959203685137     -7.05710563660997     -0.75926131640198      h
   -0.76140641093238     -5.52642746813375      2.19249090478302      h
    1.43634508281804     -3.86913764868482     -0.52871472806359      n
    2.02782936273539     -3.72173901023896     -2.33907236436014      h
    3.11442188974011     -3.04143760202731      1.22684085034926      c
    2.86875749233034     -3.33812460505294      3.50774029399221      o
    5.33673982323150     -1.56556149143481      0.11946133587140      c
    5.17044392344643     -1.41816285298895     -2.63575936738578      n
    4.21613222581620      0.16542764723706     -3.14220597127668      h
    6.91844059732359     -1.27454366681094     -3.39731899935605      h
    7.02993443922494     -2.63136703096640      0.61079013069093      h
    5.44445421286501      1.01958385976946      1.46683606935726      c
    5.71090559774791      0.68132288179756      3.47939440198339      h
    7.08095704484082      2.05137432889046      0.75440931686894      h
    3.06339928412423      2.50679832716549      1.03408878468929      c
    1.01682588108752      2.27436201269317      2.70082723480783      c
    1.20768822061356      1.07816536992102      4.34866842358717      h
   -1.23950712281446      3.55559633149178      2.25107241493458      c
   -2.80231063556733      3.37229289650142      3.55687317347416      h
   -1.50028932929559      5.08249504770015      0.11757160973748      c
   -3.26718326451196      6.05192455440175     -0.21879964210050      h
    0.52738681240191      5.34894643258305     -1.54160793584538      c
    0.36298063875076      6.56404033669441     -3.17811076782118      h
    2.79316844697349      4.07716074445405     -1.07862503303467      c
    4.38620757786911      4.36061966454223     -2.33529291209230      h
$user-defined bonds
$redundant
     number_of_atoms            37
     degrees_of_freedom        105
     internal_coordinates      105
     frozen_coordinates          0
# definitions of redundant internals
   1 k  1.0000000000000 stre    2    1           val=   2.28358
   2 k  0.7071104553090 bend    3    1    2      val=  -0.07482
       -0.7071031070450 bend    5    1    2
   3 k  1.0000000000000 outp    1    5    3    2 val=   0.53080
   4 k  1.0000000000000 tors    4    3    2    5 val=  -0.88504
   5 k  1.0000000000000 stre    3    4           val=   1.86485
   6 k  1.0000000000000 bend    2    4    3      val= 108.88160
   7 k  1.0000000000000 stre    5    6           val=   2.04796
   8 k  1.0000000000000 stre    5    7           val=   2.06229
   9 k  0.0177090487018 bend    7    6    5      val=   0.08922
       -0.5093621291709 bend    8    6    5
       -0.4982409879411 bend    8    7    5
        0.4976005847085 bend    2    6    5
        0.4943543132146 bend    2    7    5
  10 k  0.0254880726250 bend    7    6    5      val=   0.15483
       -0.5251876699132 bend    8    6    5
        0.5191539979206 bend    8    7    5
       -0.4841996320844 bend    2    6    5
        0.4685702852906 bend    2    7    5
  11 k  0.9041591336002 bend    7    6    5      val=   3.86416
       -0.1871927148282 bend    8    6    5
       -0.2194478929312 bend    8    7    5
       -0.2110780680824 bend    2    6    5
       -0.2339739731365 bend    2    7    5
  12 k -0.0026152112449 bend    7    6    5      val=   0.22980
        0.4740302994260 bend    8    6    5
       -0.4789577859396 bend    8    7    5
       -0.5178242650992 bend    2    6    5
        0.5270160392801 bend    2    7    5
  13 k  1.0000000000000 stre    8    9           val=   1.90670
  14 k  0.7073314471556 bend   10    9    8      val=  -0.31854
       -0.7068820438127 bend    5    9    8
  15 k  1.0000000000000 outp    9    5   10    8 val=   6.48955
  16 k  1.0000000000000 stre   10   11           val=   2.33751
  17 k  0.7071089905851 bend    8   11   10      val=   1.17668
       -0.7071045717811 bend   12   11   10
  18 k  1.0000000000000 outp   11   12    8   10 val=   0.38108
  19 k  1.0000000000000 stre   12   13           val=   2.05918
  20 k  1.0000000000000 stre   12   14           val=   2.05948
  21 k  0.0735136310853 bend   14   13   12      val=   1.07478
       -0.5324792612963 bend   15   13   12
       -0.4786405270555 bend   15   14   12
        0.4848827288962 bend   10   13   12
        0.4968436045800 bend   10   14   12
  22 k  0.0328801759684 bend   14   13   12      val=   1.09139
       -0.5229637589490 bend   15   13   12
        0.5630391106637 bend   15   14   12
       -0.4686741605680 bend   10   13   12
        0.4344643736063 bend   10   14   12
  23 k  0.9036021791752 bend   14   13   12      val=   3.72169
       -0.1442466091343 bend   15   13   12
       -0.2047270124429 bend   15   14   12
       -0.2476396862502 bend   10   13   12
       -0.2438389913718 bend   10   14   12
  24 k -0.0215583442021 bend   14   13   12      val=   2.25477
        0.4512943233657 bend   15   13   12
       -0.4508854553905 bend   15   14   12
       -0.5240201723005 bend   10   13   12
        0.5638916887423 bend   10   14   12
  25 k  1.0000000000000 stre   15   16           val=   1.91023
  26 k -0.7068091787335 bend   17   16   15      val=   3.77000
        0.7074042584393 bend   12   16   15
  27 k  1.0000000000000 outp   16   12   17   15 val=  -8.65355
  28 k  1.0000000000000 stre   17   18           val=   2.31320
  29 k  0.7071832854935 bend   15   18   17      val=   1.33102
       -0.7070302686014 bend   19   18   17
  30 k  1.0000000000000 outp   18   19   15   17 val=   2.21759
  31 k  1.0000000000000 tors   22   20   19   17 val=  88.56604
        1.0000000000000 tors   22   20   19   24
        1.0000000000000 tors   21   20   19   17
        1.0000000000000 tors   21   20   19   24
  32 k  1.0000000000000 stre   20   22           val=   1.91209
  33 k  1.0000000000000 stre   20   21           val=   1.91702
  34 k  0.8589943800410 bend   21   22   20      val=   7.61700
       -0.3570743088482 bend   19   22   20
       -0.3669149670136 bend   19   21   20
  35 k  0.4613174319975 bend   21   22   20      val= 108.90209
        0.2289595896460 bend   19   22   20
        0.8571836053287 bend   19   21   20
  36 k  0.2220695431463 bend   21   22   20      val=  56.33409
        0.9055801699848 bend   19   22   20
       -0.3613996039525 bend   19   21   20
  37 k  1.0000000000000 stre   19   23           val=   2.06016
  38 k -0.7815585374559 bend   20   23   19      val=   2.69539
        0.2580184063426 bend   17   23   19
        0.5679724945085 bend   24   23   19
  39 k -0.1610255912508 bend   20   23   19      val=   2.39159
        0.7961644207417 bend   17   23   19
       -0.5832606399436 bend   24   23   19
  40 k  1.0000000000000 stre   24   25           val=   2.05811
  41 k  1.0000000000000 stre   24   26           val=   2.06162
  42 k  0.0648532197535 bend   26   25   24      val=   0.99288
       -0.5036007691773 bend   27   25   24
       -0.5073057280296 bend   27   26   24
        0.4923784278670 bend   19   25   24
        0.4923258141223 bend   19   26   24
  43 k  0.0006255222061 bend   26   25   24      val=   0.16046
        0.5321583834778 bend   27   25   24
       -0.5276471275199 bend   27   26   24
        0.4684412340522 bend   19   25   24
       -0.4679298907699 bend   19   26   24
  44 k  0.8971824713892 bend   26   25   24      val=   1.13361
       -0.1868469420407 bend   27   25   24
       -0.1860927642626 bend   27   26   24
       -0.2496566522600 bend   19   25   24
       -0.2513819252718 bend   19   26   24
  45 k -0.0007823506734 bend   26   25   24      val=   0.13247
       -0.4685567542201 bend   27   25   24
        0.4678155879489 bend   27   26   24
        0.5313093090178 bend   19   25   24
       -0.5285006620859 bend   19   26   24
  46 k  1.0000000000000 stre   28   29           val=   2.04516
  47 k  0.7071068090886 bend   30   29   28      val=   0.52953
       -0.7071067532845 bend   27   29   28
  48 k  1.0000000000000 outp   29   27   30   28 val=  -0.12564
  49 k  1.0000000000000 stre   30   31           val=   2.04477
  50 k  0.7071067813270 bend   28   31   30      val=   0.30013
       -0.7071067810461 bend   32   31   30
  51 k  1.0000000000000 outp   31   32   28   30 val=  -0.01314
  52 k  1.0000000000000 stre   32   33           val=   2.04325
  53 k  0.7071070002980 bend   34   33   32      val=   0.68225
       -0.7071065620750 bend   30   33   32
  54 k  1.0000000000000 outp   33   30   34   32 val=   0.35562
  55 k  1.0000000000000 stre   34   35           val=   2.04490
  56 k  0.7071072474172 bend   32   35   34      val=   0.22072
       -0.7071063149556 bend   36   35   34
  57 k  1.0000000000000 outp   35   36   32   34 val=  -0.81028
  58 k  1.0000000000000 stre   36   37           val=   2.04874
  59 k  0.7071078133150 bend   34   37   36      val=   0.02827
       -0.7071057490566 bend   27   37   36
  60 k  1.0000000000000 outp   37   27   34   36 val=  -1.88644
  61 k  1.0000000000000 tors    3    2    5    8 val= -57.96473
  62 k  1.0000000000000 stre    2    3           val=   2.52503
  63 k  1.0000000000000 bend    5    3    2      val= 114.82994
  64 k  1.0000000000000 stre   19   20           val=   2.76417
  65 k -0.6928863063563 bend   17   20   19      val=   3.87408
        0.7210468545552 bend   24   20   19
  66 k  0.7210468545552 bend   17   20   19      val= 112.88351
        0.6928863063563 bend   24   20   19
  67 k  1.0000000000000 tors    2    5    8   10 val=  75.61143
  68 k  1.0000000000000 stre    5    2           val=   2.88496
  69 k  1.0000000000000 bend    8    2    5      val= 113.68254
  70 k  1.0000000000000 tors    5    8   10   12 val= 177.42287
  71 k  1.0000000000000 stre    8    5           val=   2.74504
  72 k  1.0000000000000 bend   10    5    8      val= 121.49891
  73 k  1.0000000000000 tors    8   10   12   15 val= -11.96996
  74 k  1.0000000000000 stre   10    8           val=   2.53795
  75 k  1.0000000000000 bend   12    8   10      val= 116.77372
  76 k  1.0000000000000 tors   10   12   15   17 val= 115.01255
  77 k  1.0000000000000 stre   12   10           val=   2.86557
  78 k  1.0000000000000 bend   15   10   12      val= 114.25467
  79 k  1.0000000000000 tors   12   15   17   19 val= 182.14814
  80 k  1.0000000000000 stre   15   12           val=   2.71450
  81 k  1.0000000000000 bend   17   12   15      val= 122.03272
  82 k  1.0000000000000 tors   15   17   19   24 val= 125.26154
  83 k  1.0000000000000 stre   17   15           val=   2.56574
  84 k  1.0000000000000 bend   19   15   17      val= 113.93571
  85 k  1.0000000000000 tors   17   19   24   27 val= -61.08152
  86 k  1.0000000000000 stre   19   17           val=   2.88846
  87 k  1.0000000000000 bend   24   17   19      val= 107.70597
  88 k  1.0000000000000 tors   19   24   27   28 val=   1.27074
        1.0000000000000 tors   19   24   27   36
  89 k  1.0000000000000 stre   24   19           val=   2.91719
  90 k  1.0000000000000 bend   27   19   24      val= 111.26369
  91 k  1.0000000000000 stre   27   24           val=   2.84051
  92 k  0.7071122942392 bend   36   24   27      val=   0.40899
       -0.7071012680909 bend   28   24   27
  93 k  1.0000000000000 outp   24   28   36   27 val=   2.02605
  94 k  1.0000000000000 stre   27   36           val=   2.64625
  95 k  1.0000000000000 stre   36   34           val=   2.63923
  96 k  1.0000000000000 stre   34   32           val=   2.63350
  97 k  1.0000000000000 stre   32   30           val=   2.63652
  98 k  1.0000000000000 stre   30   28           val=   2.63342
  99 k  1.0000000000000 stre   28   27           val=   2.64962
 100 k -0.5000000000000 bend   27   34   36      val=  -0.79537
       -0.5000000000000 bend   36   32   34
        1.0000000000000 bend   34   30   32
       -0.5000000000000 bend   32   28   30
       -0.5000000000000 bend   30   27   28
        1.0000000000000 bend   28   36   27
 101 k  0.8660254037844 bend   27   34   36      val=   0.08285
       -0.8660254037844 bend   36   32   34
        0.8660254037844 bend   32   28   30
       -0.8660254037844 bend   30   27   28
 102 k -1.0000000000000 bend   27   34   36      val=  -0.39378
        1.0000000000000 bend   36   32   34
       -1.0000000000000 bend   34   30   32
        1.0000000000000 bend   32   28   30
       -1.0000000000000 bend   30   27   28
        1.0000000000000 bend   28   36   27
 103 k -0.5000000000000 tors   36   34   32   30 val=   0.33375
       -0.5000000000000 tors   34   32   30   28
        1.0000000000000 tors   32   30   28   27
       -0.5000000000000 tors   30   28   27   36
       -0.5000000000000 tors   28   27   36   34
        1.0000000000000 tors   27   36   34   32
 104 k  0.8660254037844 tors   36   34   32   30 val=   0.81780
       -0.8660254037844 tors   34   32   30   28
        0.8660254037844 tors   30   28   27   36
       -0.8660254037844 tors   28   27   36   34
 105 k -1.0000000000000 tors   36   34   32   30 val=   0.04114
        1.0000000000000 tors   34   32   30   28
       -1.0000000000000 tors   32   30   28   27
        1.0000000000000 tors   30   28   27   36
       -1.0000000000000 tors   28   27   36   34
        1.0000000000000 tors   27   36   34   32
       105 non zero eigenvalues  of BmBt
           1          10.943799320    1    0
         1
           2           6.205967910    2    0
         2
           3           5.620751573    3    0
         3
           4           5.210833041    4    0
         4
           5           5.094117716    5    0
         5
           6           5.007123812    6    0
         6
           7           4.865422960    7    0
         7
           8           4.548171310    8    0
         8
           9           4.414836940    9    0
         9
          10           4.301511968   10    0
        10
          11           4.222125100   11    0
        11
          12           4.196889470   12    0
        12
          13           3.979262329   13    0
        13
          14           3.857225065   14    0
        14
          15           3.611638839   15    0
        15
          16           3.544772804   16    0
        16
          17           3.526073096   17    0
        17
          18           3.428211090   18    0
        18
          19           3.340166735   19    0
        19
          20           3.319241693   20    0
        20
          21           3.230575875   21    0
        21
          22           3.025074459   22    0
        22
          23           3.004803573   23    0
        23
          24           2.925420558   24    0
        24
          25           2.868977155   25    0
        25
          26           2.829614946   26    0
        26
          27           2.584538553   27    0
        27
          28           2.505513722   28    0
        28
          29           2.365925077   29    0
        29
          30           2.350153357   30    0
        30
          31           2.228743282   31    0
        31
          32           2.123971465   32    0
        32
          33           2.075510384   33    0
        33
          34           2.020261656   34    0
        34
          35           1.925286807   35    0
        35
          36           1.912072982   36    0
        36
          37           1.869727550   37    0
        37
          38           1.819190818   38    0
        38
          39           1.732711240   39    0
        39
          40           1.492598296   40    0
        40
          41           1.427080300   41    0
        41
          42           1.350182508   42    0
        42
          43           1.250068924   43    0
        43
          44           1.169128174   44    0
        44
          45           1.118873429   45    0
        45
          46           1.057116761   46    0
        46
          47           0.979830204   47    0
        47
          48           0.915911943   48    0
        48
          49           0.872875927   49    0
        49
          50           0.761911750   50    0
        50
          51           0.760204861   51    0
        51
          52           0.756375193   52    0
        52
          53           0.705363837   53    0
        53
          54           0.662228960   54    0
        54
          55           0.634781395   55    0
        55
          56           0.615054788   56    0
        56
          57           0.582806035   57    0
        57
          58           0.507537853   58    0
        58
          59           0.496780619   59    0
        59
          60           0.487126779   60    0
        60
          61           0.447846219   61    0
        61
          62           0.431213198   62    0
        62
          63           0.413192590   63    0
        63
          64           0.401223211   64    0
        64
          65           0.385593104   65    0
        65
          66           0.360824248   66    0
        66
          67           0.359509382   67    0
        67
          68           0.353270233   68    0
        68
          69           0.346170998   69    0
        69
          70           0.342127045   70    0
        70
          71           0.328383644   71    0
        71
          72           0.308149756   72    0
        72
          73           0.296097502   73    0
        73
          74           0.290105763   74    0
        74
          75           0.287599502   75    0
        75
          76           0.274776751   76    0
        76
          77           0.271373865   77    0
        77
          78           0.266187814   78    0
        78
          79           0.260742822   79    0
        79
          80           0.259306937   80    0
        80
          81           0.206927492   81    0
        81
          82           0.180736780   82    0
        82
          83           0.146551114   83    0
        83
          84           0.134841524   84    0
        84
          85           0.131236023   85    0
        85
          86           0.111910690   86    0
        86
          87           0.100886269   87    0
        87
          88           0.088556193   88    0
        88
          89           0.083231589   89    0
        89
          90           0.075142075   90    0
        90
          91           0.075013679   91    0
        91
          92           0.060739313   92    0
        92
          93           0.059375161   93    0
        93
          94           0.056362262   94    0
        94
          95           0.043703168   95    0
        95
          96           0.038097694   96    0
        96
          97           0.031169545   97    0
        97
          98           0.024825503   98    0
        98
          99           0.016107920   99    0
        99
         100           0.012473193  100    0
       100
         101           0.007630150  101    0
       101
         102           0.004253932  102    0
       102
         103           0.003740112  103    0
       103
         104           0.001184849  104    0
       104
         105           0.000886466  105    0
       105
$end
