$coord
        3.63873947846436       -0.65018862191131        0.71910315452537      C
        4.10366312975982       -2.46590929998088       -0.13471857601343      H
        4.43733018331730        1.19977389368617       -1.06730409177089      O
        0.81584390444620       -0.52136788115861        1.28067306943500      C
        0.36973814598201       -1.94793347723079        2.71215384317880      H
        0.40023076686225        1.32338843894274        2.12061665125387      H
       -0.81788291894356       -0.92758907986212       -1.06236434765953      C
       -0.37823435467546       -2.77416520622946       -1.88358263322764      H
       -0.35584865890530        0.49403299264643       -2.47910714729296      H
        4.13155548748120        2.83325316295251       -0.33370484808015      H
        4.72031667171693       -0.48688415868572        2.47411260112372      H
       -3.64187453411881       -0.83014157236761       -0.51220459914025      C
       -4.70323165774949       -1.18168732486832       -2.23936515171829      H
       -4.15655656421928       -2.30359694297506        0.84807507336868      H
       -4.46473310197027        1.58757971122469        0.35519481366333      O
       -3.88135763721327        1.78639590793946        2.06115074930424      H
$end
