$coord
       -0.62567421509642        3.32054547337528        0.00000000000000      N
        3.12301117005211        1.16434577390094        0.00000000000000      N
       -0.75031968826617       -1.17205379588973        0.00000000000000      C
        1.99185939634307       -1.19483006395772        0.00000000000000      C
       -1.91254344179453        1.08752983898193        0.00000000000000      C
        1.94679938184941        3.47303155756743        0.00000000000000      C
       -2.13677553081858       -3.62970783531235        0.00000000000000      C
        3.28525370660738       -3.09605647741217        0.00000000000000      O
        3.09600253098069        5.45864286801191        0.00000000000000      O
       -1.59673554337864        4.96366209702974        0.00000000000000      H
        5.03855554921289        1.20093298171366        0.00000000000000      H
       -3.94953196396403        1.26761093589313        0.00000000000000      H
       -1.66846754553469       -4.76055671185109       -1.66023053514924      H
       -1.66846754553469       -4.76055671185109        1.66023053514924      H
       -4.17296626065777       -3.32253993019982        0.00000000000000      H
$end
