$coord
        0.96280438937501       -0.48376325412500        0.20582079462499      C
        3.22195796637499       -0.17394126812500        0.35041464662500      O
       -0.13229498162500       -2.77298669412501        0.58270464062500      O
        1.25561589337501       -3.90891703812501        0.94749378362500      H
       -0.96827679562501        1.48898126587499       -0.40017876637499      C
       -0.06443139962500        3.32380382287500       -0.48866097337501      H
       -1.82394491662499        1.04830436787500       -2.21943318437500      H
       -2.45143015562499        1.47851879787501        1.02183905862500      H
$end
