$coord
    0.28495977689775     -0.22971898409741      0.00000000000000      c
    1.22903458507560     -1.67241837343514      2.24228368709967      c
    0.27323721445631     -3.94670740122975      2.84921089434526      c
   -1.41099295307251     -5.38340222627460      1.28440271427323      c
   -1.41099295307251     -5.38340222627460     -1.28440271427323      c
    0.27323721445631     -3.94670740122975     -2.84921089434526      c
    1.22903458507560     -1.67241837343514     -2.24228368709967      c
    1.10305938513023      2.54493431555276      0.00000000000000      c
    0.15689621647924      4.03966546421216      2.21127336689845      c
   -1.09708582775629      6.07860363815218      1.38004510016318      c
   -1.09708582775629      6.07860363815218     -1.38004510016318      c
    0.15689621647924      4.03966546421216     -2.21127336689845      c
   -1.78804101126832     -0.31214506556132      0.00000000000000      h
    2.69900695419038     -0.83578188161869      3.40759754882406      h
    0.85022397057652     -4.81384616105274      4.61913307987890      h
   -2.57979908016550     -6.78605481144576      2.22305974108839      h
   -2.57979908016550     -6.78605481144576     -2.22305974108839      h
    0.85022397057652     -4.81384616105274     -4.61913307987890      h
    2.69900695419038     -0.83578188161869     -3.40759754882406      h
    3.18690505346305      2.59589845440966      0.00000000000000      h
    0.46582316580403      3.51086932067950      4.16091144834102      h
   -1.97978584769910      7.50958807186104      2.54517813617242      h
   -1.97978584769910      7.50958807186104     -2.54517813617242      h
    0.46582316580403      3.51086932067950     -4.16091144834102      h
$redundant
     number_of_atoms            24
     degrees_of_freedom         35
     internal_coordinates       35
     frozen_coordinates          0
# definitions of redundant internals
   1 k  0.4338837391176 tors    5    4    3    2 val= -28.48296
       -0.7818314824680 tors    4    3    2    1
        0.9749279121818 tors    3    2    1    7
       -0.9749279121818 tors    2    1    7    6
        0.7818314824680 tors    1    7    6    5
       -0.4338837391175 tors    7    6    5    4
   2 k  0.5877852522925 tors   10   11   12    8 val=  -0.64701
       -0.9510565162952 tors   11   12    8    9
        0.9510565162952 tors   12    8    9   10
       -0.5877852522925 tors    8    9   10   11
   3 k  1.0000000000000 outp   15    4    2    3 val=   1.92707
   4 k  1.0000000000000 outp   14    1    3    2 val=   0.78293
   5 k  1.0000000000000 stre    4   16           val=   2.05295
   6 k  1.0000000000000 stre    8   20           val=   2.08447
   7 k  1.0000000000000 stre    7    6           val=   2.54053
   8 k  1.0000000000000 stre    5    4           val=   2.56881
   9 k  1.0000000000000 stre    3   15           val=   2.05365
  10 k  1.0000000000000 stre   10   11           val=   2.76009
  11 k  1.0000000000000 stre    2   14           val=   2.05396
  12 k  1.0000000000000 stre    4    3           val=   2.71097
  13 k  1.0000000000000 stre   10   22           val=   2.04558
  14 k  1.0000000000000 stre    1   13           val=   2.07464
  15 k  1.0000000000000 stre    9   10           val=   2.53391
  16 k  1.0000000000000 stre    9   21           val=   2.04356
  17 k  1.0000000000000 stre    1    8           val=   2.89275
  18 k  1.0000000000000 outp   21    8   10    9 val=   0.00553
  19 k  1.0000000000000 stre    8    9           val=   2.83181
  20 k  1.0000000000000 stre    1    7           val=   2.82851
  21 k  0.7071067816246 bend   10   21    9      val=   1.33686
       -0.7071067807485 bend    8   21    9
  22 k  0.7071130734330 bend    3   14    2      val=   0.57540
       -0.7071004888841 bend    1   14    2
  23 k  0.7071346695881 bend    2   15    3      val=   0.97246
       -0.7070788916850 bend    4   15    3
  24 k  0.7071068213742 bend    9   22   10      val=   0.70371
       -0.7071067409989 bend   11   22   10
  25 k  0.7074635607505 bend    5   16    4      val=   0.23108
       -0.7067498215141 bend    3   16    4
  26 k -0.9009688679024 bend    1    6    7      val=  -3.10614
        0.6234898018587 bend    7    5    6
       -0.2225209339563 bend    6    4    5
       -0.2225209339563 bend    5    3    4
        0.6234898018587 bend    4    2    3
       -0.9009688679024 bend    3    1    2
        1.0000000000000 bend    2    7    1
  27 k -0.8090169943749 bend    8   10    9      val=  -2.17772
        0.3090169943749 bend    9   11   10
        0.3090169943750 bend   10   12   11
       -0.8090169943750 bend   11    8   12
        1.0000000000000 bend   12    9    8
  28 k  1.0000000000000 outp   16    3    5    4 val=  -8.64555
  29 k  0.4417860337290 bend    9   20    8      val=   7.13665
        0.4417860337290 bend   12   20    8
       -0.7808009994897 bend    1   20    8
  30 k  0.4344424199807 bend    7   13    1      val=   5.00201
        0.4344424199807 bend    2   13    1
       -0.7889990921685 bend    8   13    1
  31 k  0.9749279121818 tors    5    4    3    2 val=  37.54091
       -0.4338837391176 tors    4    3    2    1
       -0.7818314824680 tors    3    2    1    7
        0.7818314824680 tors    2    1    7    6
        0.4338837391176 tors    1    7    6    5
       -0.9749279121818 tors    7    6    5    4
  32 k  1.0000000000000 outp   22   11    9   10 val=   0.06251
  33 k -0.2225209339563 bend    1    6    7      val=  -3.95181
       -0.9009688679024 bend    7    5    6
        0.6234898018587 bend    6    4    5
        0.6234898018587 bend    5    3    4
       -0.9009688679024 bend    4    2    3
       -0.2225209339563 bend    3    1    2
        1.0000000000000 bend    2    7    1
  34 k  0.7071067811865 bend    1    9    8      val= 114.31759
        0.7071067811865 bend    1   12    8
  35 k  0.7071067811865 bend    8    7    1      val= 113.25593
        0.7071067811865 bend    8    2    1
        35 non zero eigenvalues  of BmBt
           1           7.875465119    1    0
         1
           2           5.571670652    2    0
         2
           3           4.351633884    3    0
         3
           4           4.116388339    4    0
         4
           5           3.974611767    5    0
         5
           6           3.814316965    6    0
         6
           7           3.303344104    7    0
         7
           8           3.075350213    8    0
         8
           9           2.942770223    9    0
         9
          10           2.688795753   10    0
        10
          11           2.379308390   11    0
        11
          12           2.070968636   12    0
        12
          13           1.867433596   13    0
        13
          14           1.666789066   14    0
        14
          15           1.590027645   15    0
        15
          16           1.500226373   16    0
        16
          17           1.089825571   17    0
        17
          18           0.665456859   18    0
        18
          19           0.650887651   19    0
        19
          20           0.533008854   20    0
        20
          21           0.449039619   21    0
        21
          22           0.392265296   22    0
        22
          23           0.381385899   23    0
        23
          24           0.374638935   24    0
        24
          25           0.337316616   25    0
        25
          26           0.325540575   26    0
        26
          27           0.291651982   27    0
        27
          28           0.281116275   28    0
        28
          29           0.245649572   29    0
        29
          30           0.169258916   30    0
        30
          31           0.135370209   31    0
        31
          32           0.079347493   32    0
        32
          33           0.060353672   33    0
        33
          34           0.033232940   34    0
        34
          35           0.004858308   35    0
        35
$user-defined bonds
$end
