$coord
   -1.94868549741146     -2.11209808486697     -0.98029500837367       n
    0.16153334488158     -0.66769625928889      0.03915782300710       c
   -0.21273727253653      2.12587041608050     -0.62495167166559       c
    0.80685536401769      3.11976129776480     -2.45581467455375       o
    2.63350040555812     -1.68481700799557     -0.99518402141237       c
    4.98691457942580     -0.37606333467373      0.04885854068557       c
    5.07860524908487     -0.45648623348382      2.92868560507811       c
    7.33662867938341     -1.61579794648712     -1.06388386455652       c
   -1.79551015253363     -2.81576625239636     -2.74014259127915       h
    0.06481983942016     -0.89723661515875      2.08224424333184       h
    2.61622136872956     -1.47599833573575     -3.04944029319437       h
    2.72865093293097     -3.70339483465871     -0.55686091523086       h
    4.93187837371554      1.59145741778146     -0.56394213758020       h
    4.94532894191621     -2.40195845398677      3.60550464011944       h
    6.85556429852250      0.32667194547565      3.61424419339855       h
    3.55397706409669      0.62773973888498      3.78775242079454       h
    7.46443764843404     -3.58556844842956     -0.46352147484873       h
    9.04690073827624     -0.65372459250545     -0.44063043511643       h
    7.29577444212388     -1.57778935506012     -3.12263109650142       h
   -1.79743536786073      3.34277555081409      0.97114542436764       n
   -2.84426346015123      2.23178427523441      2.12541078229011       h
   -2.60766755388308      5.89984393281368      0.43192141830913       c
   -3.32974897021107      6.75634774424987      2.15131869641234       h
   -0.99502004604051      6.97344103869851     -0.24386574356001       h
   -4.06918775008562      5.95784886724689     -1.02007268022981       h
   -4.18656349349802     -2.28670264722946      0.25501551679873       c
   -4.55646342552030     -1.25748135617669      2.30872891010317       o
   -6.19593461443681     -3.84768714622874     -1.02560586808836       c
   -6.76994841838099     -5.34568992806728      0.25808667356163       h
   -5.57456037758729     -4.67425538983172     -2.80045367222634       h
   -7.83442068350144     -2.65484151285747     -1.36506828483991       h
$end
