$coord
       -2.02240949357576        5.06483220390910        0.28512901581818      N
        0.41762927242424        4.24075671490909       -0.12413083218182      C
        0.41171254042424        1.69816818890910       -0.68539834818182      C
       -2.18695171457576        0.91677405090910       -0.61754584718182      C
       -3.39335089757577       -1.41845106209090       -1.02263695918183      C
       -5.99909406557575       -1.52492389409092       -0.82332377918182      C
       -7.44286739857577        0.63948888690909       -0.22520660618182      C
       -6.29510452457576        2.95677861090909        0.19080712181818      C
       -3.65892164957577        3.06713104990909       -0.00759520918182      C
       -2.51724558257575        6.84661515590909        0.70329325181819      H
        1.97075915842423        5.54949778790908        0.01799923881818      H
       -2.34857052957576       -3.10881663009091       -1.50583422518181      H
       -9.47717632457576        0.46120079890910       -0.13422952718181      H
       -7.40897705257576        4.61444624990910        0.63247577081817      H
       -7.22852144857576       -3.78342991109091       -1.29838199618181      O
       -7.96609095157575       -5.04680622209092        0.96299640481818      C
       -9.25467431757576       -3.88598534109091        2.08241338981817      H
       -6.31516963457575       -5.51577763209090        2.11108242281817      H
       -8.92160444257576       -6.77264572609091        0.39146578681819      H
        2.62707800242423        0.02680570590909       -1.25183993418182      C
        5.15228482842424        1.43292435890909       -1.24319821718181      C
        7.29809325742424       -0.18627034809092       -1.78317797118183      N
        8.64917742042424       -1.58998527009090       -0.07740357718183      C
        8.19530114242424       -1.02172576709091        2.69417060581818      C
        2.37374889542424       -0.86826678909092       -3.09862190218182      H
        2.71612378142423       -1.51440378909090        0.12314548281818      H
        5.44871102742424        2.33889868290908        0.58012658081817      H
        5.11248530942424        2.93494282690909       -2.65570414518181      H
        7.57755160642425       -0.72349866009092       -3.58963129618181      H
       10.18626164442424       -3.16763057209091       -0.77116356218182      O
        9.34685480742425       -2.31376355209091        3.79311996781818      H
        6.21583017542424       -1.26235591609090        3.20782836481817      H
        8.73712715842423        0.91547580890910        3.13897052981818      H
$end
