$coord
    4.96884087734506      1.49728285624050      1.48130791416346      n
    2.76388990008008      0.51502961381872      0.19456804132002      c
    2.79566226531256      1.54292707361210     -2.53087294578459      c
    0.98971509018160      1.46455159806655     -3.93961959187467      o
    5.74648718574531      0.25983052672038      2.70839579127221      h
    4.93889513887212      2.46901127166416     -3.25429168800586      o
    4.64010646162595      3.14358472631028      2.39993893769134      h
    3.01123338195301     -1.53573009489354      0.01322933355039      h
    0.25161077176170      1.03534487433493      1.58476406126415      c
   -1.97277329558982     -0.49691326958394      0.76888372575644      c
   -0.21939534292171      3.04709582724023      1.44671335912447      h
    0.55579931852357      0.64974638992621      3.58914704697775      h
   -3.67227846797497     -1.85037089579768      2.13689373597181      c
   -2.71580775047857     -0.69447177657494     -1.70394204370810      n
   -3.81007215834811     -2.18633259100167      4.14029937165015      h
   -6.88658647288301     -3.90697188039764      0.88384160169465      h
   -4.76152128700607     -2.09646106831253     -1.87487811614834      c
   -5.38308938436393     -2.81507906091841      0.44513274227788      n
   -5.75097166441819     -2.58375165179976     -3.58824383511791      h
    6.08896789858865      2.39947480165548     -1.79430780014958      h
   -1.57871246600526      0.14220272969060     -3.10695964192565      h
$user-defined bonds
$end
