$coord
        0.37753145374073       -1.90536489440742       -3.48915551137037      N
        0.85878408074073       -3.70450439040741       -3.06222572937037      H
       -2.22042375125927       -1.39323998840741       -3.61078381437038      C
       -3.75978896625926       -3.06107598140742       -3.21882219337036      O
       -2.78293000325927        1.22372828859258       -4.21913190737036      C
       -4.72866976425926        1.79914025459260       -4.35833823837037      H
       -0.87694876825927        2.87120421959260       -4.60212017937038      C
       -1.19881147525927        4.83402578459259       -5.05764796137036      H
        1.60566237974073        2.15883172959259       -4.42837938637037      N
        3.01173949674073        3.41150861059260       -4.69458644137037      H
        2.37786666274074       -0.27235606140742       -3.84367272337038      C
        4.58514770274075       -0.87929496740741       -3.66294782237038      O
        2.00457334074075       -1.94093154240741        3.26642073162963      C
        2.86223022274074       -2.11489261040740        1.39940442162963      H
        3.03353386674075       -3.19567231040741        4.53102096562963      H
        2.10721091874074        0.82931605559259        4.08455110862963      C
        3.91811642074074        1.72296546259260        3.68633994362963      H
        1.75172457374075        0.98358864059259        6.11264875562962      H
       -0.09876370725925        1.98736750059259        2.62800473762963      C
        0.41959621174075        2.15514040359259        0.63723203362964      H
       -0.63622903625926        3.86035264459259        3.29249667362964      H
       -2.20948274425926        0.02664089759259        2.95120138762964      C
       -3.58055317625927        0.07126461059259        1.41793079762963      H
       -3.23765550025925        0.41346243259258        4.69399856762963      H
       -0.84314217125925       -2.55576005640741        3.14708450162963      C
       -1.30171167025925       -3.77303862740741        1.55336580562963      H
       -1.43860659725926       -3.55240610540740        4.84611147662963      H
$end
