$coord
   -0.00999385417375      0.38762858204031      0.00521415270809       c
   -0.00994024466582     -0.02133876067077      2.82280012039800       c
    1.90432442470332      0.78716622829716     -1.17576395552928       o
   -2.29870530762125      0.16006660417903     -1.14037685678248       n
   -3.90568021119042      0.14036816972050     -0.14957264299346       h
   -2.38505743952813      0.53970605384347     -2.99491807074829       h
   -1.82991028194136      0.37754221798519      3.68583941382970       h
    0.48805098995361     -1.97958670508631      3.20241869411071       h
    1.42486746919126      1.16374701911415      3.67084375528784       h
$end
