$coord
       -5.04383060470764       -1.39333495099798       -4.88736770597357      C
       -2.68259002269287       -2.26278093720348       -5.72482951046213      C
       -1.28347628918053        0.00000000000000       -6.53031847159056      C
       -5.04383060470764        1.39333495099798       -4.88736770597357      C
       -2.68259002269287        2.26278093720348       -5.72482951046213      C
       -6.17771012608530        2.23525178484484       -2.61175401654687      C
       -6.17771012608530       -2.23525178484484       -2.61175401654687      C
       -6.96974915043553        0.00000000000000       -1.17811082918922      C
       -5.03532494738352       -4.27649710392831       -1.35926318882205      C
       -1.39091270004086       -4.26595148724373       -4.40418722153569      C
       -2.69986419824620       -5.34375886583381       -2.30465216604766      C
        1.39091270004086       -4.26595148724373       -4.40418722153569      C
        1.28347628918053        0.00000000000000       -6.53031847159056      C
        2.68259002269287       -2.26278093720348       -5.72482951046213      C
        2.68259002269287        2.26278093720348       -5.72482951046213      C
       -1.39091270004086        4.26595148724373       -4.40418722153569      C
        1.39091270004086        4.26595148724373       -4.40418722153569      C
       -5.03532494738352        4.27649710392831       -1.35926318882205      C
       -2.69986419824620        5.34375886583381       -2.30465216604766      C
       -4.96291479936884        4.32585504976576        1.38397948383191      C
       -6.74602522945367        0.00000000000000        1.44037136828119      C
       -5.80377414247171        2.22686877074673        2.76280303888286      C
       -4.96291479936884       -4.32585504976576        1.38397948383191      C
       -5.80377414247171       -2.22686877074673        2.76280303888286      C
       -1.30942903199911       -6.30252823791592       -0.13464166415981      C
       -2.68838902527687       -5.63804742828900        2.14883460878796      C
        2.69986419824620       -5.34375886583381       -2.30465216604766      C
        1.30942903199911       -6.30252823791592       -0.13464166415981      C
        5.03532494738352       -4.27649710392831       -1.35926318882205      C
        5.04383060470764       -1.39333495099798       -4.88736770597357      C
        5.04383060470764        1.39333495099798       -4.88736770597357      C
        6.17771012608530       -2.23525178484484       -2.61175401654687      C
        6.17771012608530        2.23525178484484       -2.61175401654687      C
        6.96974915043553        0.00000000000000       -1.17811082918922      C
        2.69986419824620        5.34375886583381       -2.30465216604766      C
        5.03532494738352        4.27649710392831       -1.35926318882205      C
       -1.30942903199911        6.30252823791592       -0.13464166415981      C
       -2.68838902527687        5.63804742828900        2.14883460878796      C
        1.30942903199911        6.30252823791592       -0.13464166415981      C
       -1.37171591711994        4.88031978338834        4.30796463452050      C
       -4.38246557552861        1.37573933302947        4.94609302425174      C
       -4.38246557552861       -1.37573933302947        4.94609302425174      C
       -2.22487851118359        2.69068050718560        5.72420779056441      C
       -1.37171591711994       -4.88031978338834        4.30796463452050      C
       -2.22487851118359       -2.69068050718560        5.72420779056441      C
        2.68838902527687       -5.63804742828900        2.14883460878796      C
        4.96291479936884       -4.32585504976576        1.38397948383191      C
        1.37171591711994       -4.88031978338834        4.30796463452050      C
        6.74602522945367        0.00000000000000        1.44037136828119      C
        5.80377414247171       -2.22686877074673        2.76280303888286      C
        4.96291479936884        4.32585504976576        1.38397948383191      C
        2.68838902527687        5.63804742828900        2.14883460878796      C
        1.37171591711994        4.88031978338834        4.30796463452050      C
        5.80377414247171        2.22686877074673        2.76280303888286      C
        0.00000000000000        1.32196131776719        6.57368428483323      C
        0.00000000000000       -1.32196131776719        6.57368428483323      C
        2.22487851118359       -2.69068050718560        5.72420779056441      C
        4.38246557552861       -1.37573933302947        4.94609302425174      C
        2.22487851118359        2.69068050718560        5.72420779056441      C
        4.38246557552861        1.37573933302947        4.94609302425174      C
$end
