$coord
       -0.04810156981188       -2.46512172827070        0.00000000000000      N
       -0.07486234711426       -4.37556046053544        0.00000000000000      H
       -2.41315245810015       -1.26824845164577        0.00000000000000      C
       -4.35201744304970       -2.51142396422487        0.00000000000000      O
       -2.24356167548605        1.47151664161889        0.00000000000000      C
       -3.96298044983752        2.55777022923301        0.00000000000000      H
        0.04307560211807        2.59711796772827        0.00000000000000      C
        0.26718460937238        4.62556673788590        0.00000000000000      H
        2.24104182791323        1.23203954609391        0.00000000000000      N
        3.93591200863672        2.09483896503520        0.00000000000000      H
        2.32244051720285       -1.38269739955768        0.00000000000000      C
        4.28502137815633       -2.57579808336071        0.00000000000000      O
$end
