$coord
       -7.46430469582141       -0.00027108121377       -7.21100010744511      O
       -7.18212773397176        0.00712710211019       -9.49740750436200      C
       -4.56132053463047        0.02632135657753      -10.63696765020951      C
       -9.45636337274138       -0.00286416908249      -11.22915919760246      C
       -3.55464684318519        1.68437044062226       -9.95030046367629      H
       -3.53393573767633       -1.62229837200934       -9.95831304987836      H
       -4.57441794866775        0.03121928482903      -12.68785395707021      H
      -10.61321191433136        1.64430413645075      -10.80434186353967      H
      -10.59261681533033       -1.66629994770463      -10.81222522837904      H
       -8.95739111597404        0.00498734442292      -13.21841230395762      H
$end
