$coord
    2.09679179731528      0.68758223278951      0.99016472885569       b
   -0.01908694868279      2.33418975121836      1.19073953541511       n
    0.00419732441270      4.78548378003048      0.10095470686133       b
    2.51222441316144      5.70847695400517     -0.49930136390559       n
    4.73018384720343      4.12249358443145     -0.50501273893392       b
    4.55023044885838      1.46636692980349      0.19067046273774       n
   -2.17265691326782      0.73641839512692      0.99543130739782       b
   -4.60783876208923      1.56263949678650      0.20906943699727       n
   -4.73902917672107      4.22468005118631     -0.47432703328726       b
   -2.48659913327531      5.76377980706582     -0.47882377207821       n
    1.26972500817209     -1.88246859974508      1.09010372623320       n
   -1.40435477143619     -1.86068964965718      1.07032396137178       n
    2.74494956846019     -3.86313141199345      0.06351315682985       b
    5.35070029549740     -3.13651331848389     -0.41179846176447       n
    6.26009358962863     -0.57481487639439     -0.45756393718935       b
   -2.90047717615612     -3.84859476986221      0.08247461330672       b
   -1.20418755927098     -6.50439549353750     -0.63691142363477       b
    1.47921700530219     -6.21143592178939     -0.56489491127721       n
   -6.35819064927293     -0.45336939308040     -0.43363600569391       b
   -5.48563728227597     -3.02546502941486     -0.39229656824140       n
   -8.45754731064360      0.02379594691227     -1.09262152882832       h
   -6.73619640269389     -4.33948606497775     -0.96907403103228       h
   -1.98803718890691     -8.52227250256716     -1.28788688664000       h
    2.54412651756552     -7.68465091041810     -1.14721937770884       h
    6.58626618662388     -4.46932060945297     -0.97893937813502       h
    8.36721256406276     -0.14779841964310     -1.12239353530795       h
    6.68851918926902      4.98391568546091     -1.20552154099056       h
    2.75217077896788      7.46462083829186     -1.19469238501325       h
   -2.69359874828233      7.52662690826777     -1.16795688366460       h
   -6.68317807043013      5.13334416854516     -1.15392926829425       h
$end
