$coord
        5.36178562021548       -0.86048871890066        0.24155874701672      N
        2.78966205618806       -0.01857319695013       -0.00147688083250      C
        2.84104063182052        2.74042888211388       -0.78465064604050      C
        4.60541970814365        4.13057422570707       -0.19038757356460      O
        1.33549211238042       -0.31092052441333        2.51394746903428      C
        6.67970883875204        0.49567588459453        0.47406551066963      H
        1.85526836035513       -1.16409080206517       -1.43553551701079      H
        1.53855635580279       -2.28165704805243        3.08585205133862      H
        2.25312255860400        0.87468814254255        3.93092442797754      H
        5.93779681412876       -3.35550990499241        0.18059304600424      C
        4.31242952996755       -4.99089353003859       -0.09222256562040      O
        0.80495393670656        3.50799599070577       -2.12295802701399      N
       -0.65324812283946        2.28729164547247       -2.24901195237222      H
        0.35439559555870        6.15827607642617       -2.62700605984221      C
       -0.68598672820269        6.36001168219921       -4.38529905603229      H
       -0.70771784523921        7.05121230044431       -1.10203207032776      H
        2.17165689338667        7.09392898350948       -2.79467911553576      H
        8.70325572107707       -3.99117164598732        0.46294177287977      C
        8.93431131578095       -5.18734453574402        2.11780232265859      H
        9.89872748314451       -2.33100985966899        0.64907981009734      H
        9.29334111193918       -5.07654382631895       -1.17882425414283      H
       -1.37328653302651        0.38285660041822        2.22230891525924      C
       -2.60517236613291        2.44722666787026        3.22404512288238      C
       -3.15190335520322       -0.85051257178069        0.60138880392625      C
       -1.91414152304360        3.86314557632254        4.51557115097496      H
       -5.43795150764749        0.55702165228640        0.69754344909581      C
       -3.02562042258435       -3.02525978399114       -0.92398590899136      C
       -6.34998198296019        3.81766133749839        2.83538872366305      H
       -5.15186144782376       -3.71618705681880       -2.28779399452654      C
       -1.31486555432537       -4.14839809047110       -1.00105796241923      H
       -5.03639894617785        2.55332729715239        2.30533364404180      N
       -7.58239747731925       -0.14837530941999       -0.67152917529297      C
       -7.40214725385650       -2.29522106376775       -2.16486716557214      C
       -9.31882247447702        0.92809868240080       -0.57610453196310      H
       -9.02527628632428       -2.89560706352924       -3.25177471191203      H
       -5.09473532025296       -5.38546037960256       -3.46518450927111      H
$end
