$coord
       -2.56745685564670       -0.02509985979910        0.00000000000000      C
       -1.39177582455798        2.27696188880013        0.00000000000000      C
        1.27784995624894        2.45107479759386        0.00000000000000      C
        2.62801937615793        0.25927727028121        0.00000000000000      C
        1.41097033661122       -1.99890996077412        0.00000000000000      N
       -1.17186102298848       -2.34220576284179        0.00000000000000      C
       -2.39505990368379       -5.22635838332363        0.00000000000000      S
        2.41961980455457       -3.62158019253045        0.00000000000000      H
       -2.51744374846065        3.98181713686745        0.00000000000000      H
        2.24269048384775        4.24389473203647        0.00000000000000      H
        4.66488984573956        0.17907568006409        0.00000000000000      H
       -4.60044244782237       -0.17794734637413        0.00000000000000      H
$end
