$coord
   -2.32545789823077      0.94648998176923      0.20175633207692      c
   -2.29250202323077     -1.65709594523077      0.15053935407692      c
    1.97944508076923     -2.53117049423077     -0.18322463992308      n
    2.68210536876923     -0.26361426723077      0.59490959007692      n
    1.77847857176923      1.93109138876923     -0.31484249292308      c
   -2.94206523723077      2.00283061376923     -1.44215307992308      h
   -2.51543077123077      1.93863159776923      1.98384471307692      h
   -2.76701982823077     -2.67861256823077     -1.55990345492308      h
   -2.34639635423077     -2.75680843823077      1.87099141307692      h
    1.61700030776923     -2.36680028123077     -2.07003046292308      h
    3.20984673276923     -0.25854995823077      2.43691633707692      h
    2.35489426576923      3.63012163976923      0.67480344507692      h
    1.56710178476923      2.06348673076923     -2.34360705392308      h
$user-defined bonds
$redundant
     number_of_atoms            13
     degrees_of_freedom         33
     internal_coordinates       33
     frozen_coordinates          0
# definitions of redundant internals
   1 k  1.0000000000000 stre    1    7           val=   2.04848
   2 k -0.7021229690726 bend    2    7    1      val=   1.14551
        0.7105168910087 bend    6    7    1
        0.0467876467883 bend    5    7    1
   3 k -0.1728626096466 bend    2    7    1      val=  31.56698
       -0.2338251147402 bend    6    7    1
        0.9567885523473 bend    5    7    1
   4 k  1.0000000000000 stre    2    9           val=   2.04260
   5 k -0.6795663138092 bend    1    9    2      val=  22.29109
        0.6497071670013 bend    8    9    2
        0.1590602340549 bend    3    9    2
        0.3012807066928 bend   10    9    2
   6 k  0.1170041981286 bend    1    9    2      val=  59.88182
       -0.3359407768666 bend    8    9    2
        0.7007197055027 bend    3    9    2
        0.6184219484937 bend   10    9    2
   7 k  1.0000000000000 stre    4   11           val=   1.91612
   8 k  0.7093050240099 bend    5   11    4      val=   2.25285
       -0.7049016831546 bend    3   11    4
   9 k  1.0000000000000 outp   11    3    5    4 val= -27.61136
  10 k  1.0000000000000 stre    5   12           val=   2.04899
  11 k -0.6965815793448 bend    4   12    5      val=   1.55207
        0.7174466467980 bend   13   12    5
       -0.0066642565834 bend    1   12    5
  12 k -0.2889319781678 bend    4   12    5      val=  26.43391
       -0.2720029445817 bend   13   12    5
        0.9178958057050 bend    1   12    5
  13 k  1.0000000000000 stre    1    6           val=   2.04902
  14 k  1.0000000000000 stre    6   13           val=   4.59879
  15 k  1.0000000000000 stre   13    5           val=   2.04404
  16 k -1.0000000000000 bend    5    6    1      val=  -1.07578
        1.0000000000000 bend    1   13    6
       -1.0000000000000 bend    6    5   13
        1.0000000000000 bend   13    1    5
  17 k -1.0000000000000 tors    1    6   13    5 val=  20.89242
        1.0000000000000 tors    6   13    5    1
       -1.0000000000000 tors   13    5    1    6
        1.0000000000000 tors    5    1    6   13
  18 k  1.0000000000000 tors    4    5    1   13 val= 240.37717
        1.0000000000000 tors    2    5    1    6
  19 k  1.0000000000000 stre    2    8           val=   2.04799
  20 k  1.0000000000000 stre    8   10           val=   4.42460
  21 k  1.0000000000000 tors    3   10    2    8 val= 184.27747
        1.0000000000000 tors    1   10    2    8
        1.0000000000000 tors    3   10    2    8
  22 k  1.0000000000000 stre    2    1           val=   2.60430
  23 k  1.0000000000000 stre    1    5           val=   4.25189
  24 k  1.0000000000000 stre    5    4           val=   2.54183
  25 k  1.0000000000000 stre    4    3           val=   2.49821
  26 k -0.8090169943749 bend    3    1    2      val=  -8.83593
        0.3090169943749 bend    2    5    1
        0.3090169943750 bend    1    4    5
       -0.8090169943750 bend    5    3    4
        1.0000000000000 bend    4    2    3
  27 k  0.5877852522925 bend    3    1    2      val=  -6.41315
       -0.9510565162952 bend    2    5    1
        0.9510565162952 bend    1    4    5
       -0.5877852522925 bend    5    3    4
  28 k -0.8090169943749 tors    1    5    4    3 val= -24.42944
        0.3090169943749 tors    5    4    3    2
        0.3090169943750 tors    4    3    2    1
       -0.8090169943750 tors    3    2    1    5
        1.0000000000000 tors    2    1    5    4
  29 k  0.5877852522925 tors    1    5    4    3 val=  30.29634
       -0.9510565162952 tors    5    4    3    2
        0.9510565162952 tors    4    3    2    1
       -0.5877852522925 tors    3    2    1    5
  30 k  1.0000000000000 stre    2   10           val=   4.55179
  31 k  1.0000000000000 stre   10    3           val=   1.92832
  32 k  1.0000000000000 tors    4    3    2   10 val=  96.73638
        1.0000000000000 tors    1    3    2   10
  33 k  1.0000000000000 stre    2    3           val=   4.37321
        33 non zero eigenvalues  of BmBt
           1           5.448900790    1    0
         1
           2           4.717456719    2    0
         2
           3           4.482648398    3    0
         3
           4           4.201469729    4    0
         4
           5           3.581228747    5    0
         5
           6           3.392263494    6    0
         6
           7           2.929019506    7    0
         7
           8           2.746407917    8    0
         8
           9           2.650400339    9    0
         9
          10           2.544154216   10    0
        10
          11           2.141314003   11    0
        11
          12           2.096172221   12    0
        12
          13           1.980758491   13    0
        13
          14           1.890358881   14    0
        14
          15           1.538881985   15    0
        15
          16           1.522195756   16    0
        16
          17           0.943175821   17    0
        17
          18           0.907188201   18    0
        18
          19           0.846522726   19    0
        19
          20           0.754294652   20    0
        20
          21           0.695782388   21    0
        21
          22           0.622136356   22    0
        22
          23           0.480741743   23    0
        23
          24           0.471135682   24    0
        24
          25           0.422032475   25    0
        25
          26           0.393584062   26    0
        26
          27           0.338875077   27    0
        27
          28           0.331693132   28    0
        28
          29           0.233826185   29    0
        29
          30           0.193212921   30    0
        30
          31           0.158861430   31    0
        31
          32           0.127625386   32    0
        32
          33           0.121403086   33    0
        33
$end
