$coord
   -5.02821936058970     -0.41459683825431      0.00000000000000      c
   -2.82232116752614      0.81482723877508      0.00000000000000      c
   -0.35865668615963     -0.39434965139071      0.00000000000000      c
    1.84164544972971      0.85161853269732      0.00000000000000      c
    4.39970661442153     -0.35033975298960      0.00000000000000      c
   -5.11473238575641     -2.46292846411780      0.00000000000000      h
   -6.81362477773430      0.58404114023932      0.00000000000000      h
   -2.82515661415315      2.87068977747513      0.00000000000000      h
   -0.34473500404279     -2.45168989484075      0.00000000000000      h
    1.80295791947235      2.90856694636272      0.00000000000000      h
    4.27233067331999     -2.40932741726163      0.00000000000000      h
    5.49540266950927      0.22674419165260      1.65825481016678      h
    5.49540266950927      0.22674419165260     -1.65825481016678      h
$redundant
     number_of_atoms            13
     degrees_of_freedom         22
     internal_coordinates       22
     frozen_coordinates          0
# definitions of redundant internals
   1 k  1.0000000000000 stre    1    7           val=   2.04572
   2 k  1.0000000000000 stre    1    6           val=   2.05016
   3 k  1.0000000000000 stre    2    8           val=   2.05586
   4 k  1.0000000000000 stre    3    9           val=   2.05739
   5 k  1.0000000000000 stre    5   11           val=   2.06292
   6 k  1.0000000000000 stre    2    1           val=   2.52537
   7 k  1.0000000000000 stre    4    5           val=   2.82637
   8 k  1.0000000000000 stre    3    4           val=   2.52859
   9 k  1.0000000000000 stre    3    2           val=   2.74440
  10 k  1.0000000000000 stre    4   10           val=   2.05731
  11 k  0.4363026839979 bend   12   11    5      val=   1.59043
        0.4363026839979 bend   13   11    5
        0.3888508933072 bend   13   12    5
       -0.3852489326502 bend    4   11    5
       -0.3997863045044 bend    4   12    5
       -0.3997863045044 bend    4   13    5
  12 k  0.8164732751223 bend    6    7    1      val=  -2.39936
       -0.4135792266621 bend    2    7    1
       -0.4028940484602 bend    2    6    1
  13 k  1.0000000000000 stre    5   13           val=   2.06963
  14 k  0.7071067811865 bend    4    9    3      val=   1.30211
       -0.7071067811865 bend    2    9    3
  15 k  0.7071067811865 bend    1    8    2      val=   1.41620
       -0.7071067811865 bend    3    8    2
  16 k  0.7071067811865 bend    3   10    4      val=   1.09958
       -0.7071067811865 bend    5   10    4
  17 k  0.0061690905112 bend    6    7    1      val=   0.02737
        0.7040020525114 bend    2    7    1
       -0.7101711430226 bend    2    6    1
  18 k -0.3154355465700 bend   12   11    5      val=   0.60797
       -0.3154355465700 bend   13   11    5
        0.6908134891155 bend   13   12    5
       -0.4756145793491 bend    4   11    5
        0.2208713732999 bend    4   12    5
        0.2208713732999 bend    4   13    5
  19 k  1.0000000000000 bend    3    1    2      val= 124.72555
  20 k  1.0000000000000 bend    2    4    3      val= 124.33636
  21 k  1.0000000000000 bend    3    5    4      val= 125.31090
  22 k  0.2283443206230 bend   12   11    5      val=   0.56370
        0.2283443206230 bend   13   11    5
       -0.4681900630591 bend   13   12    5
       -0.6652382194477 bend    4   11    5
        0.3420335646668 bend    4   12    5
        0.3420335646668 bend    4   13    5
        22 non zero eigenvalues  of BmBt
           1           4.500930747    1    0
         1
           2           4.002723541    2    0
         2
           3           3.911205157    3    0
         3
           4           3.615964235    4    0
         4
           5           3.065522919    5    0
         5
           6           3.007590355    6    0
         6
           7           2.396196998    7    0
         7
           8           2.137029264    8    0
         8
           9           2.064765436    9    0
         9
          10           1.294075505   10    0
        10
          11           0.898578936   11    0
        11
          12           0.875344473   12    0
        12
          13           0.685540483   13    0
        13
          14           0.654837845   14    0
        14
          15           0.574418897   15    0
        15
          16           0.448211052   16    0
        16
          17           0.361752391   17    0
        17
          18           0.346109829   18    0
        18
          19           0.300513464   19    0
        19
          20           0.098320818   20    0
        20
          21           0.086419225   21    0
        21
          22           0.020149968   22    0
        22
$user-defined bonds
$end
