$coord
       -0.64686989069123        3.33263184187322        0.00000000000000      N
        3.12433377895345        1.15505420303552        0.00000000000000      N
       -0.78022011746012       -1.17022725973894        0.00000000000000      C
        1.97060756598656       -1.18950488785103        0.00000000000000      C
       -1.95558608217719        1.09740640173615        0.00000000000000      C
        1.96406422795609        3.48380705408784        0.00000000000000      C
       -2.13876182682938       -3.64133782028857        0.00000000000000      C
        3.23425013182010       -3.14612800383208        0.00000000000000      O
        3.09397693686603        5.48924116270839        0.00000000000000      O
       -1.55503001017037        5.00336165919921        0.00000000000000      H
        5.09319270748167        1.18270335673716        0.00000000000000      H
       -3.99137617655881        1.26553057542234        0.00000000000000      H
       -1.61850198965165       -4.75142447312142       -1.65307854752472      H
       -1.61850198965165       -4.75142447312142        1.65307854752472      H
       -4.17557726587353       -3.35968933684632        0.00000000000000      H
$end
