$coord
   -0.82248279903705     -3.64977992644603      2.33914997397496      c
   -1.07645596246277     -5.26833911707487      3.58516868382138      h
   -1.18755098928265     -1.96553030251198      3.46256665839008      h
    1.88012527189979     -3.65832623357168      1.20626547859709      c
    2.90098530416775     -5.33535072417207      1.82664896393130      h
    2.98447484731773     -2.02762330665373      1.80119052150303      h
    1.51565993715156     -3.74135348619784     -1.67310437007386      c
    3.06775675802638     -4.67737136436039     -2.64720592105125      h
    1.37069695891385     -1.82569136784730     -2.42625017626466      h
   -1.02491996674900     -5.07267741055907     -1.99539031875905      c
   -0.81041997938062     -7.08952740980922     -1.60845376573076      h
   -1.82364135912164     -4.86891463987285     -3.88118529450980      h
   -2.62807583281571     -3.83996878439433      0.06600247531081      c
   -4.34774104452002     -4.88216428257461      0.50128097681864      h
   -3.18467561181928     -1.95372608125544     -0.55536526665163      h
   -1.51565993715156      3.74135348619784     -1.67310437007386      c
   -1.37069695891385      1.82569136784730     -2.42625017626466      h
   -3.06775675802638      4.67737136436039     -2.64720592105125      h
   -1.88012527189979      3.65832623357168      1.20626547859709      c
   -2.98447484731773      2.02762330665373      1.80119052150303      h
   -2.90098530416775      5.33535072417207      1.82664896393130      h
    0.82248279903706      3.64977992644603      2.33914997397496      c
    1.18755098928265      1.96553030251198      3.46256665839008      h
    1.07645596246277      5.26833911707487      3.58516868382138      h
    2.62807583281571      3.83996878439433      0.06600247531081      c
    3.18467561181928      1.95372608125544     -0.55536526665163      h
    4.34774104452002      4.88216428257461      0.50128097681864      h
    1.02491996674900      5.07267741055907     -1.99539031875905      c
    1.82364135912164      4.86891463987285     -3.88118529450980      h
    0.81041997938062      7.08952740980922     -1.60845376573076      h
$user-defined bonds
$end
