$coord
       -2.25440305958762        0.00000000000000       -1.74967913040348      N
       -2.23272908164746        0.00000000000000        0.77247967181538      C
        0.00000000000000        0.00000000000000        2.15208891013166      C
        2.23272908164746        0.00000000000000        0.77247967181538      C
        2.25440305958762        0.00000000000000       -1.74967913040348      N
        0.00000000000000        0.00000000000000       -2.87592721121954      C
       -4.06073032417178        0.00000000000000        1.70365144063128      H
        0.00000000000000        0.00000000000000        4.19716752153337      H
        4.06073032417178        0.00000000000000        1.70365144063128      H
        0.00000000000000        0.00000000000000       -4.92623318453189      H
$end
