$coord
       -0.74436577869564       -3.20581127765216        4.30642286000000      C
       -0.46071412869565        0.01879069534783        2.47812808200000      Al
       -0.46071412869565        3.39320636634783        4.04454274300001      C
        2.75256838730434       -0.41035095865217        0.00000000000000      C
       -0.46071412869565        0.01879069534783       -2.47812808200000      Al
       -0.74436577869564       -3.20581127765216       -4.30642286000000      C
       -2.59246488469565        0.05732976734783        0.00000000000000      H
       -0.46071412869565        3.39320636634783       -4.04454274300001      C
       -2.24309045469564        3.77633508334783       -5.01263425000000      H
       -0.17904291069566        4.89949939534783       -2.66287903400000      H
        1.03543485030436        3.56713674734783       -5.45819762300000      H
       -2.45578289369565       -3.27612042365217       -5.45792172300000      H
        0.85227504930434       -3.48151096165217       -5.58730559300000      H
       -0.79390116669566       -4.82394962865217       -3.02779646099999      H
       -2.24309045469564        3.77633508334783        5.01263425000000      H
        1.03543485030436        3.56713674734783        5.45819762300000      H
       -0.17904291069566        4.89949939534783        2.66287903400000      H
       -2.45578289369565       -3.27612042365217        5.45792172300000      H
       -0.79390116669566       -4.82394962865217        3.02779646099999      H
        0.85227504930434       -3.48151096165217        5.58730559300000      H
        3.70920815430436        0.50376619434784        1.59761970600001      H
        3.32128331330435       -2.38966318965217        0.00000000000000      H
        3.70920815430436        0.50376619434784       -1.59761970600001      H
$end
