$coord
       -0.23487479064357        2.70576182640717       -2.56458657056255      C
        0.00000000000000        0.00000000000000       -1.50201320873255      C
        0.00000000000000        0.00000000000000        1.50201320873255      C
       -0.23487479064357       -2.70576182640717        2.56458657056255      C
       -2.22582108293700       -1.55628844860945       -2.56458657056255      C
        2.46069587358057       -1.14947337779769       -2.56458657056255      C
       -2.22582108293700        1.55628844860945        2.56458657056255      C
        2.46069587358057        1.14947337779769        2.56458657056255      C
       -2.06998948421987        3.54704336073849       -2.14456455042880      H
        1.22722697820258        3.96368761080075       -1.83226641763457      H
       -0.03509608922685        2.66583553157807       -4.62025260174497      H
       -2.06998948421987       -3.54704336073849        2.14456455042880      H
        1.22722697820258       -3.96368761080075        1.83226641763457      H
       -0.03509608922685       -2.66583553157807        4.62025260174497      H
       -4.04626765272038       -0.91903406606730       -1.83226641763457      H
       -2.29113324804439       -1.36331187063297       -4.62025260174497      H
       -2.03683491661453       -3.56618515927030       -2.14456455042880      H
        4.10682440083440        0.01914179853181       -2.14456455042880      H
        2.81904067451778       -3.04465354473342       -1.83226641763457      H
        2.32622933727124       -1.30252366094511       -4.62025260174497      H
       -4.04626765272038        0.91903406606730        1.83226641763457      H
       -2.29113324804439        1.36331187063297        4.62025260174497      H
       -2.03683491661453        3.56618515927030        2.14456455042880      H
        4.10682440083440       -0.01914179853181        2.14456455042880      H
        2.81904067451778        3.04465354473342        1.83226641763457      H
        2.32622933727124        1.30252366094511        4.62025260174497      H
$end
