$coord
     0.000000000     0.000000000     7.765464241     N 
     0.000000000     0.000000000     9.924619804     C 
     0.000000000     0.000000000    11.941524353     H 
     0.000000000     0.000000000     1.738404292     BR
     0.000000000     0.000000000    -1.833100351     C 
     0.000000000     2.277048009    -3.126908809     C 
     0.000000000     2.265770124    -5.747741440     C 
     0.000000000     0.000000000    -7.063795752     C 
     0.000000000    -2.265770124    -5.747741440     C 
     0.000000000    -2.277048009    -3.126908809     C 
     0.000000000     4.039740949    -2.092117534     H 
     0.000000000     4.043127338    -6.760659137     H 
     0.000000000     0.000000000    -9.108946036     H 
     0.000000000    -4.043127338    -6.760659137     H 
     0.000000000    -4.039740949    -2.092117534     H 
$end
