$coord
    -0.236234646     2.640344051     3.616444217     C 
     0.015098911    -0.061264917     2.606669134     C 
     0.053195787    -0.092634368    -0.286482460     N 
     1.864346970    -0.093484745    -1.004540542     H 
    -0.859522969    -1.674372817    -0.964950783     H 
    -0.853192387     1.475554745    -1.005428713     H 
    -1.576995236    -1.264094407     3.251651512     H 
     1.753911384    -0.961643762     3.230618861     H 
    -0.055028821     2.585674278     5.674809355     H 
     1.277927201     3.904740814     2.763119549     H 
    -2.098521815     3.491023103     3.204049314     H 
$end
