$coord
       -4.28651958394806       -3.70046717283546       -0.61042895793018      F
       -5.10923475371136        1.37109151948029       -0.47832566461892      F
        0.07553313965751       -3.06258288469800        0.00118585795043      C
       -2.35594909939884       -2.12089908405253       -0.29893380408710      C
       -2.77593329447062        0.46918425807027       -0.23328333306139      C
       -0.76504272940761        2.11670250875798        0.12910946822907      C
        1.66838092357081        1.17598328669170        0.42186245056704      C
        2.08656809680459       -1.41510639506810        0.36329226368657      C
       -1.17192828967903        4.59341914682365        0.21365263878475      F
        3.59280833931957        2.75224281461527        0.75471406651119      F
        0.47398399615190       -5.54414747531786       -0.01921686126109      F
        4.40915409266568       -2.31943205806312        0.67044210000147      F
       -3.24894117526529       -2.48134382525410        6.11348075367798      H
       -4.00077778225010        2.13835057071915        6.14313510338403      H
        0.77380143428902       -2.12779362323670        6.57015159300588      C
       -1.67621279337305       -1.19059781444243        6.31563450343042      C
       -2.09984564898550        1.41048551578551        6.33585615664279      C
       -0.07448887699649        3.07353123225712        6.61331496177769      C
        2.37419739286886        2.13558089361251        6.86885312518482      C
        2.79888957225961       -0.46446715204327        6.84738338534045      C
       -0.40374023395541        5.09048173139878        6.62796980116631      H
        3.94495959408833        3.42530591940966        7.07970864426000      H
        1.10290261093272       -4.14563556099731        6.55865224854959      H
        4.69857800683630       -1.19201102534392        7.04318970752897      H
$end
