$coord
   -0.27723870317415      3.30248397213506     -0.00306358362990      c
    1.00494577970164      0.95980721833727      0.04939015559397      o
   -1.00494577970164     -0.95980721833727      0.04939015559397      o
    0.27723870317415     -3.30248397213506     -0.00306358362990      c
    1.22218104712271      4.71819497425315      0.00660026075550      h
   -1.41327750963210      3.50032802115055     -1.71928526508736      h
   -1.47327248437556      3.54289408551299      1.66635843236777      h
   -1.22218104712271     -4.71819497425315      0.00660026075550      h
    1.41327750963210     -3.50032802115055     -1.71928526508736      h
    1.47327248437556     -3.54289408551299      1.66635843236777      h
$redundant
     number_of_atoms            10
     degrees_of_freedom         13
     internal_coordinates       13
     frozen_coordinates          0
# definitions of redundant internals
   1 k  1.0000000000000 stre    2    3           val=   2.77931
   2 k  1.0000000000000 stre    1    6           val=   2.06764
   3 k  1.0000000000000 stre    1    5           val=   2.06218
   4 k  1.0000000000000 stre    2    1           val=   2.67112
   5 k  1.0000000000000 stre    1    7           val=   2.06767
   6 k -0.3577188318699 bend    6    5    1      val=   0.54605
       -0.3561345494505 bend    7    5    1
       -0.4920338147206 bend    7    6    1
        0.4344677598014 bend    2    5    1
        0.3961788417491 bend    2    6    1
        0.3967218625540 bend    2    7    1
   7 k -0.6070221198143 bend    6    5    1      val=   0.08402
        0.6295642109541 bend    7    5    1
       -0.0163118976933 bend    7    6    1
        0.0094314068028 bend    2    5    1
       -0.3491990430529 bend    2    6    1
        0.3359732864859 bend    2    7    1
   8 k  0.4225802709863 bend    6    5    1      val=   2.47453
        0.3901349331697 bend    7    5    1
       -0.6377965526008 bend    7    6    1
        0.3834688829164 bend    2    5    1
       -0.2308335565073 bend    2    6    1
       -0.2492061215328 bend    2    7    1
   9 k  1.0000000000000 bend    3    1    2      val= 104.98836
  10 k  0.3419685847269 bend    6    5    1      val=   0.00864
       -0.3434441529241 bend    7    5    1
        0.0012447543090 bend    7    6    1
        0.0028075263071 bend    2    5    1
       -0.6196718079128 bend    2    6    1
        0.6173337992877 bend    2    7    1
  11 k  0.2219685930098 bend    6    5    1      val=   2.16942
        0.2190708225148 bend    7    5    1
       -0.4035686560632 bend    7    6    1
       -0.7138923345707 bend    2    5    1
        0.3371500176596 bend    2    6    1
        0.3414057095548 bend    2    7    1
  12 k  1.0000000000000 tors    1    2    3    4 val= 177.67031
  13 k  1.0000000000000 tors    5    1    2    3 val=  59.74848
        1.0000000000000 tors    6    1    2    3
        1.0000000000000 tors    7    1    2    3
        13 non zero eigenvalues  of BmBt
           1           3.592018581    1    0
         1
           2           3.576020960    2    0
         2
           3           3.266256208    3    0
         3
           4           2.257722040    4    0
         4
           5           1.283331892    5    0
         5
           6           0.840288296    6    0
         6
           7           0.798375051    7    0
         7
           8           0.707741126    8    0
         8
           9           0.691396822    9    0
         9
          10           0.313751841   10    0
        10
          11           0.260012659   11    0
        11
          12           0.098577757   12    0
        12
          13           0.083883329   13    0
        13
$user-defined bonds
$end
