$coord
   -2.25529750342368     -1.30209662070435     -0.66592892164263      c
   -1.42314747836807     -0.82165457973234     -3.37789246526189      c
    0.00000000000000      1.64330915946468     -3.37789246526189      c
    0.00000000000000      2.60419324140870     -0.66592892164263      c
   -2.25529750342368      1.30209662070435      0.66592892164263      c
    0.00000000000000     -2.60419324140870      0.66592892164263      c
    2.25529750342368     -1.30209662070435     -0.66592892164263      c
    1.42314747836807     -0.82165457973234     -3.37789246526189      c
    0.00000000000000     -1.64330915946468      3.37789246526189      c
   -1.42314747836807      0.82165457973234      3.37789246526189      c
    2.25529750342368      1.30209662070435      0.66592892164263      c
    1.42314747836807      0.82165457973234      3.37789246526189      c
   -4.03310083688381     -2.32851185384377     -0.47277988328703      h
   -2.50723520772593     -1.44755292210227     -4.99645918837028      h
    0.00000000000000      2.89510584420454     -4.99645918837028      h
    0.00000000000000      4.65702370768754     -0.47277988328703      h
   -4.03310083688381      2.32851185384377      0.47277988328703      h
    0.00000000000000     -4.65702370768754      0.47277988328703      h
    4.03310083688381     -2.32851185384377     -0.47277988328703      h
    2.50723520772593     -1.44755292210227     -4.99645918837028      h
    0.00000000000000     -2.89510584420454      4.99645918837028      h
   -2.50723520772593      1.44755292210227      4.99645918837028      h
    4.03310083688381      2.32851185384377      0.47277988328703      h
    2.50723520772593      1.44755292210227      4.99645918837028      h
$redundant
     number_of_atoms            24
     degrees_of_freedom          8
     internal_coordinates       11
     frozen_coordinates          0
# definitions of redundant internals
   1 k  1.0000000000000 stre    1   13           val=   2.06190
   2 k  1.0000000000000 stre    2   14           val=   2.04616
   3 k  0.5320417356489 bend    8   14    2      val=  28.40962
        0.5320417356489 bend    3   14    2
       -0.6586829154119 bend    1   14    2
   4 k -0.7946081889086 bend    2   13    1      val=   3.78612
        0.4293004927317 bend    6   13    1
        0.4293004927317 bend    5   13    1
   5 k  1.0000000000000 tors    4    5    1    2 val=  55.79875
        1.0000000000000 tors    4    5    1    6
        1.0000000000000 tors   10    5    1    2
        1.0000000000000 tors   10    5    1    6
   6 k  1.0000000000000 stre    1    2           val=   2.87716
   7 k  1.0000000000000 stre    1    5           val=   2.92501
   8 k -0.6329300574443 bend    5    2    1      val=   7.70261
        0.7742089784958 bend    5    6    1
   9 k  0.7742089784958 bend    5    2    1      val= 103.86394
        0.6329300574443 bend    5    6    1
  10 k  1.0000000000000 stre    2    3           val=   2.84629
  11 k  1.0000000000000 bend    1    3    2      val= 106.81164
         8 non zero eigenvalues  of BmBt
           1           2.269038138    1    0
         1
           2           2.000869596    2    0
         2
           3           1.378448764    3    0
         3
           4           1.033063365    4    0
         4
           5           1.896066427    0    0
         0.000000000         0.000000000         0.000000000         0.000000000
         0.450571176        -0.583097994         0.313716021        -0.435737967
         0.003923043         0.408995395        -0.037475368
           6           1.269096971    0    0
         0.000000000         0.000000000         0.000000000         0.000000000
         0.491599146        -0.078420948         0.076740055        -0.125988164
        -0.092586193        -0.828212563         0.189499679
           7           0.589735380    0    0
         0.000000000         0.000000000         0.000000000         0.000000000
        -0.159975751        -0.443039722        -0.778938022        -0.258179022
         0.113065963        -0.157789051        -0.258923575
           8           0.289047630    0    0
         0.000000000         0.000000000         0.000000000         0.000000000
        -0.188700411        -0.646333908         0.077379775         0.646152358
        -0.130177672        -0.053838862         0.321402062
$user-defined bonds
$end
