$coord
        0.00000000000000        3.46520755599999       -1.22837502841176      C
        1.57873567399999        1.84648150100000        0.55471939358825      C
        0.00000000000000        0.00000000000000        2.11432726058824      C
       -1.57873567399999       -1.84648150100000        0.55471939358825      C
        0.00000000000000       -3.46520755599999       -1.22837502841176      C
        1.16007255000000        4.87168714699999       -2.18227469341176      H
       -3.00190910399999       -0.81436607699999       -0.52306503841177      H
       -2.61939454900000       -3.07264343800000        1.84533610458825      H
       -1.47854051200000        4.46176400600001       -0.19492167841176      H
       -0.91236537700001        2.32583695500000       -2.67910822241176      H
       -1.25421491899999        1.07931133000000        3.35052553258823      H
        1.25421491899999       -1.07931133000000        3.35052553258823      H
        3.00190910399999        0.81436607699999       -0.52306503841177      H
        2.61939454900000        3.07264343800000        1.84533610458825      H
       -1.16007255000000       -4.87168714699999       -2.18227469341176      H
        0.91236537700001       -2.32583695500000       -2.67910822241176      H
        1.47854051200000       -4.46176400600001       -0.19492167841176      H
$end
