$coord
     0.092672163    -0.159644052     0.040477931     C 
     0.092672163    -0.159644052     2.901655361     C 
     2.734112255    -0.159644052     3.866077020     N 
     3.712196633     1.380652706     3.227708683     H 
     2.789915863    -0.151102490     5.796356530     H 
     3.747005386    -1.751001205     3.163892637     H 
    -0.857860011     1.495869300     3.664140901     H 
    -0.814717566    -1.842123793     3.658074881     H 
     1.045472007     1.508095827    -0.697403377     H 
     1.038253254    -1.830917718    -0.693907384     H 
    -1.847358334    -0.151215874    -0.638651796     H 
     5.299963307    -3.877887808     1.626128112     O 
     6.527415927    -2.569252559     0.054083958     C 
     7.982523837    -4.194964932    -1.902859586     C 
     9.522159191    -5.853426255    -0.759461978     F 
     6.679538869    -0.242527434    -0.138705888     O 
     9.397796323    -2.822003411    -3.473580932     F 
     6.362858588    -5.535045221    -3.327901955     F 
$end
