$coord
    5.63264623483614      3.40513574792698     -0.00003424183700       c
    5.26638072828778      0.24340550836063      0.00002107209124       b
    2.63961896629515     -0.04416660030392      0.00006476930711       n
    1.35240065807226      2.27775340114167      0.00003028636865       b
    2.92132016655689      4.41932464118692     -0.00000124157979       n
    1.29752476298450     -2.31304118064651      0.00002848025082       b
    2.36656166052199     -4.74258769476444      0.00004769740416       n
    5.09070530421473     -4.67371823607242      0.00002808201540       b
    6.48262811273136     -2.21788271592829      0.00001196305978       n
   -1.35885831025384     -2.26945392344653     -0.00005556096520       n
   -2.42543601902165     -4.68658497184817     -0.00004223853478       b
    0.12909634505512     -6.58382804280424      0.00001487416955       c
   -1.28274962390171      2.30305467656558      0.00000365524146       n
   -2.83974859990566      4.43700832632704      0.00001248647745       b
   -1.31688747371254      6.72240428582637      0.00001885284296       n
    1.50396587640007      6.74423649458229      0.00000247660371       b
   -2.65197191849473      0.02742476394905     -0.00004319900969       b
   -5.29050379979580      0.32124962501178     -0.00004439731305       n
   -5.76005742994322      3.18223496859941      0.00001171751453       c
   -5.16687462041097     -4.50424362559329     -0.00005179229444       n
   -6.59517106341296     -2.06893754223768     -0.00003159669337       b
    2.50723263296391      8.76337393361753     -0.00000334346212       h
   -2.10902877405862      8.45339830934623      0.00003415459577       h
    8.37752899850424     -2.40213251279772     -0.00000835256615       h
    6.34148153906172     -6.54964087653517      0.00001893067388       h
   -6.27649755076563     -6.05100458454811     -0.00003503926641       h
   -8.84506316920596     -2.20824472958759      0.00000125415662       h
   -6.87559538703228      3.70427950345013      1.65389553128560       h
   -6.87564725912226      3.70434260051096     -1.65381529847323       h
    6.64061868660684      4.11392383218505     -1.65359000308559       h
    6.64069058193287      4.11398304250180      1.65345257057343       h
    0.23988377647746     -7.81054815980445     -1.65406969802641       h
    0.23981352643935     -7.81052015389702      1.65412525874893       h
$end
