$coord
       -2.17793543124243        5.63046596145455       -0.15961770996970      N
        0.28318700675758        4.99057261545456        0.41288422703030      C
        0.47663069775758        2.42475746745455        0.78401507403029      C
       -2.01874491324243        1.41570614945456        0.41516512703029      C
       -3.02530935224242       -1.03315763654545        0.54307501003029      C
       -5.58852045724241       -1.38329929554545        0.09193316503031      C
       -7.17380214224243        0.68546311445456       -0.48774973096970      C
       -6.20846774524243        3.12750309945454       -0.61860947596971      C
       -3.63466472624241        3.47409774345455       -0.16637725996970      C
       -2.80637892724243        7.39051328445455       -0.47627531496969      H
        1.73197000375758        6.41927349445454        0.51740497203030      H
       -1.86938286124241       -2.65939346254545        0.99188682203029      H
       -9.16244395024241        0.40185681745454       -0.83645141896970      H
       -7.44270259224242        4.69778036045455       -1.06021198396969      H
       -6.43070708124241       -3.83289440554544        0.25109722603030      O
       -9.03831729824242       -4.25084510254545       -0.18890846296970      C
      -10.20860003724242       -3.24803554954545        1.18418344903031      H
       -9.58555548924242       -3.68330936554546       -2.09657362196971      H
       -9.32751907424242       -6.27141950054546        0.02415058403030      H
        2.82844382575758        0.95873072045454        1.33977403903030      C
        3.82921058475759       -0.37699941854546       -1.03372369496970      C
        6.08869170075759       -1.86343331654545       -0.54955132996970      N
        8.40311660075759       -0.75311536254546       -0.34954273096971      C
       10.56819834475758       -2.51285843954546        0.29845564903029      C
        4.30515130375759        2.20950066945455        2.04690761503030      H
        2.45744526075758       -0.45475219454545        2.80094607903030      H
        2.38922237275758       -1.62548657854545       -1.81446587796971      H
        4.29310430075758        1.03655152645454       -2.45482598596971      H
        5.91833101375757       -3.70236725154545       -0.11972181496970      H
        8.72306988775758        1.51349757945455       -0.67891630196970      O
       11.32044912875758       -1.97948138954545        2.13758044703030      H
       10.02210154775758       -4.49565532554545        0.34210643003031      H
       12.06072849775757       -2.24976700854544       -1.09004319896971      H
$end
