$coord
        2.37198613172418       -0.77944966885294        0.42924751163271      C
        1.44714282393316       -2.38592475168037       -0.44595269064743      H
        4.94136171693281       -0.87037951091512       -0.38721055380667      O
        1.09560652006310        1.68846652028105       -0.33988425253468      C
        2.23166640745289        3.25041587596541        0.40172554023336      H
        1.14562001189606        1.85105477730227       -2.39774876809382      H
       -1.61914569654841        2.01001853960061        0.61187253484090      C
       -2.22050946436436        3.95041578901346        0.24394663622034      H
       -1.69776208312873        1.73599313252312        2.65726296819686      H
        5.81301679298765        0.50447750898289        0.41760868838026      H
        2.23739983654009       -1.03010861229730        2.47904667605671      H
       -3.54837277478976        0.26595816621620       -0.60477094403353      C
       -5.45357387497762        0.90234989763129       -0.11558698864407      H
       -3.35706068054868        0.33957811690115       -2.66458376723568      H
       -3.14060578010957       -2.24191439227153        0.30504148209652      O
       -4.35243990597581       -3.32986185231806       -0.49715670994410      H
$end
