$coord
   -2.74753712457143      0.37784000250000     -1.43187391300000      n
   -1.18171822157143     -0.72737292050000     -1.52700665300000      h
   -3.99820987557143     -0.35850981350000     -2.67576139800000      h
   -3.80581663657143      0.22757315950000      1.11430154300000      c
   -5.49538086757143      1.39513306450000      1.22999226200000      h
   -4.30486812157143     -1.67583868950000      1.75209463100000      h
   -2.44826907957143      0.99721383450000      2.45438316600000      h
    2.99257143742857     -1.37287306250000     -1.14373597500000      n
    3.55243804342857     -0.85407196950000     -2.89737380800000      h
    4.17090944942857     -2.78580288550000     -0.62369309000000      h
    3.29536218742857      0.77236389950000      0.58285999400000      c
    2.78477654742857      0.17767510450000      2.48326881100000      h
    5.19909163542857      1.56940602550000      0.65272644000000      h
    1.98665062642857      2.25726425050000      0.02981799000000      h
$user-defined bonds
$end
