$coord
   -0.00039583285858      0.00063879643404      0.01907826274140       o
    2.59832617665657      0.00001042834073      0.01953425791478       c
   -2.59878027774620      0.00128780250551      0.01848773429284       c
    3.33843337471030      0.76894422810117     -1.75948826320202       h
    3.33814408732932      1.15990331163351      1.56832043657236       h
    3.34733459098885     -1.92115758438322      0.24636985070465       h
   -3.34250343439169     -1.92378250300052      0.22775752813727       h
   -3.34039930774160      1.14398018145351      1.57942523344104       h
   -3.34138166309639      0.78645337285003     -1.75241153243226       h
$end
