$coord
        3.44376028745523       -3.44376028745523        3.44376028745523      Li
       -3.44376028745523        3.44376028745523        3.44376028745523      Li
        3.44376028745523        3.44376028745523       -3.44376028745523      Li
       -3.44376028745523       -3.44376028745523       -3.44376028745523      Li
        1.96829703889623        1.96829703889623        1.96829703889623      Li
       -1.96829703889623        1.96829703889623       -1.96829703889623      Li
       -1.96829703889623       -1.96829703889623        1.96829703889623      Li
        1.96829703889623       -1.96829703889623       -1.96829703889623      Li
$end
