$coord
        0.00000000000000        0.34972969900000        0.00000000000000      C
       -2.59958077200001       -0.80323181200000        0.00000000000000      C
       -0.07327034600001       -2.09951581099999        0.00000000000000      C
        1.34399391100000        2.69313354699999        0.00000000000000      C
        1.16367436800000       -4.58953782900000        0.00000000000000      C
        0.20332317800000        4.94386901100000        0.00000000000000      C
       -3.72867693300001       -0.76805645200000        1.72318254899999      H
       -3.72867693300001       -0.76805645200000       -1.72318254899999      H
        3.39134950600000        2.58275843099999        0.00000000000000      H
        0.59233650100001       -5.68135158599999       -1.65827990999999      H
        3.21616812700001       -4.41993114200000        0.00000000000000      H
       -1.83631477500000        5.08573263100001        0.00000000000000      H
        1.27264352700001        6.68355642700001        0.00000000000000      H
        0.59233650100001       -5.68135158599999        1.65827990999999      H
$end
