$coord
        5.01873106691911       -0.78883772108404        1.33671854870866      C
        3.91495161660294        0.79018314689487       -0.49190279369956      C
        5.49764423060646        2.04600124185338       -2.23113111862434      C
        8.09885944791028        1.72615194760532       -2.13927819979449      C
        9.18798951589144        0.14110624633136       -0.30264602043234      C
        7.62622504090639       -1.12044753156128        1.44447541815541      C
        1.17256091263155        1.08322075418024       -0.54810574772045      C
       -0.44539721250604        0.02556536562016        0.90595823917454      N
       -2.95705481290363        0.90406342539362        0.13440104156284      C
       -2.41422535860762        2.68747348247660       -2.11159869130918      C
        0.21434896959414        2.70929947176058       -2.40399877863845      O
       -4.04702603092651        2.50353007738140        2.40203853534164      C
       -6.71410815955636        3.40211316997517        2.12706806495110      C
       -8.44819156118943        1.63617463033957        2.87103047147245      F
       -4.70547586318877       -1.29549279287972       -0.56071276669260      C
       -4.32708205673554       -3.66675935740642        0.56160540937035      C
       -5.97505307063354       -5.66365320746604        0.04445948045430      C
       -8.01546318181279       -5.31635194441813       -1.59825523731988      C
       -8.39792983979062       -2.95388442207958       -2.71581713622910      C
       -6.75717838590153       -0.94938653476900       -2.20107986630225      C
       -3.76470878386767        3.94922092839720       -3.41847076438664      O
       11.75441958682200       -0.04895977216000       -0.36886861090084      O
       12.96201472198963       -1.64310112267924        1.46040152827078      C
       -7.50316337466375        5.64451723158603        1.31023419470113      C
       -9.50365999625024        6.09137318496671        1.20369778741181      H
       -6.12923244988076        7.03622239598037        0.69576076189523      H
       -2.73473134670661       -3.93699980049408        1.82769479613845      H
       -5.65899706795884       -7.49490709094374        0.92653506646210      H
       -9.29648189581543       -6.87375094297365       -2.00306880610970      H
       -9.98146710887549       -2.66072115418948       -3.99490719383090      H
       -7.08325111966345        0.88351192948831       -3.06143993394109      H
       -3.90348182264705        1.27946014370190        4.06648226392177      H
       -2.80293404730953        4.13432749890186        2.69054111296750      H
        4.67313434631303        3.27070695933585       -3.65663176635281      H
        9.33082928377822        2.68485954133714       -3.47411861904328      H
        8.42612996160350       -2.35177956747543        2.87643935287799      H
        3.80042849252853       -1.75690808753810        2.67694974271637      H
       14.98415732791836       -1.51550918666328        1.06023768602932      H
       12.32468569823204       -3.61224448229099        1.26646120118645      H
       12.57918432714342       -0.97938805443541        3.39284134755769      H
$end
