$coord
       -1.13004922110497        0.74497984832542       -0.36064777004402      C
        1.28741911737890       -0.78134877438328        0.03893408860329      C
        3.42967611894511        0.60396651973778        0.36549724446293      N
       -3.28266865874067       -0.66931418883670        0.60141079467725      N
        1.29246411719846       -3.08212501673166       -0.02493327649864      O
       -4.90175647391925       -0.16466093675859       -0.28219190779280      H
       -2.97771626204102       -2.53994002637922        0.30008477166990      H
        3.39234443842009        2.48960967821216        0.59027099273960      H
        5.08378775295673       -0.31458587706118        0.57644052768265      H
       -1.20937719721952        1.14150527923186       -2.40465091601453      H
       -0.98412373187392        2.57191349464340        0.59978545051435      H
$end
