$coord
   -0.80211420186439      3.59811586726783      0.00000000000000      n
    2.97211602919085      1.41442390470847      0.00000000000000      n
   -0.89368988578890     -0.89374574686878      0.00000000000000      c
    1.76482779192010     -0.80015862450897      0.00000000000000      c
   -2.06629005318835      1.40424596129864      0.00000000000000      c
    1.81299241082503      3.79426695111841      0.00000000000000      c
   -2.28740202674421     -3.35932386461959      0.00000000000000      c
    3.23746659602996     -2.75280936364604      0.00000000000000      o
    2.95529757049948      5.72211564367907      0.00000000000000      o
   -1.75427350072677      5.26087307137061      0.00000000000000      h
    4.89625880968261      1.43379685986266      0.00000000000000      h
   -4.10870315345587      1.55012676523566      0.00000000000000      h
   -1.87886566268448     -4.48873949564425     -1.67947511124634      h
   -1.87886566268448     -4.48873949564425      1.67947511124634      h
   -4.32082179308367     -3.04376561346618      0.00000000000000      h
    2.35206673207312     -4.35068282014331      0.00000000000000      h
$user-defined bonds
$end
