$coord
    -0.663121893    -0.116938701    -2.475428034     C 
     1.359013406     1.720821142    -1.331542871     C 
    -0.479519820     2.352631119     0.903513595     C 
    -2.501655119     0.514871276    -0.240371568     C 
     0.479519820    -2.352631119    -0.903513595     C 
     2.501655119    -0.514871276     0.240371568     C 
     0.663121893     0.116938701     2.475428034     C 
    -1.359013406    -1.720821142     1.331542871     C 
     0.863297194    -4.235528455    -1.626628803     H 
    -1.193842768    -0.210529051    -4.456604263     H 
     2.446681889     3.098057683    -2.397225673     H 
     4.503821851    -0.926941721     0.432749787     H 
    -0.863297194     4.235528455     1.626628803     H 
     1.193842768     0.210529051     4.456604263     H 
    -2.446681889    -3.098057683     2.397225673     H 
    -4.503821851     0.926941721    -0.432749787     H 
$end
