$coord
    2.73929599668182     -0.01070567650000     -3.52312704863636      n
    1.47038900168182     -2.16237802150000     -3.94336910663636      c
    2.50809879168182     -3.89438002750000     -3.60913019063636      h
   -1.03154644031818     -2.24877571950000     -4.75622390263637      c
   -1.94714196031818     -4.04894700350000     -5.05894450763636      h
   -2.30619582031818      0.01482445550000     -5.16159453663636      c
   -4.24913606231818      0.02478602050000     -5.79358888063636      h
   -1.01619556031818      2.26540616350000     -4.73289512563636      c
   -1.91961377731818      4.07475648050000     -5.01688594363636      h
    1.48476935168182      2.15370052950000     -3.92058151363636      c
    2.53395836068182      3.87511222950000     -3.56799938463636      h
    1.09023105368182      0.01136068350000      7.36505080036364      n
    2.73555503468182      0.00075404650000      5.43863949636364      c
    4.71571683668182      0.00311341650000      5.95699661236363      h
    2.02995830468182     -0.01260208450000      2.90295211436363      c
    3.44245414668182     -0.02047093950000      1.42688780836364      h
   -0.53260189731818     -0.01527427850000      2.31257248836364      c
   -1.15569875231818     -0.02558363550000      0.36562285836364      h
   -2.26756549731818     -0.00447433150000      4.28765667236364      c
   -4.27908439631818     -0.00607944650000      3.93099775236364      h
   -1.36880462831818      0.00859814050000      6.76123023136364      c
   -2.67684208631818      0.01725899850000      8.33573330636364      h
$user-defined bonds
$end
