$coord
   -1.36890412168687     -0.46535503195957     -0.55697529643092      c
   -1.61510640371003     -1.66726335073143      2.06163882081970      c
    1.36890412168687      0.46535503195957     -0.55697529643092      c
    1.61510640371003      1.66726335073143      2.06163882081970      c
    0.00000000000000      0.00000000000000      3.83184464163422      c
   -2.03948997916353     -2.23628735139659     -2.71164250109921      c
    2.03948997916353      2.23628735139659     -2.71164250109921      c
   -2.58591198631991      1.21067201294681     -0.63844280375839      h
   -3.57211226821217     -1.83426961594999      2.67863520938048      h
   -0.83792952268118     -3.57810807840076      1.97556865932573      h
    2.58591198631991     -1.21067201294681     -0.63844280375839      h
    3.57211226821217      1.83426961594999      2.67863520938048      h
    0.83792952268118      3.57810807840076      1.97556865932573      h
    1.18018620434096     -1.15629614694009      5.05726010205433      h
   -1.18018620434096      1.15629614694009      5.05726010205433      h
   -0.79223174150022     -3.87911171640072     -2.69211488031072      h
   -1.85276972667781     -1.31539054985072     -4.54393963299438      h
   -3.97752050148281     -2.91427835066317     -2.54590999780374      h
    0.79223174150022      3.87911171640072     -2.69211488031072      h
    1.85276972667781      1.31539054985072     -4.54393963299438      h
    3.97752050148281      2.91427835066317     -2.54590999780374      h
$user-defined bonds
$redundant
     number_of_atoms            21
     degrees_of_freedom         29
     internal_coordinates       29
     frozen_coordinates          0
# definitions of redundant internals
   1 k  1.0000000000000 stre    6   18           val=   2.05988
   2 k  1.0000000000000 stre    2   10           val=   2.06464
   3 k  1.0000000000000 stre    2    9           val=   2.05875
   4 k  1.0000000000000 stre    3    4           val=   2.89177
   5 k  1.0000000000000 stre    1    3           val=   2.89168
   6 k  1.0000000000000 stre    6   17           val=   2.05918
   7 k  1.0000000000000 stre    6   16           val=   2.06274
   8 k  1.0000000000000 stre    1    6           val=   2.86853
   9 k  1.0000000000000 stre    1    8           val=   2.07288
  10 k  0.4259863962157 bend   18   17    6      val=   1.39561
        0.4213367443129 bend   16   17    6
        0.4103149830984 bend   16   18    6
       -0.3967630312095 bend    1   17    6
       -0.3985976058535 bend    1   18    6
       -0.3954131996396 bend    1   16    6
  11 k  1.0000000000000 stre    5    2           val=   2.91924
  12 k -0.8090169943749 tors    4    5    2    1 val= -10.53623
        0.3090169943749 tors    5    2    1    3
        0.3090169943750 tors    2    1    3    4
       -0.8090169943750 tors    1    3    4    5
        1.0000000000000 tors    3    4    5    2
  13 k  1.0000000000000 stre    5   14           val=   2.05706
  14 k  0.0264429346259 bend   10    9    2      val=   0.51763
        0.5229471737664 bend    1    9    2
        0.4722535921686 bend    1   10    2
       -0.5183383677739 bend    5    9    2
       -0.4838686865622 bend    5   10    2
  15 k  0.0354577526522 bend   18   17    6      val=   0.22370
       -0.6305361930132 bend   16   17    6
        0.6072761776821 bend   16   18    6
       -0.3347983796546 bend    1   17    6
        0.3464256608566 bend    1   18    6
       -0.0167871253607 bend    1   16    6
  16 k  1.0000000000000 tors   17    6    1    2 val=  58.33564
        1.0000000000000 tors   17    6    1    3
        1.0000000000000 tors   18    6    1    2
        1.0000000000000 tors   18    6    1    3
        1.0000000000000 tors   16    6    1    2
        1.0000000000000 tors   16    6    1    3
  17 k -0.6841423892481 bend   18   17    6      val=   0.54217
        0.3247072345505 bend   16   17    6
        0.3749018887348 bend   16   18    6
       -0.2343942057266 bend    1   17    6
       -0.2015465861212 bend    1   18    6
        0.4363499820468 bend    1   16    6
  18 k -0.8863679361273 bend   15   14    5      val=   4.53127
        0.2298543280093 bend    4   14    5
        0.2331156983092 bend    4   15    5
        0.2331156983092 bend    2   14    5
        0.2298543280093 bend    2   15    5
  19 k -0.8830248777222 bend   10    9    2      val=   4.40415
        0.2071347196354 bend    1    9    2
        0.2817785239085 bend    1   10    2
        0.1849364253883 bend    5    9    2
        0.2525107032855 bend    5   10    2
  20 k -0.7766504460985 bend    6    8    1      val=   6.72574
        0.4466626778446 bend    3    8    1
        0.4441920044258 bend    2    8    1
  21 k  0.0762751140416 bend   10    9    2      val=   1.39192
       -0.4936296908239 bend    1    9    2
        0.4913074902044 bend    1   10    2
       -0.5111981471329 bend    5    9    2
        0.4978004015185 bend    5   10    2
  22 k -0.8090169943749 bend    1    4    3      val=  -0.17533
        0.3090169943749 bend    3    5    4
        0.3090169943750 bend    4    2    5
       -0.8090169943750 bend    5    1    2
        1.0000000000000 bend    2    3    1
  23 k -0.0006278590584 bend    6    8    1      val=   0.95093
       -0.7056915310876 bend    3    8    1
        0.7085189261722 bend    2    8    1
  24 k -0.0051935435613 bend   18   17    6      val=  -0.05532
        0.3421904851169 bend   16   17    6
       -0.3396476996659 bend   16   18    6
       -0.6123228393320 bend    1   17    6
        0.6264727796200 bend    1   18    6
       -0.0105231145536 bend    1   16    6
  25 k -0.4334381746990 bend   18   17    6      val=   0.62889
        0.2130503912120 bend   16   17    6
        0.2293336877450 bend   16   18    6
        0.3506023995079 bend    1   17    6
        0.3354316391174 bend    1   18    6
       -0.6918890894656 bend    1   16    6
  26 k  0.6975747834386 bend    3    6    1      val= 114.31605
        0.7165119828102 bend    2    6    1
  27 k -0.0022740269341 bend   15   14    5      val=   0.39946
        0.5013422602040 bend    4   14    5
       -0.4986515341742 bend    4   15    5
       -0.4986515341742 bend    2   14    5
        0.5013422602040 bend    2   15    5
  28 k  0.7165119828102 bend    3    6    1      val=   2.04502
       -0.6975747834386 bend    2    6    1
  29 k -0.0040761617669 bend   10    9    2      val=   0.66244
        0.4859503806768 bend    1    9    2
       -0.5245368000086 bend    1   10    2
       -0.4704950513314 bend    5    9    2
        0.5170407764720 bend    5   10    2
        29 non zero eigenvalues  of BmBt
           1           4.988296395    1    0
         1
           2           4.506295437    2    0
         2
           3           3.818958988    3    0
         3
           4           3.601791518    4    0
         4
           5           3.245628281    5    0
         5
           6           3.111058550    6    0
         6
           7           2.713239292    7    0
         7
           8           2.640558141    8    0
         8
           9           2.255340999    9    0
         9
          10           1.395753362   10    0
        10
          11           0.874943681   11    0
        11
          12           0.809841494   12    0
        12
          13           0.763237937   13    0
        13
          14           0.700273609   14    0
        14
          15           0.693524653   15    0
        15
          16           0.693140117   16    0
        16
          17           0.588275760   17    0
        17
          18           0.418267712   18    0
        18
          19           0.364264642   19    0
        19
          20           0.354646887   20    0
        20
          21           0.334004929   21    0
        21
          22           0.318048040   22    0
        22
          23           0.291784767   23    0
        23
          24           0.257965454   24    0
        24
          25           0.246770296   25    0
        25
          26           0.159953189   26    0
        26
          27           0.111279559   27    0
        27
          28           0.026774459   28    0
        28
          29           0.013071892   29    0
        29
$end
