$coord
    1.06226462769697      4.69024132636364     -1.34433870039394      n
    2.60720066269697      2.87789772636364     -2.39226357139394      c
    1.39487529869697      0.57251894536364     -2.38023924539394      c
   -1.03137035630303      0.99287148436364     -1.24515643139394      c
   -3.08015269330303     -0.62576197463636     -0.68723562039394      c
   -5.19920449230303      0.40820727036364      0.45836918760606      c
   -5.31501445930303      3.01577591336364      1.05844033760606      c
   -3.32801860330303      4.62405934336364      0.52903927060606      c
   -1.17893338930303      3.58688701236364     -0.62197015339394      c
    1.52105041369697      6.51677299036364     -1.11860904139394      h
    4.47790089169697      3.35878196836364     -3.03876528939394      h
   -2.97713617130303     -2.60817524563636     -1.16187053839394      h
   -7.01729663930303      3.71181490836364      1.94796459660606      h
   -3.44307834930303      6.61113456836364      0.99954135760606      h
   -7.32214345630303     -0.92336547263636      1.10637890660606      o
   -7.30050231430303     -3.53995755763636      0.53772823060606      c
   -5.77773843430303     -4.51207418063636      1.53711548960606      h
   -7.10191101030303     -3.86525687963636     -1.49111749739394      h
   -9.10870930530303     -4.27297282063636      1.17241916060606      h
    2.49478653269697     -1.92358610063636     -3.11367780739394      c
    3.75039228969697     -3.25388516763636     -0.84760343739394      c
    5.92611886069697     -1.88512450763636      0.10650031860606      n
    5.92463920469697     -0.02340992563636      1.91726788760606      c
    3.70804353069697      0.03310610936364      3.72480213560606      c
    3.90763449969697     -1.68018561363636     -4.60004934339394      h
    1.02714973869697     -3.15901336463636     -3.88105962739394      h
    4.36191517969697     -5.14498687863636     -1.40253281239394      h
    2.38590807969697     -3.47464862763636      0.67544768160606      h
    7.41620370869697     -1.72851724563636     -1.07466535339394      h
    7.70082478869697      1.44548920436364      2.10367990860606      o
    3.40128997969697     -1.81458670563636      4.58233711360606      h
    1.97806363669697      0.58628937836364      2.75417083760606      h
    4.13494774969697      1.40366011936364      5.18995204960606      h
$user-defined bonds
$end
