$coord
       -0.00000000000000        0.00000000000000        2.71647813292359      Pb
       -0.00000000000000       -0.00000000000000       -2.71647813292359      Pb
        3.39812823443547        1.96191025089219        4.28721620614192      C
       -0.00000000000000       -3.92382050178437        4.28721620614192      C
       -3.39812823443547        1.96191025089219        4.28721620614192      C
        3.39812823443547       -1.96191025089219       -4.28721620614192      C
       -0.00000000000000        3.92382050178437       -4.28721620614192      C
       -3.39812823443547       -1.96191025089219       -4.28721620614192      C
        3.30011920574517        1.90532471179484        6.34416918685334      H
        5.10277672775675        1.00234144364046        3.64643559280166      H
        3.41944151733696        3.91796355425715        3.64643559280166      H
       -0.00000000000000        3.81064942358966       -6.34416918685334      H
       -1.68333521041979        4.92030499789761       -3.64643559280166      H
        1.68333521041979        4.92030499789761       -3.64643559280166      H
       -3.30011920574517       -1.90532471179482       -6.34416918685334      H
       -3.41944151733696       -3.91796355425715       -3.64643559280166      H
       -5.10277672775675       -1.00234144364046       -3.64643559280166      H
       -3.41944151733696        3.91796355425715        3.64643559280166      H
       -5.10277672775675        1.00234144364046        3.64643559280166      H
       -3.30011920574517        1.90532471179482        6.34416918685334      H
        3.30011920574517       -1.90532471179484       -6.34416918685334      H
        5.10277672775675       -1.00234144364046       -3.64643559280166      H
        3.41944151733696       -3.91796355425715       -3.64643559280166      H
       -1.68333521041979       -4.92030499789761        3.64643559280166      H
        1.68333521041979       -4.92030499789761        3.64643559280166      H
       -0.00000000000000       -3.81064942358966        6.34416918685334      H
$end
