$coord
   -1.27823293129313      0.06442674490989      2.76980447300615      c
    2.05039033278229      0.64690940303039     -0.29571013189632      o
   -0.07388472989895      2.46033979750309     -1.30590420482375      b
    1.10019432741349      4.43501067437330     -2.64796515354449      f
   -1.89008873387150      0.02064696008121      4.74727599156952      h
    0.81013963557610      1.41165582964016     -6.35835508532445      al
    2.51638337449170      1.74086425451198      3.45340860505386      h
    2.62048878651566     -1.58024532804571      2.87415150030394      h
   -0.92472602392464     -3.37659091509259     -0.68138826965952      o
   -2.19962829538645     -2.53092502025386      1.35654623095955      b
    0.92594749614406     -1.61669775704536     -1.93872059141561      be
    1.63141903847248      0.18081362275364      2.42899361614054      c
   -3.96336280784845     -3.68611886004249      2.18920954455515      h
   -1.17097381446263      1.08303722364990     -3.04753977323348      h
   -2.18263847972349      2.31604957286801      1.11461091308323      b
    2.02857282501340     -1.56917620284149     -4.65841766477431      f
$user-defined bonds
$end
