$coord
   -3.97514443209957     -1.25596524301645      0.00000000000000      c
   -1.91673516378754      0.69973701659194      0.00000000000000      c
    0.40668115797678     -0.45025988242818      0.00000000000000      o
    2.54746597036175      1.05509866520406      0.00000000000000      c
    4.81792691454161      0.00819329254996      0.00000000000000      c
   -2.20247427871849      2.95182124937621      0.00000000000000      o
   -5.80482147579294     -0.32279424998677      0.00000000000000      h
   -3.79837794073725     -2.46415629201267      1.66253738392929      h
   -3.79837794073725     -2.46415629201267     -1.66253738392929      h
    2.17501787056256      3.06423180055121      0.00000000000000      h
    5.07198409624827     -2.02087074758760      0.00000000000000      h
    6.47685522218210      1.19912068277100      0.00000000000000      h
$redundant
     number_of_atoms            12
     degrees_of_freedom         20
     internal_coordinates       20
     frozen_coordinates          0
# definitions of redundant internals
   1 k  1.0000000000000 stre    2    1           val=   2.83933
   2 k  1.0000000000000 stre    4    5           val=   2.50020
   3 k  1.0000000000000 stre    3    4           val=   2.61707
   4 k  1.0000000000000 stre    5   12           val=   2.04214
   5 k  1.0000000000000 stre    5   11           val=   2.04491
   6 k  1.0000000000000 stre    2    6           val=   2.27014
   7 k  1.0000000000000 stre    1    7           val=   2.05391
   8 k  1.0000000000000 stre    3    2           val=   2.59244
   9 k  1.0000000000000 stre    4   10           val=   2.04336
  10 k -0.8161817612910 bend   11   12    5      val=   1.12488
        0.3884567419597 bend    4   12    5
        0.4277250193313 bend    4   11    5
  11 k  0.4365694484396 bend    8    7    1      val=   0.32734
        0.4365694484396 bend    9    7    1
        0.3550005271317 bend    9    8    1
       -0.3829688187535 bend    2    7    1
       -0.4160070570178 bend    2    8    1
       -0.4160070570178 bend    2    9    1
  12 k  1.0000000000000 stre    1    9           val=   2.06277
  13 k -0.7071067811865 bend    5   10    4      val=  -5.32223
        0.7071067811865 bend    3   10    4
  14 k -0.3124462807114 bend    8    7    1      val=   0.27313
       -0.3124462807114 bend    9    7    1
        0.7216853051597 bend    9    8    1
       -0.4590355663152 bend    2    7    1
        0.1913260469898 bend    2    8    1
        0.1913260469898 bend    2    9    1
  15 k  0.0226715505111 bend   11   12    5      val=   1.10689
       -0.7181699146391 bend    4   12    5
        0.6954983641280 bend    4   11    5
  16 k  0.7071067811865 bend    3    6    2      val=  -1.36947
       -0.7071067811865 bend    1    6    2
  17 k  1.0000000000000 bend    3    5    4      val= 120.13151
  18 k  1.0000000000000 bend    4    2    3      val= 118.55231
  19 k  1.0000000000000 bend    3    1    2      val= 110.13213
  20 k  0.2144632867400 bend    8    7    1      val=   1.41987
        0.2144632867400 bend    9    7    1
       -0.4366142958242 bend    9    8    1
       -0.6837239411631 bend    2    7    1
        0.3534830450274 bend    2    8    1
        0.3534830450274 bend    2    9    1
        20 non zero eigenvalues  of BmBt
           1           4.159461863    1    0
         1
           2           3.940443743    2    0
         2
           3           3.759559877    3    0
         3
           4           3.637549201    4    0
         4
           5           2.881755708    5    0
         5
           6           2.643375542    6    0
         6
           7           2.249305166    7    0
         7
           8           2.025370433    8    0
         8
           9           1.195292610    9    0
         9
          10           0.926749981   10    0
        10
          11           0.899389814   11    0
        11
          12           0.809171322   12    0
        12
          13           0.703952088   13    0
        13
          14           0.578229833   14    0
        14
          15           0.459938003   15    0
        15
          16           0.351166090   16    0
        16
          17           0.284222968   17    0
        17
          18           0.125770818   18    0
        18
          19           0.086363350   19    0
        19
          20           0.021257555   20    0
        20
$user-defined bonds
$end
