$coord
    7.83000362538377      2.45470317428441     -0.83336922505927      o
    7.05332618434213      0.35332771336398     -0.39117330972170      c
    7.68827416533967     -1.64789226245863     -1.79523982722519      o
    6.90970699816412     -3.17101152639916     -1.05257745659414      h
    5.30721923659890     -0.23059766201769      1.82925489763577      c
    4.88581030873446      1.52495791639515      2.79679467820345      h
    6.29743573077363     -1.50427307628062      3.11615839483615      h
    2.94695129533125     -1.42112512638808      1.09793088380825      n
    1.39170668711406     -0.34020177778512      0.85037676026456      h
    2.86947252384048     -3.87398964821786      0.45353427214110      c
    4.78376509750271     -5.21191575103411      0.34770960864151      o
    0.31078333851111     -4.99459724563317     -0.15873699524938      c
    0.24086347155602     -6.83141104780462      0.77100826263987      h
    0.22007648408289     -5.32151986680154     -2.19019258921473      h
   -1.80570993148070     -3.42612455447853      0.49699797322129      n
   -2.13074282651515     -2.84219917909686      2.28656862204472      h
   -3.56882441442922     -2.73448478946335     -1.23210143931665      c
   -3.49701482134022     -3.29951290350580     -3.47520636028118      o
   -5.65886151854613     -1.05640798254128     -0.18141370885644      c
   -5.61728754359986     -1.00160592465756      2.58514535120427      n
   -6.53191499241775     -2.53417381926770      3.28056456848729      h
   -6.58860677643538      0.52151333928297      3.21820360606789      h
   -7.42575545376250     -1.79718062703841     -0.95431169763023      h
   -5.27902656562796      1.60432641401984     -1.28312404493253      c
   -5.66642042308181      1.48338394144888     -3.30135155596043      h
   -6.69821089220282      2.85532511467571     -0.45353427214110      h
   -2.67498395308447      2.67013195355143     -0.89384046134475      c
   -0.85895713838615      2.45092372201656     -2.80624330887306      c
   -1.35217565933960      1.48338394144888     -4.54101189981277      h
    1.55233340849737      3.46948610820012     -2.50199740131174      c
    2.93750266466165      3.29374157774544     -3.99488104710952      h
    2.18728138949491      4.72615398725775     -0.27401028941858      c
    4.05999998821087      5.51039033283507     -0.05291233174979      h
    0.40149019293933      4.92835468358733      1.65540009331502      c
    0.87392172641964      5.90345336869069      3.39016868425473      h
   -2.00602090167635      3.90412311900201      1.34737473348585      c
   -3.38741070557278      4.10254436306374      2.84403783155148      h
$user-defined bonds
$redundant
     number_of_atoms            37
     degrees_of_freedom        105
     internal_coordinates      105
     frozen_coordinates          0
# definitions of redundant internals
   1 k  1.0000000000000 stre    2    1           val=   2.28354
   2 k  0.7071133674328 bend    3    1    2      val=  -0.17823
       -0.7071001948789 bend    5    1    2
   3 k  1.0000000000000 outp    1    5    3    2 val=   0.71964
   4 k  1.0000000000000 tors    4    3    2    5 val=  -1.76287
   5 k  1.0000000000000 stre    3    4           val=   1.86483
   6 k  1.0000000000000 bend    2    4    3      val= 108.71124
   7 k  1.0000000000000 stre    5    6           val=   2.04834
   8 k  1.0000000000000 stre    5    7           val=   2.06371
   9 k  0.0185516773385 bend    7    6    5      val=   0.10457
       -0.5105638042404 bend    8    6    5
       -0.4971316836627 bend    8    7    5
        0.4986928756031 bend    2    6    5
        0.4930983086453 bend    2    7    5
  10 k  0.0315120892521 bend    7    6    5      val=   0.28449
       -0.5260435296090 bend    8    6    5
        0.5192512412447 bend    8    7    5
       -0.4841037236169 bend    2    6    5
        0.4672332676871 bend    2    7    5
  11 k  0.9043439790592 bend    7    6    5      val=   3.92097
       -0.1832336160064 bend    8    6    5
       -0.2217761353675 bend    8    7    5
       -0.2083149218772 bend    2    6    5
       -0.2366593514090 bend    2    7    5
  12 k -0.0026374488572 bend    7    6    5      val=   0.23196
        0.4722548840524 bend    8    6    5
       -0.4794220385266 bend    8    7    5
       -0.5171959387691 bend    2    6    5
        0.5288017003074 bend    2    7    5
  13 k  1.0000000000000 stre    8    9           val=   1.91010
  14 k  0.7074105716678 bend   10    9    8      val=   0.04164
       -0.7068028601334 bend    5    9    8
  15 k  1.0000000000000 outp    9    5   10    8 val=   7.03249
  16 k  1.0000000000000 stre   10   11           val=   2.33790
  17 k  0.7071067868803 bend    8   11   10      val=   1.37603
       -0.7071067754927 bend   12   11   10
  18 k  1.0000000000000 outp   11   12    8   10 val=   0.01918
  19 k  1.0000000000000 stre   12   14           val=   2.05959
  20 k  1.0000000000000 stre   12   13           val=   2.05990
  21 k  0.0716100005755 bend   13   14   12      val=   1.05405
       -0.4756659490300 bend   15   14   12
       -0.5344611187198 bend   15   13   12
        0.5016826139269 bend   10   14   12
        0.4809155645341 bend   10   13   12
  22 k  0.0269343961597 bend   13   14   12      val=   0.96208
        0.5663020150569 bend   15   14   12
       -0.5187886166180 bend   15   13   12
        0.4324759279388 bend   10   14   12
       -0.4715925243969 bend   10   13   12
  23 k  0.9052493497099 bend   13   14   12      val=   4.17741
       -0.2047192367796 bend   15   14   12
       -0.1428414251369 bend   15   13   12
       -0.2341711723247 bend   10   14   12
       -0.2517416101067 bend   10   13   12
  24 k -0.0284791079992 bend   13   14   12      val=   2.78933
       -0.4477351044609 bend   15   14   12
        0.4551691166759 bend   15   13   12
        0.5648514455120 bend   10   14   12
       -0.5220020463259 bend   10   13   12
  25 k  1.0000000000000 stre   15   16           val=   1.91028
  26 k -0.7070822140501 bend   17   16   15      val=   3.39054
        0.7071313474695 bend   12   16   15
  27 k  1.0000000000000 outp   16   12   17   15 val=  -2.77330
  28 k  1.0000000000000 stre   17   18           val=   2.31429
  29 k  0.7071765316584 bend   15   18   17      val=   1.64106
       -0.7070370238337 bend   19   18   17
  30 k  1.0000000000000 outp   18   19   15   17 val=   2.08129
  31 k  1.0000000000000 tors   22   20   19   17 val=  69.35719
        1.0000000000000 tors   22   20   19   24
        1.0000000000000 tors   21   20   19   17
        1.0000000000000 tors   21   20   19   24
  32 k  1.0000000000000 stre   20   22           val=   1.91419
  33 k  1.0000000000000 stre   20   21           val=   1.91544
  34 k  0.8582195152571 bend   21   22   20      val=   7.05368
       -0.3650243633125 bend   19   22   20
       -0.3608552033990 bend   19   21   20
  35 k  0.4180671890919 bend   21   22   20      val= 108.64723
        0.9049882389120 bend   19   22   20
        0.0788423289597 bend   19   21   20
  36 k  0.2977903440957 bend   21   22   20      val=  75.85098
       -0.2185257458957 bend   19   22   20
        0.9292832772325 bend   19   21   20
  37 k  1.0000000000000 stre   19   23           val=   2.06592
  38 k -0.7948248338447 bend   20   23   19      val=   0.95143
        0.4248153608009 bend   17   23   19
        0.4333421197290 bend   24   23   19
  39 k -0.0035256363994 bend   20   23   19      val=  -0.40263
        0.7108527034659 bend   17   23   19
       -0.7033320722555 bend   24   23   19
  40 k  1.0000000000000 stre   24   25           val=   2.05863
  41 k  1.0000000000000 stre   24   26           val=   2.06574
  42 k  0.0572294484435 bend   26   25   24      val=   0.91399
       -0.4989310813359 bend   27   25   24
       -0.5091953435565 bend   27   26   24
        0.4898064468602 bend   19   25   24
        0.4986003540135 bend   19   26   24
  43 k  0.0181555838045 bend   26   25   24      val=   0.83806
        0.5330466376843 bend   27   25   24
       -0.5267090158256 bend   27   26   24
        0.4688742881960 bend   19   25   24
       -0.4671896524399 bend   19   26   24
  44 k  0.9058651536974 bend   26   25   24      val=   3.58709
       -0.1898465212325 bend   27   25   24
       -0.1736771488863 bend   27   26   24
       -0.2445727973300 bend   19   25   24
       -0.2310563058079 bend   19   26   24
  45 k  0.0004579972294 bend   26   25   24      val=   0.05019
       -0.4724725107412 bend   27   25   24
        0.4637019980635 bend   27   26   24
        0.5350287577211 bend   19   25   24
       -0.5248754159187 bend   19   26   24
  46 k  1.0000000000000 stre   28   29           val=   2.04666
  47 k  0.7071068896637 bend   30   29   28      val=   0.48698
       -0.7071066727094 bend   27   29   28
  48 k  1.0000000000000 outp   29   27   30   28 val=   0.26838
  49 k  1.0000000000000 stre   30   31           val=   2.04408
  50 k  0.7071067962629 bend   28   31   30      val=   0.24386
       -0.7071067661102 bend   32   31   30
  51 k  1.0000000000000 outp   31   32   28   30 val=  -0.15959
  52 k  1.0000000000000 stre   32   33           val=   2.04230
  53 k -0.7071062293343 bend   30   33   32      val=   0.55883
        0.7071073330384 bend   34   33   32
  54 k  1.0000000000000 outp   33   34   30   32 val=   0.65170
  55 k  1.0000000000000 stre   34   35           val=   2.04534
  56 k -0.7071066332465 bend   36   35   34      val=   0.16979
        0.7071069291266 bend   32   35   34
  57 k  1.0000000000000 outp   35   32   36   34 val=   0.67271
  58 k  1.0000000000000 stre   36   37           val=   2.04636
  59 k  0.7071071695695 bend   34   37   36      val=  -0.02083
       -0.7071063928034 bend   27   37   36
  60 k  1.0000000000000 outp   37   27   34   36 val=  -1.19201
  61 k  1.0000000000000 tors    3    2    5    8 val= -57.58532
  62 k  1.0000000000000 stre    2    3           val=   2.52576
  63 k  1.0000000000000 bend    5    3    2      val= 114.81603
  64 k  1.0000000000000 stre   19   20           val=   2.76741
  65 k  0.7191576289656 bend   17   20   19      val=   2.10999
       -0.6948469649502 bend   24   20   19
  66 k  0.6948469649502 bend   17   20   19      val= 111.23648
        0.7191576289656 bend   24   20   19
  67 k  1.0000000000000 tors    2    5    8   10 val=  76.10145
  68 k  1.0000000000000 stre    5    2           val=   2.88447
  69 k  1.0000000000000 bend    8    2    5      val= 113.79943
  70 k  1.0000000000000 tors    5    8   10   12 val= 177.05173
  71 k  1.0000000000000 stre    8    5           val=   2.74282
  72 k  1.0000000000000 bend   10    5    8      val= 120.90429
  73 k  1.0000000000000 tors    8   10   12   15 val= -11.62084
  74 k  1.0000000000000 stre   10    8           val=   2.53728
  75 k  1.0000000000000 bend   12    8   10      val= 117.42148
  76 k  1.0000000000000 tors   10   12   15   17 val= 124.10382
  77 k  1.0000000000000 stre   12   10           val=   2.85964
  78 k  1.0000000000000 bend   15   10   12      val= 114.80063
  79 k  1.0000000000000 tors   12   15   17   19 val= 180.36024
  80 k  1.0000000000000 stre   15   12           val=   2.71471
  81 k  1.0000000000000 bend   17   12   15      val= 121.93560
  82 k  1.0000000000000 tors   15   17   19   24 val= 109.44496
  83 k  1.0000000000000 stre   17   15           val=   2.56451
  84 k  1.0000000000000 bend   19   15   17      val= 114.22034
  85 k  1.0000000000000 tors   17   19   24   27 val= -53.21285
  86 k  1.0000000000000 stre   19   17           val=   2.87891
  87 k  1.0000000000000 bend   24   17   19      val= 107.49166
  88 k  1.0000000000000 tors   19   24   27   28 val=   5.81743
        1.0000000000000 tors   19   24   27   36
  89 k  1.0000000000000 stre   24   19           val=   2.90475
  90 k  1.0000000000000 bend   27   19   24      val= 114.30504
  91 k  1.0000000000000 stre   27   24           val=   2.84051
  92 k  0.7071070118945 bend   36   24   27      val=   0.80513
       -0.7071065504785 bend   28   24   27
  93 k  1.0000000000000 outp   24   28   36   27 val=  -0.30804
  94 k  1.0000000000000 stre   27   36           val=   2.64448
  95 k  1.0000000000000 stre   36   34           val=   2.63440
  96 k  1.0000000000000 stre   34   32           val=   2.63677
  97 k  1.0000000000000 stre   32   30           val=   2.63558
  98 k  1.0000000000000 stre   30   28           val=   2.63521
  99 k  1.0000000000000 stre   28   27           val=   2.64637
 100 k -0.5000000000000 bend   27   34   36      val=  -0.75124
       -0.5000000000000 bend   36   32   34
        1.0000000000000 bend   34   30   32
       -0.5000000000000 bend   32   28   30
       -0.5000000000000 bend   30   27   28
        1.0000000000000 bend   28   36   27
 101 k  0.8660254037844 bend   27   34   36      val=  -0.03328
       -0.8660254037844 bend   36   32   34
        0.8660254037844 bend   32   28   30
       -0.8660254037844 bend   30   27   28
 102 k -1.0000000000000 bend   27   34   36      val=  -0.36031
        1.0000000000000 bend   36   32   34
       -1.0000000000000 bend   34   30   32
        1.0000000000000 bend   32   28   30
       -1.0000000000000 bend   30   27   28
        1.0000000000000 bend   28   36   27
 103 k -0.5000000000000 tors   36   34   32   30 val=  -0.08772
       -0.5000000000000 tors   34   32   30   28
        1.0000000000000 tors   32   30   28   27
       -0.5000000000000 tors   30   28   27   36
       -0.5000000000000 tors   28   27   36   34
        1.0000000000000 tors   27   36   34   32
 104 k  0.8660254037844 tors   36   34   32   30 val=  -0.82365
       -0.8660254037844 tors   34   32   30   28
        0.8660254037844 tors   30   28   27   36
       -0.8660254037844 tors   28   27   36   34
 105 k -1.0000000000000 tors   36   34   32   30 val=  -0.12914
        1.0000000000000 tors   34   32   30   28
       -1.0000000000000 tors   32   30   28   27
        1.0000000000000 tors   30   28   27   36
       -1.0000000000000 tors   28   27   36   34
        1.0000000000000 tors   27   36   34   32
       105 non zero eigenvalues  of BmBt
           1          10.951277364    1    0
         1
           2           6.192997288    2    0
         2
           3           5.786740346    3    0
         3
           4           5.210789682    4    0
         4
           5           5.115608370    5    0
         5
           6           4.989366447    6    0
         6
           7           4.752059612    7    0
         7
           8           4.488113595    8    0
         8
           9           4.420716994    9    0
         9
          10           4.295669184   10    0
        10
          11           4.241665922   11    0
        11
          12           4.155552905   12    0
        12
          13           3.887829508   13    0
        13
          14           3.831585666   14    0
        14
          15           3.601923141   15    0
        15
          16           3.558770468   16    0
        16
          17           3.533582600   17    0
        17
          18           3.395788623   18    0
        18
          19           3.331883593   19    0
        19
          20           3.310085907   20    0
        20
          21           3.124394849   21    0
        21
          22           3.083871604   22    0
        22
          23           3.011059851   23    0
        23
          24           3.002512329   24    0
        24
          25           2.845061896   25    0
        25
          26           2.823282220   26    0
        26
          27           2.595718117   27    0
        27
          28           2.532530522   28    0
        28
          29           2.360987532   29    0
        29
          30           2.337820667   30    0
        30
          31           2.238411575   31    0
        31
          32           2.110967808   32    0
        32
          33           2.057515640   33    0
        33
          34           2.025519066   34    0
        34
          35           1.927098025   35    0
        35
          36           1.908878810   36    0
        36
          37           1.840166569   37    0
        37
          38           1.798254182   38    0
        38
          39           1.729659148   39    0
        39
          40           1.489443748   40    0
        40
          41           1.434116066   41    0
        41
          42           1.342751876   42    0
        42
          43           1.267517894   43    0
        43
          44           1.187946418   44    0
        44
          45           1.134952971   45    0
        45
          46           1.057197823   46    0
        46
          47           1.048524047   47    0
        47
          48           0.916318696   48    0
        48
          49           0.875363037   49    0
        49
          50           0.762877591   50    0
        50
          51           0.757371441   51    0
        51
          52           0.755707928   52    0
        52
          53           0.721379302   53    0
        53
          54           0.645101295   54    0
        54
          55           0.636588992   55    0
        55
          56           0.613607786   56    0
        56
          57           0.584210855   57    0
        57
          58           0.503776198   58    0
        58
          59           0.499724408   59    0
        59
          60           0.487765023   60    0
        60
          61           0.453478798   61    0
        61
          62           0.431890293   62    0
        62
          63           0.412413414   63    0
        63
          64           0.389802048   64    0
        64
          65           0.369582562   65    0
        65
          66           0.359982209   66    0
        66
          67           0.359408560   67    0
        67
          68           0.357318697   68    0
        68
          69           0.350662646   69    0
        69
          70           0.343030989   70    0
        70
          71           0.328701779   71    0
        71
          72           0.304274142   72    0
        72
          73           0.293581325   73    0
        73
          74           0.288015271   74    0
        74
          75           0.279909667   75    0
        75
          76           0.273212341   76    0
        76
          77           0.271552522   77    0
        77
          78           0.266118825   78    0
        78
          79           0.260974315   79    0
        79
          80           0.247708296   80    0
        80
          81           0.221671544   81    0
        81
          82           0.176870202   82    0
        82
          83           0.151189289   83    0
        83
          84           0.134009518   84    0
        84
          85           0.131312958   85    0
        85
          86           0.111641523   86    0
        86
          87           0.101040599   87    0
        87
          88           0.088052766   88    0
        88
          89           0.083720818   89    0
        89
          90           0.074644061   90    0
        90
          91           0.074332626   91    0
        91
          92           0.060981865   92    0
        92
          93           0.059859423   93    0
        93
          94           0.055050071   94    0
        94
          95           0.046046960   95    0
        95
          96           0.037926201   96    0
        96
          97           0.030121491   97    0
        97
          98           0.025114464   98    0
        98
          99           0.016640161   99    0
        99
         100           0.012948520  100    0
       100
         101           0.008312553  101    0
       101
         102           0.004360788  102    0
       102
         103           0.003804546  103    0
       103
         104           0.001151678  104    0
       104
         105           0.000833311  105    0
       105
$end
