$coord
    3.46513600781455      1.20126677733114     -0.37818333206987       c
    4.43851126215035      2.82402751997177      0.45473235826080       h
    4.85792841843979     -1.06728141505729      0.06392943507552       o
    0.75918235607774      1.06222261819955      0.58892559040928       c
    0.78842208853188      0.75690712581375      2.63722242255762       h
   -0.16276967072997      2.87991239089959      0.27532364893077       h
   -0.76658819279252     -1.03197377199045     -0.67957386327767       c
    0.18436168152432     -2.84163598807800     -0.41182801613977       h
   -0.85618577793103     -0.68437376765520     -2.71322342817002       h
    5.00002259554986     -1.26673633920497      1.86363468416889       h
    3.47190689654868      1.45182934474272     -2.42249851125623       h
   -3.44168450650544     -1.22660233559474      0.33093073011707       c
   -4.42104263377796     -2.80763792522125     -0.57153822026060       h
   -3.39724192731224     -1.57973545804708      2.37071434603676       h
   -4.70188995219515      1.09945778192193     -0.20220069621876       o
   -6.39055867317243      0.98055810336690      0.45103983339715       h
$end
