$coord
    3.30070575656536      0.76272855429613      0.18793374054458       n
    0.59464529583889      0.47556685471908      0.17757961582283       c
   -0.55401902818358      3.11550827331260      0.09642738292228       c
    0.67483266603247      4.96319823560382      0.79467688208335       o
   -0.27575598892809     -1.00180300728305      2.52095526578754       c
   -2.99941350998510     -1.96357769558202      2.33493318768217       c
   -3.52148813076969     -3.02181910022407     -0.26969402737276       c
   -5.00103710648269     -1.99179692918638     -1.73903691115134       o
    3.95701579000672      2.51340919997658      0.56444626803329       h
    0.06801918917318     -0.57647427289983     -1.51597591647548       h
    1.01697747879698     -2.59167610189308      2.71718126373877       h
   -0.05105897301147      0.18922889340730      4.18807371324584       h
   -3.31693364482807     -3.41776305001432      3.75875965175063       h
   -4.35186881658053     -0.45153320615705      2.64843485900945       h
    4.82098060575041     -1.22888469695403     -0.31229609161537       c
    3.97020948644656     -3.34889721240407     -0.76521196747968       o
   -2.96605658536997      3.20488359716218     -0.71250546845383       n
   -3.81452546184665      1.58912704500077     -1.30076379940715       h
   -4.37226225269250      5.55164572793360     -0.78903931065007       c
   -6.22884486120172      5.29024999210035      0.05219227171960       h
   -3.32310478433693      6.95465195707325      0.27726759643333       h
   -4.60306967717504      6.22009824353397     -2.72151952181155       h
    7.61886218508956     -0.69267455068239     -0.29103317038135       c
    8.52167552398839     -1.96407822584021      1.04676684671502       h
    8.06127489346701      1.25080737922587      0.20426261782770       h
    8.37739274076469     -1.10943968094510     -2.15519661559612       h
   -2.21412159268437     -5.14001518352903     -0.89398765196593       n
   -2.27151141867945     -5.63198574018826     -2.73149155383179       h
   -0.58370616169460     -5.51771325632651      0.01344237159239       h
$end
