$coord
       -0.03912829136230       -1.44901875506527        0.00000000000000      C
        0.03912829136230        1.44901875506527        0.00000000000000      C
        1.31456474071046        2.47627539268282        2.36780303395643      C
        1.31456474071046        2.47627539268282       -2.36780303395643      C
       -1.92077924653690        2.10979834708833        0.00000000000000      H
       -1.31456474071046       -2.47627539268282       -2.36780303395643      C
       -1.31456474071046       -2.47627539268282        2.36780303395643      C
        1.92077924653690       -2.10979834708833        0.00000000000000      H
        1.51726885997103        4.51905195685177        2.26736975917196      H
        0.24285078403589        2.04413697801202        4.06245481684304      H
        3.19687407646975        1.66853066546956        2.59051651837506      H
        0.24285078403589        2.04413697801202       -4.06245481684304      H
        1.51726885997103        4.51905195685177       -2.26736975917196      H
        3.19687407646975        1.66853066546956       -2.59051651837506      H
       -1.51726885997103       -4.51905195685177        2.26736975917196      H
       -0.24285078403589       -2.04413697801202        4.06245481684304      H
       -3.19687407646975       -1.66853066546956        2.59051651837506      H
       -1.51726885997103       -4.51905195685177       -2.26736975917196      H
       -3.19687407646975       -1.66853066546956       -2.59051651837506      H
       -0.24285078403589       -2.04413697801202       -4.06245481684304      H
$end
