$coord
       -2.28554455856419        3.51815137262375        2.43781920554153      H
       -0.85870644128073        2.56065710784968        1.31920684543657      C
        0.91215641509479        0.89310182871495        2.35651371584398      C
       -0.85870644128073        2.56065710784968       -1.31920684543657      C
        4.46541512967323        2.63540713575151        0.00000000000000      H
        3.37732185518397        0.15139545164712        0.00000000000000      P
       -0.85870644128073       -2.78520765809463        1.31869472951076      C
        1.24725219570176        0.74352429411812        4.37077525620630      H
       -0.85870644128073       -2.78520765809463       -1.31869472951076      C
       -2.28554455856419        3.51815137262375       -2.43781920554153      H
        0.91215641509479        0.89310182871495       -2.35651371584398      C
        1.24725219570176        0.74352429411812       -4.37077525620630      H
        0.50648312305904       -3.92949384465002       -2.32711901759308      H
       -2.58430278515852       -2.39413439426117        2.34110488462972      H
        0.50648312305904       -3.92949384465002        2.32711901759308      H
       -2.58430278515852       -2.39413439426117       -2.34110488462972      H
$end
