$coord
        0.13058007578240        3.31584953304272        0.00000000000000      P
        1.93707133141897        3.11266428950872        1.96348214385216      H
        1.93707133141897        3.11266428950872       -1.96348214385216      H
       -0.13058007578240        6.65895080664778        0.00000000000000      C
       -0.53958295135350        8.89016556955492        0.00000000000000      C
       -0.87537972626275       10.87050784996470        0.00000000000000      H
       -0.13058007578240       -3.31584953304272        0.00000000000000      P
       -1.93707133141897       -3.11266428950872        1.96348214385216      H
       -1.93707133141897       -3.11266428950872       -1.96348214385216      H
        0.13058007578240       -6.65895080664778        0.00000000000000      C
        0.53958295135350       -8.89016556955492        0.00000000000000      C
        0.87537972626275      -10.87050784996470        0.00000000000000      H
$end
