$coord
     1.991242071    -0.025322328    -0.732760150     C 
    -0.348824521    -0.025284534     0.476040874     N 
     0.062852286    -0.025265636     2.999864421     C 
     2.545555395    -0.025284534     3.416511207     N 
     3.796554001    -0.025284534     1.131908074     C 
    -2.845473807    -0.025284534    -0.749975554     C 
     3.145902445    -0.025284534     5.242610124     H 
    -1.336735474    -0.025265636     4.492918029     H 
     5.835946290    -0.025265636     1.012817542     H 
     2.148618451    -0.025341226    -2.770754042     H 
    -2.580458634    -0.025246739    -2.798400733     H 
    -3.903550287    -1.717760925    -0.200481030     H 
    -3.903588081     1.667154063    -0.200443236     H 
$end
