$coord
       -0.54032737791542        1.73565790111145        2.02893384848277      C
       -0.76231977244469       -1.23389798738262       -0.65117356062267      C
        1.37310283371045       -1.39146894282421       -2.27333152415556      C
       -0.25906239507338        3.61160026231429        1.22205932150541      H
        0.85417796818966        1.33265874435878        3.48839844884510      H
        0.90320158409462        0.40492743090710       -0.24598303594376      H
       -2.44808560152310        1.56021590185041        2.77606032176247      H
       -2.51721234342796       -0.49383017756988       -1.39390033403078      H
       -0.97732015556337       -2.61400989289512        0.84189181126637      H
        1.40397759775882       -0.36323677755865       -4.03195779433938      H
        2.96986766219440       -2.54861646231155       -1.76099750276990      H
$end
