$coord
       -2.65430198986240        0.00000000000000        0.00000000000000      C
        2.65430198986240        0.00000000000000        0.00000000000000      C
       -1.36159508253641       -2.30597037599153        0.00000000000000      C
        1.36159508253641        2.30597037599153        0.00000000000000      C
       -1.36159508253641        2.30597037599153        0.00000000000000      C
        1.36159508253641       -2.30597037599153        0.00000000000000      C
       -4.70310708254381        0.00000000000000        0.00000000000000      H
        4.70310708254381        0.00000000000000        0.00000000000000      H
       -2.65577378894885       -4.66229575041725        0.00000000000000      C
        2.65577378894885        4.66229575041725        0.00000000000000      C
       -2.65577378894885        4.66229575041725        0.00000000000000      C
        2.65577378894885       -4.66229575041725        0.00000000000000      C
       -1.34107377427652       -6.89853099781232        0.00000000000000      C
        1.34107377427652        6.89853099781232        0.00000000000000      C
       -1.34107377427652        6.89853099781232        0.00000000000000      C
        1.34107377427652       -6.89853099781232        0.00000000000000      C
       -4.70153615782784       -4.66052617732141        0.00000000000000      H
        4.70153615782784        4.66052617732141        0.00000000000000      H
       -4.70153615782784        4.66052617732141        0.00000000000000      H
        4.70153615782784       -4.66052617732141        0.00000000000000      H
       -2.35177317390588       -8.67378650579428        0.00000000000000      H
        2.35177317390588        8.67378650579428        0.00000000000000      H
       -2.35177317390588        8.67378650579428        0.00000000000000      H
        2.35177317390588       -8.67378650579428        0.00000000000000      H
$end
