$coord
       -3.14360547104374       -1.78448075445001       -3.09960987974999      C
       -2.37800290844374       -3.71749058055000       -3.09250370355000      H
       -2.37116536354375       -0.81203746745000       -4.76760223315001      H
       -5.20127722694376       -1.92224012454999       -3.34794836215000      H
       -2.46411222334374       -0.38226937894999       -0.66300392605000      C
       -3.31170148284375        1.52230420725000       -0.69461678265000      H
       -3.31656816684375       -1.36287771665000        0.96778547375000      H
        0.39128513925625       -0.15056684375000       -0.25207816825000      C
        1.26159081245625        0.84272996415000       -1.86172889465000      H
        1.25712510875625       -2.04299617285001       -0.19711334275001      H
        1.05809298685624        1.26647653594999        2.20706902845000      C
        0.20002036475625        0.27909259765001        3.83186200334999      H
        0.19544471425625        3.16476741874999        2.16832905375000      H
        3.76921090985624        1.51583734184999        2.63124676005000      C
        6.02984757765624        1.70583056135000        2.94253934425000      C
        8.02381522915626        1.87792041225000        3.22737362935000      H
$end
