$coord
   -1.14127382614286     -3.15875555200000      0.00000000000000      bi
    0.18884193785714     -5.11489407200000      2.34879145600000      h
    0.18884193785714     -5.11489407200000     -2.34879145600000      h
    1.63080680385714     -1.30582063700000      0.00000000000000      h
   -1.09715061314286      6.63076207200000      0.00000000000000      h
   -1.14127382614286      4.11170819400000      0.00000000000000      s
    1.37120758585714      3.95189406700000      0.00000000000000      h
$redundant
     number_of_atoms             7
     degrees_of_freedom         10
     internal_coordinates       10
     frozen_coordinates          0
# definitions of redundant internals
   1 k  1.0000000000000 stre    1    2           val=   3.33354
   2 k  1.0000000000000 stre    4    1           val=   3.33434
   3 k  1.0000000000000 stre    6    5           val=   2.51944
   4 k  1.0000000000000 stre    7    6           val=   2.51756
   5 k  1.0000000000000 stre    4    7           val=   5.26412
   6 k  1.0000000000000 bend    7    5    6      val=  92.63609
   7 k  0.5766951865426 bend    3    2    1      val=  89.64940
        0.5776775319409 bend    4    2    1
        0.5776775319409 bend    4    3    1
   8 k  1.0000000000000 bend    4    6    7      val=  96.46625
   9 k  1.0000000000000 bend    7    1    4      val= 120.93318
  10 k  0.8169594003490 bend    3    2    1      val=   0.03428
       -0.4077850770819 bend    4    2    1
       -0.4077850770819 bend    4    3    1
        10 non zero eigenvalues  of BmBt
           1           2.695957892    1    0
         1
           2           2.290625459    2    0
         2
           3           2.253852408    3    0
         3
           4           2.054954338    4    0
         4
           5           1.725724743    5    0
         5
           6           0.461786913    6    0
         6
           7           0.281381944    7    0
         7
           8           0.219106320    8    0
         8
           9           0.146748638    9    0
         9
          10           0.046234217   10    0
        10
$user-defined bonds
$end
