$coord
       -1.93711222500001        2.89337447150000       -0.86203773333333      C
       -1.70161746300000        3.67038582650000       -2.74995777333333      H
       -0.97983113000001        4.10467475650001        0.49437832966667      H
       -3.95233823700000        2.84324093449999       -0.44928108233332      H
       -0.96958822000000        0.21412534449999       -0.85770264133333      C
       -1.83882416300000       -1.42187926749999       -2.25454011933332      O
        0.89459428600001       -0.30183097550000        0.82855788966667      N
        1.65003307700000        1.12478511050000        1.82133064266668      H
        2.00659473699999       -2.79549552550000        0.97501083566668      C
        0.51715690800000       -4.19640637150000        0.79922739766666      H
        3.36957809300000       -3.12051965050000       -0.53401925633332      H
        2.94135433700000       -3.01445465350000        2.78903351066666      H
$end
