$coord
        2.28084583498441        1.31684695680829        0.00000000000000      C
        2.28084583498441       -1.31684695680829        0.00000000000000      C
        0.00000000000000       -2.63369391361658        0.00000000000000      C
       -2.28084583498441       -1.31684695680829        0.00000000000000      C
       -2.28084583498441        1.31684695680829        0.00000000000000      C
        0.00000000000000        2.63369391361658        0.00000000000000      C
        4.05062594858779       -2.33862998180363        0.00000000000000      H
        0.00000000000000       -4.67725996360728        0.00000000000000      H
       -4.05062594858779       -2.33862998180363        0.00000000000000      H
       -4.05062594858779        2.33862998180363        0.00000000000000      H
        0.00000000000000        4.67725996360728        0.00000000000000      H
        4.05062594858779        2.33862998180363        0.00000000000000      H
$end
