$coord
       -1.31358024526005       -2.27518772460919       -0.07540047231709      C
        0.00000000000000        0.00000000000000       -0.87895210734057      N
       -1.31358024526005        2.27518772460919       -0.07540047231709      C
        2.62716049052011        0.00000000000000       -0.07540047231709      C
       -3.23899549061099       -2.27151877938299       -0.81778285945446      H
       -1.42281938636687       -2.46439546718141        2.00395022700664      H
       -0.34769522281361       -3.94081176730384       -0.81778285945446      H
       -3.23899549061099        2.27151877938299       -0.81778285945446      H
       -0.34769522281361        3.94081176730384       -0.81778285945446      H
       -1.42281938636687        2.46439546718141        2.00395022700664      H
        3.58669071342459       -1.66929298792085       -0.81778285945446      H
        3.58669071342459        1.66929298792085       -0.81778285945446      H
        2.84563877273375        0.00000000000000        2.00395022700664      H
$end
