$coord
   -0.01059498500000     -3.45677158287500      0.00000000000000      pb
    1.47158891900000     -4.65115021887500      2.64634393100000      h
   -3.10915034600000     -4.46870095387500      0.00000000000000      h
    0.11497352800000     -0.21464995987500      0.00000000000000      h
    1.47158891900000     -4.65115021887500     -2.64634393100000      h
   -0.01059498500000      5.07312083612500      0.00000000000000      o
    1.46390907200000      6.12465130412500      0.00000000000000      h
   -1.39172012200000      6.24465079412500      0.00000000000000      h
$redundant
     number_of_atoms             8
     degrees_of_freedom         12
     internal_coordinates       12
     frozen_coordinates          0
# definitions of redundant internals
   1 k  0.8164834193911 bend    8    7    6      val= -11.86875
       -0.4042268131129 bend    4    7    6
       -0.4122566062782 bend    4    8    6
   2 k  1.0000000000000 stre    4    6           val=   5.28926
   3 k  1.0000000000000 stre    1    4           val=   3.24455
   4 k  1.0000000000000 stre    6    7           val=   1.81104
   5 k  1.0000000000000 stre    6    8           val=   1.81107
   6 k  1.0000000000000 stre    1    3           val=   3.25961
   7 k  1.0000000000000 stre    1    5           val=   3.25984
   8 k  0.0046360032455 bend    8    7    6      val=   3.67649
       -0.7094133845842 bend    4    7    6
        0.7047773813387 bend    4    8    6
   9 k  0.4015726680992 bend    2    3    1      val=   0.82005
        0.4015726680992 bend    5    3    1
        0.4400970110600 bend    5    2    1
       -0.4033192076479 bend    4    3    1
       -0.4007037696789 bend    4    2    1
       -0.4007037696789 bend    4    5    1
  10 k  0.4146812632498 bend    2    3    1      val=   2.18726
        0.4146812632498 bend    5    3    1
       -0.7713242381483 bend    5    2    1
        0.1959660935000 bend    4    3    1
       -0.1066187358358 bend    4    2    1
       -0.1066187358358 bend    4    5    1
  11 k -0.1016885049720 bend    2    3    1      val=   0.47725
       -0.1016885049720 bend    5    3    1
        0.2009383113860 bend    5    2    1
        0.7950533515476 bend    4    3    1
       -0.3916840940882 bend    4    2    1
       -0.3916840940882 bend    4    5    1
  12 k  1.0000000000000 linc    6    1    4    3 val=   0.00000
        12 non zero eigenvalues  of BmBt
           1           4.086897476    1    0
         1
           2           2.795171651    2    0
         2
           3           2.743742060    3    0
         3
           4           2.640725782    4    0
         4
           5           1.307017637    5    0
         5
           6           0.965176791    6    0
         6
           7           0.684497600    7    0
         7
           8           0.605828573    8    0
         8
           9           0.380773933    9    0
         9
          10           0.288765574   10    0
        10
          11           0.165329012   11    0
        11
          12           0.057019489   12    0
        12
$user-defined bonds
$end
