$coord
       -2.33222592579661        0.69340592440678       -9.39734768925425      H
       -1.54672824779660       -0.64570266759322       -8.42209487625425      O
       -3.18938541479661       -1.24429510659322       -6.34910382625424      C
       -4.83227577479662       -2.32890522859322       -7.00645842925424      H
       -3.86762073379662        0.47929448940677       -5.41458632525423      H
       -1.74687649779661       -2.76066868959322       -4.40551081925423      C
       -3.04226438879661       -3.21687915759321       -2.85008982825424      H
       -0.83048014579662       -5.11896527859322       -5.50774906025424      O
        1.53055484520340       -5.78902961159323       -4.43341602425424      C
        1.44541720920340       -7.68782231759322       -3.63443515125425      H
        3.49442177820340       -5.86696625759322       -6.46652667525424      N
        3.19667390520339       -4.60826626259322       -8.71190419925423      C
        1.43634331220339       -3.57029023159321       -8.88987897125424      H
        4.96558725720339       -4.67442991559322      -10.57050054425424      C
        4.66509077820339       -3.67139756459323      -12.32704431625423      H
        7.26098488320339       -6.10438349359322      -10.23382337125424      C
        9.01145488620339       -6.32909572459322      -11.76728158925424      O
        7.39597330220339       -7.33776815259322       -7.88784420625424      N
        8.96422968920340       -8.39577924759322       -7.55253878525424      H
        5.64264414320339       -7.30804465259322       -5.96291186425425      C
        5.92967405620339       -8.45544148759321       -3.95980703825424      O
        0.63268007620339       -1.51808408859322       -3.32415045825424      C
        1.62500316120338       -0.46108116259322       -4.79750839725424      H
        2.16592305320339       -3.80580621459321       -2.42032853225423      C
        4.19747392420338       -3.44514558459323       -2.29566463125424      H
        1.18961634020339       -4.65161506459322       -0.04536928425424      O
        0.52944869120338       -3.12047327359322        0.75521086374575      H
        0.00394745220339        0.09093633340678       -1.25114504625424      O
        1.31768779520339        2.93968598140679       -1.10963934125425      P
        0.88962252820338        4.23433876940678       -3.59476356725424      O
        3.89885602120340        2.74420138640678        0.02956704374576      O
       -0.50879454679662        4.09717792140679        1.08346420474577      O
       -3.13966370079662        4.56213101740677        0.50700612574575      C
       -4.04523532379661        2.80537729740677       -0.10674210425425      H
       -3.28374510279662        5.96890502740677       -1.00471589625425      H
       -4.42021610879661        5.53897157740679        2.87499511974576      C
       -6.34170858279661        6.13538043840678        2.39417399474576      H
       -4.62120755479661        3.48703339840677        4.71454245974577      O
       -3.39608062079661        4.14193173540677        7.00897197974576      C
       -4.72867608279661        4.68814474940678        8.48907264974576      H
       -2.09074369979661        1.85721087140678        7.92858105474576      N
       -0.81069584779660        0.34993575340678        6.24593388374577      C
       -0.90783267779662        0.99384193240678        4.30325966074575      H
        0.44755930520339       -1.76286407559323        6.95896038074577      C
        1.43012327920340       -2.92674121059322        5.59542330174576      H
        0.51112080620340       -2.48047391459322        9.58611319974576      C
        1.58009306720338       -4.35001290759322       10.49497048974577      O
       -0.76380966779662       -0.78802624659323       11.17846850674576      N
       -0.73993751479661       -1.18654659259322       13.05825945174576      H
       -2.06630122779661        1.37437529840678       10.51808788574576      C
       -3.09578879879661        2.74576192240679       12.08454412074575      O
       -3.02291529479661        7.69314374440677        4.22151124774577      C
       -1.76704913379661        8.72918356240678        2.95542601474576      H
       -1.57227110679661        6.32605624740678        6.33157853274576      C
        0.17108521220338        5.52645384340678        5.56569167574576      H
       -0.93608540379662        7.91244663440678        8.38547295774577      O
       -2.31030283679662        9.14822822240678        8.48338230674576      H
       -4.75701498079661        9.39244148040678        5.45232512374575      O
       -4.81535781379660       10.95500582440678        4.49588661174576      H
$eht charge=-1 unpaired=0
$end
