$coord
       -2.99465830829441        2.75701143606168        0.00000000000000      C
       -2.27455347455597       -0.03225091289309        0.00000000000000      C
        0.56957580573799       -0.60725548328845        0.00000000000000      C
        1.83360480455836        0.47835508597443        2.35660402303391      C
        0.89999417039272       -3.47456252115318        0.00000000000000      C
        1.83360480455836        0.47835508597443       -2.35660402303391      C
       -2.27357213133410        3.72769771523981       -1.66441599174989      H
       -5.04172026393263        2.97023908245584        0.00000000000000      H
       -2.27357213133410        3.72769771523981        1.66441599174989      H
       -3.11066814178620       -0.94742867563210       -1.65419379046495      H
       -3.11066814178620       -0.94742867563210        1.65419379046495      H
        0.92366340374326       -0.22477385396768        4.06869627506393      H
        1.75336183759338        2.53543854451314        2.38394815916771      H
        3.81966056076299       -0.07083049968833        2.42066630052673      H
        0.02571493157302       -4.31302627224797        1.66846184388740      H
        2.89783154043076       -3.98404568956553        0.00000000000000      H
        0.02571493157302       -4.31302627224797       -1.66846184388740      H
        1.75336183759338        2.53543854451314       -2.38394815916771      H
        0.92366340374326       -0.22477385396768       -4.06869627506393      H
        3.81966056076299       -0.07083049968833       -2.42066630052673      H
$end
