$coord
        0.00000000000000        0.00000000000000       -3.01494254400001      Al
        0.00000000000000        0.00000000000000        3.01494254400001      Al
        0.00000000000000        3.06717457099999        0.00000000000000      Cl
        0.00000000000000       -3.06717457099999        0.00000000000000      Cl
        3.44162188600000        0.00000000000000       -4.92140205900001      Cl
       -3.44162188600000        0.00000000000000       -4.92140205900001      Cl
       -3.44162188600000        0.00000000000000        4.92140205900001      Cl
        3.44162188600000        0.00000000000000        4.92140205900001      Cl
$end
