$coord
       -0.84060988471698       -1.54061415867147        0.00100420046703      C
       -2.30207437609345        0.67070594545387        0.07255093261159      C
       -0.99598997037693        2.91733879490662        0.14301938702474      C
        1.53547789757864        3.04884521443936        0.15209574164097      N
        2.69902007211899        0.82664463415871        0.08141847249015      C
        1.67657807874280       -1.46123375581565       -0.00017404377683      N
        5.23832898071773        0.85729958251375        0.08281894852723      O
       -1.91349188111431       -3.88583250869595        0.01392463598278      N
       -4.33980537148759        0.61853911069250        0.08255438686863      H
       -1.99008210333492        4.70300300088741        0.19721559868020      H
       -3.71882133312437       -4.05290111740563       -0.53622963233070      H
       -0.75197341428966       -5.32049123487743       -0.43129465195247      H
        5.70344330537999        2.61869649241387        0.14109602376669      H
$end
