$coord
        2.21446460841047        2.66675468461713        0.00000000000000      C
        0.06756205562076        1.36580863322855        0.00000000000000      C
       -0.06756205562076       -1.36580863322855        0.00000000000000      C
       -2.21446460841047       -2.66675468461713        0.00000000000000      C
       -1.71873124018967        2.36366264399929        0.00000000000000      H
        2.23317251918081        4.70335260022202        0.00000000000000      H
        4.02381672043960        1.72173552679573        0.00000000000000      H
        1.71873124018967       -2.36366264399929        0.00000000000000      H
       -2.23317251918081       -4.70335260022202        0.00000000000000      H
       -4.02381672043960       -1.72173552679573        0.00000000000000      H
$end
