$coord
    2.37650043287457      1.37207316464940      0.44402028739376      c
   -2.37650043287457      1.37207316464940      0.44402028739376      c
    0.00000000000000     -2.74414632929879      0.44402028739376      c
    2.37650043287457     -1.37207316464940     -0.44402028739376      c
   -2.37650043287457     -1.37207316464940     -0.44402028739376      c
    0.00000000000000      2.74414632929879     -0.44402028739376      c
    4.06319265783681      2.34588537477139     -0.23216468919134      h
    2.44740428613755      1.41300952341736      2.50989887252362      h
   -4.06319265783681      2.34588537477139     -0.23216468919134      h
   -2.44740428613755      1.41300952341736      2.50989887252362      h
    0.00000000000000     -2.82601904683471      2.50989887252362      h
    0.00000000000000     -4.69177074954279     -0.23216468919134      h
    2.44740428613755     -1.41300952341736     -2.50989887252362      h
    4.06319265783681     -2.34588537477139      0.23216468919134      h
   -2.44740428613755     -1.41300952341736     -2.50989887252362      h
   -4.06319265783681     -2.34588537477139      0.23216468919134      h
    0.00000000000000      4.69177074954279      0.23216468919134      h
    0.00000000000000      2.82601904683471     -2.50989887252362      h
$user-defined bonds
$redundant
     number_of_atoms            18
     degrees_of_freedom          6
     internal_coordinates        6
     frozen_coordinates          0
# definitions of redundant internals
   1 k -1.0000000000000 tors    6    2    5    3 val= -56.14063
        1.0000000000000 tors    2    5    3    4
       -1.0000000000000 tors    5    3    4    1
        1.0000000000000 tors    3    4    1    6
       -1.0000000000000 tors    4    1    6    2
        1.0000000000000 tors    1    6    2    5
   2 k  1.0000000000000 stre    1    8           val=   2.06750
   3 k  1.0000000000000 stre    1    7           val=   2.06167
   4 k  0.0409598887413 bend    8    7    1      val=   0.83497
       -0.5026276832945 bend    6    7    1
        0.4965144063803 bend    6    8    1
       -0.5026276832945 bend    4    7    1
        0.4965144063803 bend    4    8    1
   5 k  1.0000000000000 stre    6    2           val=   2.88426
   6 k  0.8994493588516 bend    8    7    1      val=   0.38010
       -0.1978485147395 bend    6    7    1
       -0.2373844785281 bend    6    8    1
       -0.1978485147395 bend    4    7    1
       -0.2373844785281 bend    4    8    1
         6 non zero eigenvalues  of BmBt
           1           6.216569294    1    0
         1
           2           3.049963311    2    0
         2
           3           0.839665950    3    0
         3
           4           0.706975750    4    0
         4
           5           0.267749880    5    0
         5
           6           0.066675977    6    0
         6
$end
