$coord
   -2.53105823740627      0.84277719802956     -2.40523726077310      sb
    2.53105823740627     -0.84277719802956     -2.40523726077310      sb
   -2.65373320715259      2.08704874007952      1.57732037144322      c
   -4.08577902136292     -2.95047450989058     -1.60092964829992      c
    4.08577902136292      2.95047450989058     -1.60092964829992      c
    2.65373320715259     -2.08704874007952      1.57732037144322      c
   -1.32127069337633      3.62804015856224      1.90620473341291      h
   -2.19418876516764      0.54859909897311      2.86998408632664      h
   -4.53769568870966      2.78234868248618      2.05067098660452      h
   -3.81728515803071     -4.21237471422832     -3.21040437230683      h
   -3.19462499842807     -3.80993188269601      0.04871294091880      h
   -6.11233485733167     -2.82494762605402     -1.23632183732620      h
    3.81728515803071      4.21237471422832     -3.21040437230683      h
    6.11233485733167      2.82494762605402     -1.23632183732620      h
    3.19462499842807      3.80993188269601      0.04871294091880      h
    1.32127069337633     -3.62804015856224      1.90620473341291      h
    4.53769568870966     -2.78234868248618      2.05067098660452      h
    2.19418876516764     -0.54859909897311      2.86998408632664      h
$user-defined bonds
$end
