$coord
        3.56287283258334        0.31469763708333        0.14628778774999      C
        3.58528225858334        2.12170161708333       -0.83295830025000      H
        4.85847722658333       -0.98272629191667       -0.77532825625000      H
        4.20543790358333        0.59125472808333        2.08111994075000      H
        0.97794109758332       -0.88692950091668        0.23028670075000      C
        0.67071870058333       -3.11067363091666        0.79206018175000      O
       -0.97854893241667        0.69169725808333       -0.32243227524999      N
       -0.59211720741667        2.51347743808334       -0.67749334324999      H
       -3.57977544041666       -0.13325032091667       -0.18452502125001      C
       -3.56980803141667       -2.18431375791666       -0.17345345325000      H
       -4.50674469741666        0.52787352808333        1.53238768075000      H
       -4.63373571041667        0.53719129608334       -1.81595164225000      H
$end
