$coord
       -3.56132327758015       -0.50590085238173       -2.98614943377473      H
        6.12190813023732       -2.35228748938866        3.75935201941146      H
       -4.34282032833499       -0.28678181437038       -1.09805777877153      C
        2.57052144742114       -0.40247030519468       -2.56572964270492      P
       -3.92097125925856        1.48036650758191        3.29415948733950      F
       -6.66911427573611       -1.35341771485853       -0.49846319808505      B
        8.56365434130296       -1.33222529253566        1.52783471671608      H
       -0.52141451750542        2.33438421612240        0.56035230733388      N
       -2.90954166080909        1.18276803449089        0.93797224746425      B
        0.38193015332468        3.29737018144726        1.94924416561644      H
        4.70530986478768       -1.06561959276401        0.10586810360696      B
       -8.81215551493898       -2.31081594790128        0.13341415744873      F
        6.55717403671557       -1.61464395571515        1.88882216641417      C
        0.89613231382312        2.23420396330817       -1.69658088413948      N
        0.04418757944144        3.17060517011462       -3.13808838478373      H
        0.89652296710938       -2.47553510795512       -2.17395004909208      H
$end
