$coord
       -2.63372797028676       -4.41766633177002        3.43123719140842      C
       -1.31812349118050       -6.53091038128144        4.30064764006822      C
        1.31812349118050       -6.53091038128144        4.30064764006822      C
        2.63372797028676       -4.41766633177002        3.43123719140842      C
        1.32513012917128       -2.30929267572259        2.54944660299567      C
       -1.32513012917128       -2.30929267572259        2.54944660299567      C
        2.62402884094061        0.00000000000000        1.52072438198237      C
       -2.62402884094061        0.00000000000000        1.52072438198237      C
       -1.32513012917128        2.30929267572259        2.54944660299567      C
        1.32513012917128        2.30929267572259        2.54944660299567      C
       -2.63372797028676        4.41766633177002        3.43123719140842      C
        2.63372797028676        4.41766633177002        3.43123719140842      C
       -1.31812349118050        6.53091038128144        4.30064764006822      C
        1.31812349118050        6.53091038128144        4.30064764006822      C
       -2.63372797028676        4.41766633177002       -3.43123719140842      C
       -1.31812349118050        6.53091038128144       -4.30064764006822      C
        1.31812349118050        6.53091038128144       -4.30064764006822      C
        2.63372797028676        4.41766633177002       -3.43123719140842      C
        1.32513012917128        2.30929267572259       -2.54944660299567      C
       -1.32513012917128        2.30929267572259       -2.54944660299567      C
        2.62402884094061        0.00000000000000       -1.52072438198237      C
       -2.62402884094061        0.00000000000000       -1.52072438198237      C
       -1.32513012917128       -2.30929267572259       -2.54944660299567      C
        1.32513012917128       -2.30929267572259       -2.54944660299567      C
       -2.63372797028676       -4.41766633177002       -3.43123719140842      C
        2.63372797028676       -4.41766633177002       -3.43123719140842      C
       -1.31812349118050       -6.53091038128144       -4.30064764006822      C
        1.31812349118050       -6.53091038128144       -4.30064764006822      C
       -4.68032751110566       -4.40681060589469        3.43377363512053      H
       -2.34237424688078       -8.16125997781747        4.98293654157569      H
        2.34237424688078       -8.16125997781747        4.98293654157569      H
        4.68032751110566       -4.40681060589469        3.43377363512053      H
        4.59809699520697        0.00000000000000        2.11365497665152      H
       -4.59809699520697        0.00000000000000        2.11365497665152      H
       -4.68032751110566        4.40681060589469        3.43377363512053      H
        4.68032751110566        4.40681060589469        3.43377363512053      H
       -2.34237424688078        8.16125997781747        4.98293654157569      H
        2.34237424688078        8.16125997781747        4.98293654157569      H
       -4.68032751110566        4.40681060589469       -3.43377363512053      H
       -2.34237424688078        8.16125997781747       -4.98293654157569      H
        2.34237424688078        8.16125997781747       -4.98293654157569      H
        4.68032751110566        4.40681060589469       -3.43377363512053      H
        4.59809699520697        0.00000000000000       -2.11365497665152      H
       -4.59809699520697        0.00000000000000       -2.11365497665152      H
       -4.68032751110566       -4.40681060589469       -3.43377363512053      H
        4.68032751110566       -4.40681060589469       -3.43377363512053      H
       -2.34237424688078       -8.16125997781747       -4.98293654157569      H
        2.34237424688078       -8.16125997781747       -4.98293654157569      H
$end
