$coord
    2.34706008736599      1.25770204437035     -1.09832397953620      c
    2.34706008736599     -1.25770204437035     -1.09832397953620      c
    0.00000000000000     -2.11960923621624      0.39967800675629      c
   -2.34706008736599     -1.25770204437035     -1.09832397953620      c
   -2.34706008736599      1.25770204437035     -1.09832397953620      c
    0.00000000000000      2.11960923621624      0.39967800675629      c
    0.00000000000000      0.00000000000000      2.44843392996005      c
    3.64748625280828      2.51964168482545     -2.04101861587994      h
    3.64748625280828     -2.51964168482545     -2.04101861587994      h
    0.00000000000000     -4.07461183899973      1.03525404502972      h
   -3.64748625280828     -2.51964168482545     -2.04101861587994      h
   -3.64748625280828      2.51964168482545     -2.04101861587994      h
    0.00000000000000      4.07461183899973      1.03525404502972      h
    1.69682998820078      0.00000000000000      3.61953617406624      h
   -1.69682998820078      0.00000000000000      3.61953617406624      h
$redundant
     number_of_atoms            15
     degrees_of_freedom         12
     internal_coordinates       15
     frozen_coordinates          0
# definitions of redundant internals
   1 k  1.0000000000000 stre    1    8           val=   2.04261
   2 k  1.0000000000000 stre    3   10           val=   2.05572
   3 k  1.0000000000000 stre    7   14           val=   2.06173
   4 k -0.8489329653412 bend   15   14    7      val=  13.46636
        0.2642502697998 bend    3   14    7
        0.2642502697998 bend    3   15    7
        0.2642502697998 bend    6   14    7
        0.2642502697998 bend    6   15    7
   5 k  0.7072460898380 bend    2    8    1      val=   1.82678
       -0.7069674450842 bend    6    8    1
   6 k -0.3751059171485 bend    2   10    3      val=   8.06673
       -0.3751059171485 bend    4   10    3
        0.8476975296887 bend    7   10    3
   7 k  1.0000000000000 outp    8    6    2    1 val=  -2.66578
   8 k  1.0000000000000 stre    1    2           val=   2.51540
   9 k  1.0000000000000 stre    1    6           val=   2.91472
  10 k  1.0000000000000 stre    3    7           val=   2.94791
  11 k  1.0000000000000 bend    6    2    1      val= 107.20003
  12 k  0.9837432048594 bend    4    2    3      val= 105.88520
        0.1795809201806 bend    7    2    3
  13 k -0.1795809201806 bend    4    2    3      val=  66.57691
        0.9837432048594 bend    7    2    3
  14 k  1.0000000000000 bend    6    3    7      val=  91.94762
  15 k  1.0000000000000 tors    5    6    1    2 val= -14.41910
        1.0000000000000 tors    7    6    1    2
        12 non zero eigenvalues  of BmBt
           1           2.307377614    1    0
         1
           2           2.116545118    2    0
         2
           3           2.027005657    3    0
         3
           4           1.319404358    4    0
         4
           5           0.992614012    5    0
         5
           6           0.814313359    6    0
         6
           7           0.706801738    7    0
         7
           8           1.005553892    8    0
         8
           9           0.644168191    9    0
         9
          10           0.512683808   10    0
        10
          11           0.400226059    0    0
         0.000000000         0.000000000         0.000000000         0.000000000
         0.000000000         0.000000000         0.000000000         0.000000000
         0.000000000         0.000000000         0.430463726        -0.377608483
        -0.574335301         0.585022886         0.000000000
          12           0.120090061    0    0
         0.000000000         0.000000000         0.000000000         0.000000000
         0.000000000         0.000000000         0.000000000         0.000000000
         0.000000000         0.000000000         0.017745031        -0.817405032
         0.575284734         0.024116432         0.000000000
$user-defined bonds
$end
