$coord
        1.44234847999999        0.00000000000000        0.00000000000000      C
       -1.44234847999999        0.00000000000000        0.00000000000000      C
        2.18800601000001        0.00010444499999       -1.92171526900001      H
        2.18800601000001        1.66420299900000        0.96094808600000      H
        2.18800601000001       -1.66430744300000        0.96076718300001      H
       -2.18800601000001       -0.00010444499999        1.92171526900001      H
       -2.18800601000001        1.66430744300000       -0.96076718300001      H
       -2.18800601000001       -1.66420299900000       -0.96094808600000      H
$end
