$coord
        0.71580272281819        4.53025517721213       -0.70419636900000      N
       -1.27915454918182        2.89976746721211       -1.09308686000000      C
       -0.50831453118182        0.44448050321211       -0.68710379700001      C
        2.11231022981818        0.58043306021212        0.00464551899999      C
        3.92664560181819       -1.26070051578789        0.63235769099999      C
        6.34408324381818       -0.47048513678788        1.24094016700001      C
        7.01048377581818        2.11515512621212        1.23572074399999      C
        5.26141387081817        3.95973367321212        0.60615475100001      C
        2.81573616281818        3.16294771621211       -0.01424418200001      C
        0.60510257381817        6.42194081321212       -0.77937911799999      H
       -3.10624935118181        3.62605908521213       -1.62429639500000      H
        3.47824385981818       -3.25526472478788        0.67771111499999      H
        8.91322430981817        2.63548172921212        1.77145806200000      H
        5.77473903881817        5.93951644521211        0.61777656500000      H
        8.12573202581819       -2.24749653078787        1.95109730399999      O
        9.90945194681819       -2.75681736978788       -0.00115404999999      C
        8.96634828681818       -3.51793663778788       -1.67305510499999      H
       10.94696820681818       -1.05365079878788       -0.53290782600001      H
       11.22074414981817       -4.15005376078788        0.74550125500000      H
       -2.02328707018182       -1.93859436178787       -0.96675489800001      C
       -4.85678190518181       -1.49344294878788       -1.25452237200000      C
       -5.86711823618182       -0.32146134578787        1.01552420200000      N
       -8.36577441218181        0.04252444621212        1.57476026299999      C
      -10.24019551218183       -1.29525793578788       -0.12772789700001      C
       -1.36376703118183       -2.99208447578788       -2.61762141300001      H
       -1.70736645918181       -3.15282267878788        0.67507683700001      H
       -5.20198382118182       -0.32663919478788       -2.93039563100000      H
       -5.78962624318182       -3.30258913278789       -1.56378547900001      H
       -4.66708743018182        0.71666340721212        2.07227220400001      H
       -9.02989971418182        1.33747618921212        3.36879430900001      O
      -12.13081345318182       -0.80866294178788        0.49816257900000      H
       -9.99883403918183       -0.73083268678789       -2.09434305800001      H
       -9.99077624718182       -3.33764166078788       -0.02337911700000      H
$end
