$coord
       -0.27679725600001        0.58844511725000       -0.89722904762500      C
       -1.16154729999999        2.57161167625000       -1.61392725462500      O
        0.48516403200000       -1.25888159375001       -2.48324821662500      O
        0.16635814700000       -0.64299422175000       -4.18665715362500      H
        0.11995884100001       -0.16175169674999        1.80773567837499      C
       -0.46579225000000        1.36767267925000        3.03603657137500      H
       -0.96867588300001       -1.85612532374999        2.21771383737500      H
        2.10133166900000       -0.60797663675000        2.11957558537500      H
$end
