$coord
     2.140517196     4.282308067     0.000000000     C 
     0.000000000     0.872705698     0.000000000     I 
     3.305478467     4.315115600     1.684770089     H 
     0.830073480     5.857007286     0.000000000     H 
     3.305478467     4.315115600    -1.684770089     H 
    -2.305061307    -4.669756697     0.000000000     O 
    -0.453256448    -5.977343147     0.000000000     C 
     1.464397803    -5.153997092     0.000000000     H 
    -0.588494688    -8.058354762     0.000000000     H 
$end
