$coord
   -1.62926597345455      4.95031876030303      1.24837034015152      n
   -3.54518167645455      4.12148683030303     -0.30629400384848      c
   -2.71853993945455      2.13294139930303     -1.76188946284848      c
   -0.13616323245455      1.69916046730303     -1.05260348884848      c
    1.70542198854545     -0.03590467969697     -1.84786254684848      c
    4.07491539254545      0.00512694130303     -0.71800104684848      c
    4.64877415354545      1.77337189630303      1.19995745015152      c
    2.85813405554545      3.52922213830303      1.99028621315152      c
    0.47758197454545      3.47928235030303      0.85725186215152      c
   -1.80285620245455      6.30246494930303      2.56587596315152      h
   -5.38688028045455      4.98809060330303     -0.22641150684848      h
    1.34461471454545     -1.40365622569697     -3.32551677784848      h
    6.49038583054545      1.79424014030303      2.07468893415152      h
    3.32148730954545      4.88086377130303      3.45401127315152      h
    5.76146371354545     -1.76772327669697     -1.58531913584848      o
    8.21395199354546     -1.73693774969697     -0.51019165884848      c
    8.15754367254545     -2.11563127969697      1.51817974815152      h
    9.16297616554546      0.06549612730303     -0.84250942284848      h
    9.25754372354545     -3.23468354769697     -1.44792282784848      h
   -4.28060067045454      0.51291710130303     -3.47617329284848      c
   -5.61149311245455     -1.61773950369697     -2.00320936184848      c
   -3.88140928345455     -3.05321505069697     -0.42856494484848      n
   -3.52862578745455     -2.45836143369697      2.07023107115152      c
   -1.22351534745455     -3.65471861269697      3.27287347815151      c
   -3.08025050145455     -0.30831246069697     -4.94352662684848      h
   -5.71873884145455      1.63306730030303     -4.44553091584848      h
   -6.57096179945454     -2.89500152169697     -3.30826357884848      h
   -7.01091079745455     -0.81586640469697     -0.72903893584848      h
   -2.45230211345455     -3.96443336369697     -1.28863026584848      h
   -4.95224330345455     -1.07249308469697      3.24792909515152      o
    0.31701762654545     -2.28583511969697      3.21154431115152      h
   -0.61671866245455     -5.36392663769697      2.30005198715152      h
   -1.64515478945455     -4.08361082369697      5.23620807515152      h
$user-defined bonds
$end
