$coord
        1.79735083062742       -4.42665143396774        0.00000000000000      Si
        5.47735160077691       -1.95257593092707        0.00000000000000      Si
       -1.87902462147154       -1.89828871441756        0.00000000000000      Si
       -0.96120535979079        2.44146318756260        0.00000000000000      Si
       -4.66879760562472        4.87274102808145        0.00000000000000      Si
        1.79476797598652       -6.08411129731253       -2.27178821177621      H
        1.79476797598652       -6.08411129731253        2.27178821177621      H
       -3.43213700587973       -2.48796105064581        2.26922051661073      H
       -3.43213700587973       -2.48796105064581       -2.26922051661073      H
        0.58302096074950        3.05710624847503       -2.26863281575249      H
        0.58302096074950        3.05710624847503        2.26863281575249      H
       -4.10211039714466        7.62280080181540        0.00000000000000      H
       -6.19547097682737        4.27265764500722       -2.27794345710076      H
       -6.19547097682737        4.27265764500722        2.27794345710076      H
        7.78350996936708       -3.55410309152337        0.00000000000000      H
        5.52628183760126       -0.31038446883578       -2.27576215506290      H
        5.52628183760126       -0.31038446883578        2.27576215506290      H
$end
