$coord
       -4.06821921022500        3.91158188922500       -0.00428930226874      C
       -3.41353937972501        4.93231011922500        1.68016335183124      H
       -3.41267638802501        4.92843019732500       -1.69074831576876      H
       -6.14466886572501        3.91598365632500       -0.00480653466874      H
       -3.12137331182500        1.19743285132501       -0.00094292836875      C
       -3.77518450702500        0.16581513942500       -1.69363682256875      H
       -3.77636760732501        0.16958404342500        1.69359120623125      H
       -0.43440995892501        1.33820851402499       -0.00019030726875      O
        0.43443466917500       -1.33795199717500        0.00233115433125      O
        3.12152064097499       -1.19741209197499        0.00119054133125      C
        3.77649425747499       -0.16577854137500        1.69341418183124      H
        3.77523361157500       -0.16963617167500       -1.69386125596874      H
        4.06816675987500       -3.91162450427500        0.00393722493125      C
        3.41244357387500       -4.93227811567500       -1.68019176056875      H
        6.14461823927500       -3.91616240237500        0.00327175543125      H
        3.41352747657500       -4.92850258577499        1.69076781153125      H
$end
