$coord
    1.72026039063660      1.94792776305125     -5.74839384859916      n
   -0.84543746941483     -2.76063595266465      3.25512487375100      h
    0.42496325206265     -1.13137230811820      5.94925432127412      h
    0.73091739872398     -1.62520801360841      3.96243051766001      c
    2.08263001835807      2.48151896850828     -3.91676880596756      h
    0.93173606993270      1.22139896442741      2.12342719368603      p
    2.49166516448853     -2.68929418564968      3.76672970789632      h
    2.18596324893896      3.02814775290213     -7.27239706984257      h
   -0.83202319008680     -1.38577494350811     -2.84157423983172      li
   -3.33222580042752     -4.17535211831009     -1.06603963837401      cl
    1.06245496232071      0.87147007927368     -0.71397686940212      o
   -1.01720777936165      2.81895189135679      2.93934804552141      h
   -4.40064484920013     -1.34855542034685      0.83160825302155      h
    0.23748703828597      0.04907716296823     -6.09654345501890      o
    3.11565884869782      2.46364888638105      3.02311078284745      h
   -4.55619730395500      0.23405147333712      1.80466023137818      f
$user-defined bonds
$end
