$coord
   -0.02744173842596     -1.43238373822292      2.47444588773368      c
   -0.02744173842596     -1.43238373822292     -2.47444588773368      c
   -0.02744173842596      1.24123933984475      2.28966841457564      c
   -0.02744173842596      1.24123933984475     -2.28966841457564      c
   -0.32662326379292      2.52179371610588      0.00000000000000      c
    0.88437027398440     -1.99777105867857      0.00000000000000      h
    0.91674129173033     -2.23873010554277      4.12277886724719      h
    0.91674129173033     -2.23873010554277     -4.12277886724719      h
   -1.75193070247894     -2.46202020810315      2.01955088529348      h
   -1.75193070247894     -2.46202020810315     -2.01955088529348      h
    0.70889025601083      2.34357359447022      3.86643744534202      h
    0.70889025601083      2.34357359447022     -3.86643744534202      h
   -0.19538174701212      4.57261957768045      0.00000000000000      h
$user-defined bonds
$redundant
     number_of_atoms            13
     degrees_of_freedom         18
     internal_coordinates       18
     frozen_coordinates          0
# definitions of redundant internals
   1 k -1.0000000000000 tors    3    5    4    2 val= -34.13788
        1.0000000000000 tors    5    4    2    6
       -1.0000000000000 tors    4    2    6    1
        1.0000000000000 tors    2    6    1    3
       -1.0000000000000 tors    6    1    3    5
        1.0000000000000 tors    1    3    5    4
   2 k -0.5000000000000 tors    3    5    4    2 val=  16.23564
       -0.5000000000000 tors    5    4    2    6
        1.0000000000000 tors    4    2    6    1
       -0.5000000000000 tors    2    6    1    3
       -0.5000000000000 tors    6    1    3    5
        1.0000000000000 tors    1    3    5    4
   3 k  1.0000000000000 outp   11    1    5    3 val=  14.24737
   4 k  1.0000000000000 outp   13    4    3    5 val= -16.81200
   5 k  1.0000000000000 stre    3   11           val=   2.05998
   6 k  1.0000000000000 stre    1    3           val=   2.68000
   7 k  1.0000000000000 stre    1    7           val=   2.06366
   8 k  1.0000000000000 stre    5   13           val=   2.05502
   9 k  1.0000000000000 stre    1    9           val=   2.05935
  10 k  0.4191434038684 bend    7    9    1      val=   8.86784
       -0.4290140033159 bend    3    9    1
       -0.5404384118194 bend    3    7    1
        0.2642144621382 bend    6    9    1
        0.5276199702244 bend    6    7    1
  11 k -0.7068060281116 bend    5   11    3      val=   1.22479
        0.7074074063968 bend    1   11    3
  12 k  1.0000000000000 stre    3    5           val=   2.64044
  13 k -1.0000000000000 bend    1    5    3      val= -10.32377
        1.0000000000000 bend    3    4    5
       -1.0000000000000 bend    5    2    4
        1.0000000000000 bend    4    6    2
       -1.0000000000000 bend    2    1    6
        1.0000000000000 bend    6    3    1
  14 k  0.1176748059636 bend    7    9    1      val=   4.64205
        0.6129742093258 bend    3    9    1
       -0.5688543966884 bend    3    7    1
        0.3861370198980 bend    6    9    1
       -0.3711039422795 bend    6    7    1
  15 k  1.0000000000000 stre    2    6           val=   2.69703
  16 k -0.7431623423559 bend    7    9    1      val=  15.49387
        0.1116583050781 bend    3    9    1
        0.0073275299849 bend    3    7    1
        0.4873360387306 bend    6    9    1
        0.4446257397743 bend    6    7    1
  17 k  0.8660254037844 bend    1    5    3      val=  -8.01500
       -0.8660254037844 bend    3    4    5
        0.8660254037844 bend    4    6    2
       -0.8660254037844 bend    2    1    6
  18 k -0.0592330235801 bend    7    9    1      val=  11.63158
        0.4882666875557 bend    3    9    1
       -0.2627462637654 bend    3    7    1
       -0.6588904034678 bend    6    9    1
        0.5048910058976 bend    6    7    1
        18 non zero eigenvalues  of BmBt
           1           9.164345919    1    0
         1
           2           4.569053917    2    0
         2
           3           4.274141373    3    0
         3
           4           3.308470408    4    0
         4
           5           2.722509809    5    0
         5
           6           2.227720663    6    0
         6
           7           1.754127590    7    0
         7
           8           1.392709964    8    0
         8
           9           0.971364373    9    0
         9
          10           0.833920113   10    0
        10
          11           0.668993924   11    0
        11
          12           0.479175094   12    0
        12
          13           0.347436469   13    0
        13
          14           0.328654600   14    0
        14
          15           0.248035253   15    0
        15
          16           0.208544417   16    0
        16
          17           0.129038273   17    0
        17
          18           0.104863320   18    0
        18
$end
