$coord
   -3.86393314500000      0.10970152038889     -0.15050198955556      c
   -2.75948410000000      1.95213049638889      0.75256723444444      o
   -2.64670660900000     -1.94088073661111     -1.03267171855556      n
   -0.71880093900000     -2.02328513061111     -0.97090550655556      h
   -3.62559578600000     -3.39342691161111     -1.74842736755556      h
   -6.71169275600000      0.06401262538889     -0.31195192755556      c
   -7.47497124100000      0.26534933538889      1.58474405444444      h
   -7.45380364400000     -1.65065790461111     -1.16477414555556      h
   -7.32857262500000      1.69030511338889     -1.40475616555556      h
    3.86382080600000     -0.11005563861111      0.15096142644444      c
    2.75942381200000     -1.95068737161111     -0.75559864755556      o
    2.64667179700000      1.93981182238889      1.03506321944444      n
    0.71895217000000      2.02378705838889      0.97024312944444      h
    3.62559533800000      3.39104806238889      1.75338709144444      h
    6.71163632800000     -0.06416481461111      0.31201348544444      c
    7.45216526300000      1.63592625838889      1.19486325144444      h
    7.47424695700000     -0.22960094661111     -1.58863570555556      h
    7.33104837400000     -1.70931283761111      1.37438028144444      h
$user-defined bonds
$end
