$coord
        1.18160419261577        5.47660827512918       -0.07438047998904      C
       -0.64733302417812        3.28331166163140       -0.05952826624614      C
        0.68292516617358        0.90703894561209        0.02653128333318      N
       -0.42599426018265       -1.37596384800224        0.17980903935958      C
       -2.95860667651986       -1.39516569252830       -0.13713912884398      N
        1.21496200565708       -4.00538452886495        0.66888820214744      S
       -3.99842081356621        0.18453534925024       -0.07323289367594      H
       -3.82132915524351       -3.05482151325842        0.13373407744723      H
        2.53957325386856        0.90224570606944        0.40651325706415      H
       -1.82224346696509        3.34954843602322       -1.75269710952985      H
       -1.90838060744087        3.45223520519553        1.57053552090433      H
        2.44439270315463        5.37108828734015       -1.69042984254881      H
        0.15007078344850        7.24740571568590       -0.17418774408506      H
        2.32258562502351        5.49575695471517        1.63504748243440      H
$end
