$coord
    3.40067197598477     -0.08985341973088     -0.35360803293282      b
   -2.83282958022577      2.19543863961379     -2.18955384738373      o
    5.76472816382552     -0.49603864211693     -1.21358566654694      f
   -1.70657706313951     -2.05255181572206      1.55052937602492      b
    1.58835041779542     -4.83165774154759     -0.48805672906064      h
    3.54674889802012      3.80881069243976      0.32571615345912      h
    1.16082415084961     -2.68836939011385      0.10500536580848      b
   -2.11113140454788     -2.49669165662651      3.73236603932328      h
    2.92912991112290     -2.02449672449414      1.55839966416896      h
    1.63937827184425     -1.46234301835244     -1.90571308865243      h
   -0.98466979025434      2.17972514177944      1.02443512211936      al
   -2.34515635373322      4.36572054230165      2.55396166772487      h
   -4.08748558787908      3.52482829165651     -2.37153781897694      h
    2.37963551318215      2.29174375751632      0.30075348600901      n
   -4.58734878956482     -2.74804845935684     -0.43511853641680      cl
   -3.75426873328011      0.52378380275384     -2.19399315466763      h
$user-defined bonds
$end
