$coord
       -1.78235011011277       -1.20868227906282       -0.28202943441967      N
        0.03970851952338        0.85998946533453       -0.09836860338535      C
        2.63945956850521       -0.09498458300677       -0.17657022778170      C
        4.68686339822886       -0.82814062930092       -0.17753666357204      N
       -3.56335845455654       -0.51644762360244       -0.39154224256370      H
       -1.67941849684700       -2.36162895743283        1.24346180749721      H
       -0.21394023679093        2.11046269377966       -1.72287534599743      H
       -0.12696418795022        2.03943191329158        1.60546071022267      H
$end
