$coord
   -0.42717798533481      0.03873532390678     -2.58355158563512      c
    1.51505472433667      1.28489004659683      0.00000000000000      s
    3.92680585996716     -0.23140806190553      0.00000000000000      o
   -0.42717798533481      0.03873532390678      2.58355158563512      c
    0.54189646880478      0.53065405248626     -4.32739246364000      h
   -2.29133866275137      0.90966607066490     -2.53785232278134      h
   -0.54431011287050     -2.00579643940357     -2.39070377561643      h
   -2.29133866275137      0.90966607066490      2.53785232278134      h
   -0.54431011287050     -2.00579643940357      2.39070377561643      h
    0.54189646880478      0.53065405248626      4.32739246364000      h
$redundant
     number_of_atoms            10
     degrees_of_freedom         13
     internal_coordinates       13
     frozen_coordinates          0
# definitions of redundant internals
   1 k  1.0000000000000 stre    2    3           val=   2.84881
   2 k  1.0000000000000 stre    1    5           val=   2.05477
   3 k  1.0000000000000 stre    1    7           val=   2.05694
   4 k  1.0000000000000 stre    1    6           val=   2.05808
   5 k  1.0000000000000 stre    2    1           val=   3.46409
   6 k -0.3455618464419 bend    7    5    1      val=   1.39744
       -0.3713505100310 bend    6    5    1
       -0.4723464991161 bend    6    7    1
        0.4355901668469 bend    2    5    1
        0.4093621413469 bend    2    7    1
        0.4028131546192 bend    2    6    1
   7 k  0.7664231310867 bend    7    5    1      val=   0.75079
       -0.4506490811793 bend    6    5    1
       -0.2416909342673 bend    6    7    1
        0.0956196501235 bend    2    5    1
        0.1821049495634 bend    2    7    1
       -0.3298350374282 bend    2    6    1
   8 k  0.1557701731832 bend    7    5    1      val=   0.96465
        0.6256000617887 bend    6    5    1
       -0.6646744549236 bend    6    7    1
        0.2572396168153 bend    2    5    1
       -0.2652727074881 bend    2    7    1
       -0.0776289572971 bend    2    6    1
   9 k  1.0000000000000 tors    5    1    2    4 val=  62.96187
        1.0000000000000 tors    7    1    2    4
        1.0000000000000 tors    6    1    2    4
  10 k -0.2836912952482 bend    7    5    1      val=  -0.39199
        0.2611681807402 bend    6    5    1
        0.0181576472595 bend    6    7    1
        0.0374279900527 bend    2    5    1
        0.6355036796063 bend    2    7    1
       -0.6676188650591 bend    2    6    1
  11 k -0.1462897688407 bend    7    5    1      val=  -0.14262
       -0.1669818170304 bend    6    5    1
        0.3042539531058 bend    6    7    1
        0.7625866500728 bend    2    5    1
       -0.4040178279270 bend    2    7    1
       -0.3367151677324 bend    2    6    1
  12 k  0.7071067811865 bend    1    3    2      val= 106.45053
        0.7071067811865 bend    4    3    2
  13 k  1.0000000000000 bend    4    1    2      val=  96.45743
        13 non zero eigenvalues  of BmBt
           1           3.910810179    1    0
         1
           2           3.461260223    2    0
         2
           3           3.103431626    3    0
         3
           4           2.348286955    4    0
         4
           5           1.171001910    5    0
         5
           6           0.853587265    6    0
         6
           7           0.728243370    7    0
         7
           8           0.721817527    8    0
         8
           9           0.585704878    9    0
         9
          10           0.295870116   10    0
        10
          11           0.247202976   11    0
        11
          12           0.131707729   12    0
        12
          13           0.043183044   13    0
        13
$user-defined bonds
$end
