$coord
        0.00000000000000        0.00000000000000       -1.20781647700000      C
        0.00000000000000        1.24018748300000       -3.63438716500001      C
        0.00000000000000       -1.24018748300000       -3.63438716500001      C
        0.00000000000000        0.00000000000000        1.29542039500001      C
        0.00000000000000       -2.42141929500000        2.78175224699999      C
        0.00000000000000        2.95500610500000       -4.72492157799999      H
        0.00000000000000       -4.07005971300000        1.54777440300001      H
        0.00000000000000       -2.95500610500000       -4.72492157799999      H
        1.65717253100000       -2.55026648200000        4.01507246600000      H
        0.00000000000000        2.42141929500000        2.78175224699999      C
        0.00000000000000        4.07005971300000        1.54777440300001      H
       -1.65717253100000        2.55026648200000        4.01507246600000      H
        1.65717253100000        2.55026648200000        4.01507246600000      H
       -1.65717253100000       -2.55026648200000        4.01507246600000      H
$end
