$coord
        3.01845057550106        6.86781831899240        0.22027176192511      O
        6.53278912052061        2.92110212170036        1.64690471537666      O
       -1.08515632814075        6.59317141298747        3.39326315810341      O
        1.18969626006390        5.48606220165881       -4.68714220824601      O
        4.84315456552173        0.44983469673586        5.62344991700004      O
       -0.01157529766664        2.46248405485172        6.85038705354177      O
        6.93430422059719       -0.36286980471505       -2.36366621307107      O
       -5.02443709596144        5.14846549760828        0.70134264654517      O
        3.65948852708493        1.11694189151093       -6.40392031569140      O
       -3.74534760244809        4.70527902811104       -4.42006511013134      O
        3.84684794782601       -4.53877524569757        4.11719811884695      O
       -3.56133862818627       -1.26370011169688        6.23563810139065      O
        5.27841110203678       -5.28824497841565       -0.57078375452118      O
       -7.01750503723331        0.39501461350972        2.31734317591168      O
        0.20082599780528       -2.44394689872923       -6.89480505787748      O
       -4.49999686637948       -0.48942691208555       -5.76947130969530      O
       -1.37566102141148       -5.48484529178660        4.82181087646779      O
        1.12278344194502       -6.54063124454768       -3.37151523964139      O
       -6.58271894801660       -3.14668472686221       -1.43658865070479      O
       -3.14600923389474       -6.47525764608513       -0.07350894151606      O
        1.58105294882506        6.89712252750441        1.39971053989610      H
        3.75483784820875        8.52767387181100        0.25768351877011      H
        5.39168766831310        4.26180052035112        1.13213714303082      H
        6.72070277901279        1.80065641448939        0.17479408741185      H
       -1.62581834401886        8.04545856909946        4.34091836308888      H
       -2.58441870996308        6.04345991483038        2.38051475220562      H
        1.90071910070255        5.92510232875938       -3.05008381907832      H
        2.11199359032969        4.00230933059258       -5.28705168980399      H
        6.08848066398000        0.63110139505075        6.93295077171930      H
        5.51291879070196        1.39128634686271        4.12449408653635      H
        1.67596064097272        1.83377331536800        6.46803783844967      H
       -0.29929005609963        3.87015795383418        5.70933019886887      H
        6.37420319762968       -2.02876216296628       -1.83592381951024      H
        5.86776918485153        0.10203759165728       -3.78915592006127      H
       -4.65941493013336        5.02866537026528       -1.10515867075232      H
       -5.72629714634757        3.52287228421182        1.19988149730028      H
        2.35250824565325       -0.23180309291068       -6.62014443246150      H
        4.47599528961466        1.29340422592378       -8.01657429141427      H
       -4.53308566703182        5.86498925516834       -5.57456819707787      H
       -1.88799770686771        5.00959000315829       -4.55264543580419      H
        2.05869227992413       -4.85159465556052        4.43807299619314      H
        4.19510767673711       -2.82282840984112        4.70561704561297      H
       -4.73700330199646       -0.64954827518073        4.96845930546037      H
       -2.32168378655491        0.09889556306327        6.50190983606042      H
        6.71262110102932       -6.39976832521852       -0.48432816445589      H
        4.72802510396326       -5.00383296977659        1.22158388596286      H
       -8.73485935994365        0.49866814675583        2.89992156419189      H
       -6.99127923023943       -0.89304308516550        0.97396348277337      H
        0.47467645987222       -3.84238740729424       -5.73969731528906      H
       -1.50478220356307       -1.79960723670074       -6.53717704990397      H
       -4.32017586517906        1.28289128310551       -5.31308155110449      H
       -5.24474162258658       -1.31977935717982       -4.31285218339744      H
       -1.73670346198806       -6.72647257276959        6.09719095114277      H
       -2.21428579894965       -3.88198916765017        5.39117049879816      H
        1.36582677748089       -8.14303712255716       -4.19137513206136      H
        2.68531245328128       -6.19086343866542       -2.41954231300439      H
       -8.02881747810573       -4.10857338619620       -1.96918278359954      H
       -5.27370023799989       -4.41416988517855       -0.92312075634210      H
       -1.67131255363497       -6.52496445189302       -1.17347668915659      H
       -2.51043003944426       -6.21068218620311        1.64065512679165      H
$end
