$coord
        0.00000000000000       -1.26153993606566       -3.34057474136353      C
        0.00000000000000        1.26153993606566       -3.34057474136353      C
        0.00000000000000        0.00000000000000        6.15560770034788      C
        0.00000000000000        0.00000000000000        3.87421059608458      C
       -1.74539124965668        2.32862138748169       -3.34345865249635      H
        1.74539124965668        2.32862138748169       -3.34345865249635      H
        1.74539124965668       -2.32862138748169       -3.34345865249635      H
       -1.74539124965668       -2.32862138748169       -3.34345865249635      H
        0.00000000000000        0.00000000000000        1.85997366905213      H
        0.00000000000000        0.00000000000000        8.16519212722779      H
$end
