$coord
       -2.08863600443841        0.18647784643593        0.00000000000000      C
        0.68003724199723        0.94118248812238        0.00000000000000      C
        2.37257065770162       -1.00732311206840        0.00000000000000      N
        1.34785001330499        3.14225635866126        0.00000000000000      O
        1.83825332600129       -2.82871453371295        0.00000000000000      H
        4.23082361691215       -0.59298838853530        0.00000000000000      H
       -2.99188536358221        1.00535521509676        1.66241994893940      H
       -2.39712812431447       -1.85160108909641        0.00000000000000      H
       -2.99188536358221        1.00535521509676       -1.66241994893940      H
$end
