$coord
   -0.79953161992736     -1.05054365171630      0.00000000000000      c
    0.60512694977727      1.41651056040622      0.00000000000000      c
   -0.27970239231713      3.46226364688225      0.00000000000000      o
    4.05299044687823      1.01937634322436      0.00000000000000      cl
   -2.01564020416062     -1.08873680389821      1.66377583530363      h
    0.45239702391024     -2.67013329100009      0.00000000000000      h
   -2.01564020416062     -1.08873680389821     -1.66377583530363      h
$redundant
     number_of_atoms             7
     degrees_of_freedom         10
     internal_coordinates       10
     frozen_coordinates          0
# definitions of redundant internals
   1 k  1.0000000000000 stre    2    3           val=   2.22891
   2 k  1.0000000000000 stre    2    4           val=   3.47066
   3 k  1.0000000000000 stre    1    6           val=   2.04705
   4 k  1.0000000000000 stre    1    2           val=   2.83891
   5 k -0.4594931491208 bend    5    6    1      val=   0.05996
       -0.4594931491208 bend    7    6    1
       -0.2906279603139 bend    7    5    1
        0.3671338990820 bend    2    6    1
        0.4233675593682 bend    2    5    1
        0.4233675593682 bend    2    7    1
   6 k  1.0000000000000 stre    1    7           val=   2.06120
   7 k -0.2655892132161 bend    5    6    1      val=   1.98355
       -0.2655892132161 bend    7    6    1
        0.7398414035935 bend    7    5    1
       -0.4961570444178 bend    2    6    1
        0.1808143031536 bend    2    5    1
        0.1808143031536 bend    2    7    1
   8 k  0.6057632847896 bend    4    3    2      val=  -4.25495
       -0.7769999104468 bend    1    3    2
        0.1712366256572 bend    1    4    2
   9 k  0.5474646193751 bend    4    3    2      val=   4.53642
        0.2508740836202 bend    1    3    2
       -0.7983387029953 bend    1    4    2
  10 k  0.2114476526287 bend    5    6    1      val=  -0.54901
        0.2114476526287 bend    7    6    1
       -0.4666114381365 bend    7    5    1
       -0.6623152596409 bend    2    6    1
        0.3565052896120 bend    2    5    1
        0.3565052896120 bend    2    7    1
        10 non zero eigenvalues  of BmBt
           1           3.800071316    1    0
         1
           2           3.683513499    2    0
         2
           3           2.704488824    3    0
         3
           4           2.011130595    4    0
         4
           5           0.901960464    5    0
         5
           6           0.760934044    6    0
         6
           7           0.702759219    7    0
         7
           8           0.502481089    8    0
         8
           9           0.299829604    9    0
         9
          10           0.173631239   10    0
        10
$user-defined bonds
$end
