$coord
   -1.95668728600000      5.02544355681818     -0.14501574018182      n
    0.45813875600000      4.12077692381818     -0.53301806018182      c
    0.44831973900000      1.51752441381818     -0.47952747618182      c
   -2.12566469400000      0.78202416181818     -0.03013173818182      c
   -3.32327476100000     -1.57915066918182      0.22182542781818      c
   -5.89859523000000     -1.62696640618182      0.67608154081818      c
   -7.32130189900000      0.62240278681818      0.88413281381818      c
   -6.18403645200000      2.96850894181818      0.63396710781818      c
   -3.57932129400000      3.02010224081818      0.17157950381818      c
   -2.43961810100000      6.85784848881818     -0.08557251918182      h
    1.99760403400000      5.42141485181818     -0.82211779018182      h
   -2.28820002600000     -3.33847611718182      0.09630415881818      h
   -9.32110631800000      0.47927116081818      1.28258342881818      h
   -7.27733553400000      4.68806321681818      0.81137458381818      h
   -7.09629789400000     -3.92670813418182      1.01471854881818      o
   -8.45023932300000     -4.71266407118182     -1.17674943918182      c
   -7.17099309300000     -4.95573196618182     -2.77928621218182      h
   -9.91062712700000     -3.34514874018182     -1.68484006618182      h
   -9.32815877500000     -6.51130715818182     -0.71596810218182      h
    2.63896758600000     -0.24694675818182     -0.81134446218182      c
    5.14809284400000      1.11673620781818     -1.25708358018182      c
    7.27003970200000     -0.58978840618182     -1.57709544918182      n
    8.73609101600000     -1.61139506418182      0.29743903381818      c
    8.44708388100000     -0.47575667118182      2.91196753881818      c
    2.28292809200000     -1.51557083818182     -2.40527542318182      h
    2.82286438100000     -1.45837261218182      0.85344744281818      h
    5.54822342500000      2.38616531181818      0.31191811481818      h
    5.00884271500000      2.28664289181818     -2.94972815818182      h
    7.44454078000000     -1.49312467318182     -3.24540413518182      h
   10.24227821900000     -3.30459522018182     -0.14672594218182      o
    9.67597269300000     -1.51361497218182      4.18307471881818      h
    6.50522224100000     -0.59744557618182      3.58593642381818      h
    8.99624770300000      1.50983889881818      2.90853390681818      h
$user-defined bonds
$end
