$coord
        2.78658455796540       -3.66405448340810        0.00000000000000      C
        0.19054734893143       -3.83815011405386        0.00000000000000      C
       -0.76065838150679       -1.31656238459982        0.00000000000000      C
        1.37315762229265        0.32121023884974        0.00000000000000      C
        1.13593065924944        2.95204630470833        0.00000000000000      C
       -1.28868257813156        3.94392266846262        0.00000000000000      C
       -3.42936670593918        2.35812821961008        0.00000000000000      C
       -3.19195234589279       -0.24818256520665        0.00000000000000      C
        5.28600633330643       -0.53951355838216        0.00000000000000      H
        4.19842693395913       -5.13047370337881        0.00000000000000      H
       -0.88414108566939       -5.56565484427847        0.00000000000000      H
        2.78136682696640        4.16560092545115        0.00000000000000      H
       -1.54399788193404        5.97186556435192        0.00000000000000      H
       -5.29102766327561        3.20181217766367        0.00000000000000      H
       -4.85151350311935       -1.44356831931510        0.00000000000000      H
        3.48931986279786       -1.16842612647453        0.00000000000000      N
$end
