$coord
       -0.60018477567932        0.38249592499185       -2.11631343769243      C
        0.97486449652570        2.60372168522521       -1.25928684773878      C
        0.97486449652570        2.60372168522521        1.25928684773878      C
       -0.60018477567932        0.38249592499185        2.11631343769243      C
       -2.57956541372559        0.30225556769488        0.00000000000000      C
        0.97047213213023       -2.01243907339295       -1.46213599456454      C
        0.97047213213023       -2.01243907339295        1.46213599456454      C
       -1.29101520975052        0.44526362428827       -4.05474488046313      H
        2.08325012616070        3.80077170267809       -2.49503908312466      H
        2.08325012616070        3.80077170267809        2.49503908312466      H
       -1.29101520975052        0.44526362428827        4.05474488046313      H
       -3.81843454753769        1.95106443692941        0.00000000000000      H
       -3.70536861202183       -1.43161149414189        0.00000000000000      H
        0.04769640353070       -3.70226075893248       -2.20918285828534      H
        2.86660111372508       -1.92840736009914       -2.26659333691378      H
        0.04769640353070       -3.70226075893248        2.20918285828534      H
        2.86660111372508       -1.92840736009914        2.26659333691378      H
$end
