$coord
   -3.79735703681111     -1.71129917131667     -3.47967289888333      c
   -3.13749019401111     -3.67221358291667     -3.69350215358333      h
   -3.02822040781111     -0.61704309361667     -5.07221365758333      h
   -5.86671178861111     -1.72047690881667     -3.66347777328333      h
   -2.96311579611111     -0.59714416481667     -0.94410254138333      c
   -3.71102551691111      1.34014891668333     -0.75377454378333      h
   -3.81114289601111     -1.69372896861667      0.61342461021667      h
   -0.08755328041111     -0.54341820091667     -0.61138432428333      c
    0.77528394928889      0.56599633848333     -2.15074624798333      h
    0.66709826718889     -2.47956366731667     -0.80419165308333      h
    0.75333670698889      0.56204504768333      1.94459919641667      c
   -0.14501663431111     -0.55040778931667      3.46824428871667      h
    0.04432486988889      2.51173456398333      2.13920829441667      h
    3.56614279468889      0.52954151378333      2.30455719021667      c
    4.46716434138889     -1.33395002601667      2.19359574801667      h
    5.01417061498889      2.55663023868333      2.71696858721667      c
    7.05582539778889      2.40062292278333      2.95328532591667      h
    4.20428660878889      4.45252603158333      2.83918255271667      h
$redundant
     number_of_atoms            18
     degrees_of_freedom         48
     internal_coordinates       48
     frozen_coordinates          0
# definitions of redundant internals
   1 k  1.0000000000000 tors    4    1    5    8 val=  60.12745
        1.0000000000000 tors    3    1    5    8
        1.0000000000000 tors    2    1    5    8
   2 k  1.0000000000000 stre    1    4           val=   2.07752
   3 k  1.0000000000000 stre    1    3           val=   2.07970
   4 k  1.0000000000000 stre    1    2           val=   2.07998
   5 k  0.4236372552592 bend    3    4    1      val=   1.59642
        0.4232281566348 bend    2    4    1
        0.4160021535227 bend    2    3    1
       -0.3945755991317 bend    5    4    1
       -0.3954072252798 bend    5    3    1
       -0.3953667087893 bend    5    2    1
   6 k -0.3360939744316 bend    3    4    1      val=   0.15808
       -0.3387159182829 bend    2    4    1
        0.6842387838091 bend    2    3    1
       -0.4515051917472 bend    5    4    1
        0.2248955558235 bend    5    3    1
        0.2229230911777 bend    5    2    1
   7 k -0.6410232098950 bend    3    4    1      val=   0.00776
        0.6395639476899 bend    2    4    1
        0.0019044043108 bend    2    3    1
       -0.0007673423745 bend    5    4    1
       -0.2997482103390 bend    5    3    1
        0.3003231526535 bend    5    2    1
   8 k  0.2230146926818 bend    3    4    1      val=  -0.02575
        0.2251191322525 bend    2    4    1
       -0.4513413532743 bend    2    3    1
       -0.6798940172181 bend    5    4    1
        0.3432374150647 bend    5    3    1
        0.3403072262196 bend    5    2    1
   9 k  0.3003877905377 bend    3    4    1      val=   0.00327
       -0.2996830822689 bend    2    4    1
       -0.0008536786215 bend    2    3    1
       -0.0018461965462 bend    5    4    1
       -0.6392557833735 bend    5    3    1
        0.6413307506368 bend    5    2    1
  10 k  1.0000000000000 stre    5    7           val=   2.08508
  11 k  1.0000000000000 stre    5    6           val=   2.08535
  12 k  0.0092513111087 bend    6    7    5      val=   0.15429
       -0.5008268828867 bend    1    7    5
       -0.5003889830332 bend    1    6    5
        0.4992058410940 bend    8    7    5
        0.4994909813974 bend    8    6    5
  13 k -0.0004087061551 bend    6    7    5      val=   0.00145
        0.5041259963417 bend    1    7    5
       -0.5042688083749 bend    1    6    5
        0.4960617081765 bend    8    7    5
       -0.4954720611225 bend    8    6    5
  14 k  0.9064968321768 bend    6    7    5      val=   2.11973
       -0.2061874994054 bend    1    7    5
       -0.2070123656739 bend    1    6    5
       -0.2154654617710 bend    8    7    5
       -0.2155706927769 bend    8    6    5
  15 k -0.0002812932614 bend    6    7    5      val=   0.02842
        0.4958474233001 bend    1    7    5
       -0.4956862524311 bend    1    6    5
       -0.5040407330845 bend    8    7    5
        0.5043543716705 bend    8    6    5
  16 k  1.0000000000000 stre    8    9           val=   2.08445
  17 k  1.0000000000000 stre    8   10           val=   2.08694
  18 k  0.0092377351581 bend   10    9    8      val=   0.13687
       -0.5028342611833 bend    5    9    8
       -0.4987704323577 bend    5   10    8
        0.4989368912073 bend   11    9    8
        0.4993619973802 bend   11   10    8
  19 k  0.0062985130093 bend   10    9    8      val=   0.06673
       -0.5052483960142 bend    5    9    8
        0.5054990536898 bend    5   10    8
       -0.4967433082433 bend   11    9    8
        0.4923425428430 bend   11   10    8
  20 k  0.9065261155343 bend   10    9    8      val=   2.19355
       -0.2020360735068 bend    5    9    8
       -0.2109057809051 bend    5   10    8
       -0.2133767887946 bend   11    9    8
       -0.2176715976896 bend   11   10    8
  21 k -0.0017377805000 bend   10    9    8      val=   0.17586
        0.4943765821014 bend    5    9    8
       -0.4947110625479 bend    5   10    8
       -0.5037468338019 bend   11    9    8
        0.5070393152566 bend   11   10    8
  22 k  1.0000000000000 stre   11   13           val=   2.08371
  23 k  1.0000000000000 stre   11   12           val=   2.08952
  24 k  0.0152030188853 bend   12   13   11      val=   0.14999
       -0.5062746558351 bend   14   13   11
       -0.4980927045489 bend   14   12   11
        0.5068477598426 bend    8   13   11
        0.4883276022237 bend    8   12   11
  25 k  0.0335101302412 bend   12   13   11      val=   0.78297
       -0.5184114123924 bend   14   13   11
        0.5097344884973 bend   14   12   11
       -0.4850139521186 bend    8   13   11
        0.4848287286860 bend    8   12   11
  26 k  0.9053232650734 bend   12   13   11      val=   2.28012
       -0.1893498294176 bend   14   13   11
       -0.2178992365777 bend   14   12   11
       -0.2015418240375 bend    8   13   11
       -0.2375652408893 bend    8   12   11
  27 k -0.0039788381822 bend   12   13   11      val=   0.38652
       -0.4770323442470 bend   14   13   11
        0.4934837692625 bend   14   12   11
        0.5090230958373 bend    8   13   11
       -0.5194165657424 bend    8   12   11
  28 k  1.0000000000000 stre   14   15           val=   2.07286
  29 k  0.7071106952321 bend   16   15   14      val=   1.50052
       -0.7071028671194 bend   11   15   14
  30 k  1.0000000000000 outp   15   11   16   14 val=   0.55465
  31 k  1.0000000000000 tors   17   16   14   11 val=  90.42511
        1.0000000000000 tors   18   16   14   11
  32 k  1.0000000000000 stre   16   17           val=   2.06120
  33 k  1.0000000000000 stre   16   18           val=   2.06525
  34 k  0.8164554813193 bend   18   17   16      val=  -2.38920
       -0.4153287699265 bend   14   17   16
       -0.4011264886480 bend   14   18   16
  35 k  0.0082015893748 bend   18   17   16      val=   0.11504
        0.7029731765734 bend   14   17   16
       -0.7111690705803 bend   14   18   16
  36 k  1.0000000000000 outp   17   14   18   16 val=  -0.16177
  37 k  1.0000000000000 tors    1    5    8   11 val= 180.34516
  38 k  1.0000000000000 stre    5    1           val=   2.89248
  39 k  1.0000000000000 bend    8    1    5      val= 113.22504
  40 k  1.0000000000000 tors   16   14   11    8 val= 121.02128
  41 k  1.0000000000000 stre   14   16           val=   2.52507
  42 k  1.0000000000000 bend   11   16   14      val= 125.47270
  43 k  1.0000000000000 tors    5    8   11   14 val= 177.98397
  44 k  1.0000000000000 stre    8    5           val=   2.89525
  45 k  1.0000000000000 bend   11    5    8      val= 113.27387
  46 k  1.0000000000000 stre   11   14           val=   2.83593
  47 k  1.0000000000000 bend    8   14   11      val= 113.19607
  48 k  1.0000000000000 stre    8   11           val=   2.90899
        48 non zero eigenvalues  of BmBt
           1           6.018663472    1    0
         1
           2           5.069771127    2    0
         2
           3           4.405218307    3    0
         3
           4           4.261542505    4    0
         4
           5           4.086549673    5    0
         5
           6           3.753262754    6    0
         6
           7           3.693281686    7    0
         7
           8           3.418842695    8    0
         8
           9           3.156039355    9    0
         9
          10           3.072440840   10    0
        10
          11           2.890580762   11    0
        11
          12           2.535002833   12    0
        12
          13           2.363231648   13    0
        13
          14           2.312049653   14    0
        14
          15           2.209881025   15    0
        15
          16           1.847954040   16    0
        16
          17           1.500298683   17    0
        17
          18           1.185288156   18    0
        18
          19           0.893838346   19    0
        19
          20           0.876321271   20    0
        20
          21           0.784031114   21    0
        21
          22           0.760344839   22    0
        22
          23           0.748383663   23    0
        23
          24           0.746334274   24    0
        24
          25           0.686196717   25    0
        25
          26           0.679764712   26    0
        26
          27           0.648935527   27    0
        27
          28           0.576924909   28    0
        28
          29           0.448063496   29    0
        29
          30           0.439929889   30    0
        30
          31           0.389572978   31    0
        31
          32           0.371455141   32    0
        32
          33           0.347947324   33    0
        33
          34           0.335717380   34    0
        34
          35           0.303486081   35    0
        35
          36           0.299945613   36    0
        36
          37           0.271179940   37    0
        37
          38           0.268850273   38    0
        38
          39           0.246083923   39    0
        39
          40           0.182344809   40    0
        40
          41           0.160567053   41    0
        41
          42           0.083669286   42    0
        42
          43           0.069069332   43    0
        43
          44           0.059674742   44    0
        44
          45           0.051894033   45    0
        45
          46           0.028824109   46    0
        46
          47           0.023870019   47    0
        47
          48           0.012432481   48    0
        48
$user-defined bonds
$end
