$coord
   -2.17271829039370      0.76309928443080     -1.93624340752870      as
    2.17271829039370     -0.76309928443080     -1.93624340752870      as
   -2.61764552179142      1.81065233872633      1.60793915783906      c
   -3.76988439011043     -2.58624008461901     -1.64282685844536      c
    3.76988439011043      2.58624008461901     -1.64282685844536      c
    2.61764552179142     -1.81065233872633      1.60793915783906      c
   -1.40136851901437      3.42493217650487      2.00967673688731      h
   -2.19924555284164      0.28476043570667      2.92605722275746      h
   -4.57742539852117      2.40213871098891      1.85735676181535      h
   -3.42295041412706     -3.65165966905374     -3.37120344935627      h
   -3.04575888944194     -3.64456247745145     -0.02907200939098      h
   -5.80318289920100     -2.32947325540192     -1.42168415457785      h
    3.42295041412706      3.65165966905374     -3.37120344935627      h
    5.80318289920100      2.32947325540192     -1.42168415457785      h
    3.04575888944194      3.64456247745145     -0.02907200939098      h
    1.40136851901437     -3.42493217650487      2.00967673688731      h
    4.57742539852117     -2.40213871098891      1.85735676181535      h
    2.19924555284164     -0.28476043570667      2.92605722275746      h
$user-defined bonds
$end
