$coord
   10.56433740174576     -0.67251441737288     -5.57504806766102      h
    9.08510902974576     -0.71246360237288     -4.49130740866102      o
    6.89768902374576     -0.93711630737288     -6.08337925666102      c
    7.17339815574576     -2.42633452737288     -7.49858409066102      h
    6.51959151374576      0.85023963562712     -7.06932602866102      h
    4.61055649174576     -1.55729792037288     -4.49075504166102      c
    2.93501355674576     -1.54122202137288     -5.71026948966102      h
    4.88344558574576     -4.08693350837288     -3.41136774466102      o
    3.81405928574576     -4.17327433337288     -0.96273696266102      c
    2.50577325874576     -5.75798437637288     -0.80199308966102      h
    5.86123025374576     -4.61202486637288      0.94033899733898      n
    8.36196607274576     -4.23519158337288      0.38615738633898      c
    8.73416971674576     -3.60375343837288     -1.52964644466102      h
   10.22334466174576     -4.60673363337288      2.11303964133898      c
   12.18278264374576     -4.29339533237288      1.61956661133898      h
    9.60611366574576     -5.42511934737288      4.63256292733898      c
   11.10761604974576     -5.84022468437288      6.37939142933898      o
    7.00306675874576     -5.73591256537288      5.03743691033898      n
    6.45858322174576     -6.29285676637288      6.79402338933898      h
    5.06824094574576     -5.36944726337288      3.33015149133898      c
    2.82457305674576     -5.67156720637288      3.86315494333898      o
    4.14324010474576      0.10965224062712     -2.18301089066102      c
    5.92381098674576      0.53963293362712     -1.22055624766102      h
    2.50344492674576     -1.63023624137288     -0.51811013666102      c
    2.50581426574576     -1.08788242637288      1.47602000233898      h
    0.00282891674576     -1.87544595237288     -1.46797334666102      o
   -0.91013947225424     -0.28698178037288     -1.16003928466102      h
    2.93797400174576      2.40896216662712     -2.91000832166102      o
    3.13878195474576      4.84553933262712     -0.97972597666102      p
    2.28645884074576      7.09094841462712     -2.47941724666102      o
    5.63652142474576      4.76164797062712      0.35755336033898      o
    0.97433515874576      4.08221721062712      1.11879659433898      o
   -1.34120373425424      5.49944499562712      1.25849383233898      c
   -0.98704432825424      7.51756482862712      0.98750107833898      h
   -2.08812133325424      5.17108053862712      3.15817319833898      h
   -3.22285379125424      4.62297118462712     -0.71177473666102      c
   -2.51656511225424      5.04437214362712     -2.61115117966102      h
   -3.55098656825424      1.89669694662712     -0.49672505266102      o
   -6.05971252725424      1.16864523762712     -1.10999593866102      c
   -6.06928928025424     -0.12635393737288     -2.71644274366102      h
   -7.13566033425424     -0.20824464637288      1.11225285133898      n
   -5.80010499425424     -0.55251832837288      3.30794532133898      c
   -3.91336231425424      0.23371539762712      3.28934248133898      h
   -6.76653883325424     -1.78657988737288      5.33596202733898      c
   -5.65722526825424     -2.03216848737288      7.03542794833898      h
   -9.29348836525424     -2.79476174237288      5.24217908333898      c
  -10.40431182125424     -3.94971710337288      6.94403305133898      o
  -10.51459868625424     -2.36996343337288      2.92619024733898      n
  -12.30361664325424     -3.05001459037288      2.75004284033898      h
   -9.58538696925424     -1.13146309737288      0.83294227933898      c
  -10.80436719125424     -0.86390284237288     -1.12872255666102      o
   -5.89210517025424      5.65545793962712     -0.38342993266102      c
   -6.39074301025424      5.79736558962712      1.62111713233898      h
   -7.50874194425424      3.61584171762712     -1.69776648366102      c
   -9.45362639125424      3.56123619562712     -1.00778028166102      h
   -7.43357506925424      3.99261169562712     -4.36610436966102      o
   -7.26782210125424      5.82225101362712     -4.59397943466102      h
   -6.08706744525424      8.05402024262712     -1.60209532666102      o
   -7.51561223225424      8.95548662562712     -0.88057394366102      h
$user-defined bonds
$end
