$coord
    3.15130893504545      0.28708694377273     -3.87781237731818      n
    2.01157447004545     -1.90066674222727     -3.30899077531818      c
    3.22908526604545     -3.54287809922727     -3.19972858931818      h
   -0.57265986695455     -2.13812743322727     -2.86219474331818      c
   -1.36684868795455     -3.95777858922727     -2.38484389631818      h
   -2.07999438895455      0.00742381277273     -3.02388556831818      c
   -4.09233410395455     -0.10032674322727     -2.68742841231818      h
   -0.92976171995455      2.29560721177273     -3.62009934231818      c
   -2.01575690395455      4.01920293077273     -3.77195230431818      h
    1.66988825904545      2.33773540977273     -4.02097652931818      c
    2.61453333904545      4.09345845477273     -4.48639028231818      h
   -0.82884086195455     -3.05850433022727      3.87124530968182      n
   -2.59096894995455     -1.24317788222727      4.01080376168182      c
   -4.48596585295455     -1.86859176722727      4.46848191568182      h
   -2.09585499995455      1.30997123377273      3.61513410368182      c
   -3.60491034795455      2.67908798377273      3.76304502268182      h
    0.35970660404545      2.04553060277273      3.02881182768182      c
    0.81699111304545      4.00895303777273      2.69646334568182      h
    2.21080528804545      0.18812241277273      2.87128150268182      c
    4.14267450904545      0.65440425977273      2.40180368468182      h
    1.52581794004545     -2.31602484922727      3.31195236368182      c
    2.93151096104545     -3.80050785822727      3.20527998268182      h
$user-defined bonds
$end
