$coord
    1.98953436850000      2.35670280183333     -2.14369426027778      c
    3.26560412250000      3.95236703983333     -2.14193261527778      h
    2.94737715650000     -0.09736604316667     -2.05393098627778      c
    4.96616799250000     -0.40315743816667     -1.98182043727778      h
    1.30086411150000     -2.15457622316667     -2.04706743927778      c
    2.04417155850000     -4.05658812016667     -1.97501146727778      h
   -1.30228291550000     -1.75898711516667     -2.12952539327778      c
   -2.57869961950000     -3.35483384916667     -2.12224849827778      h
   -2.26063945750000      0.69350721083333     -2.21210244827778      c
   -4.28000239750000      1.00077797583333     -2.26851707327778      h
   -0.61549888850000      2.75176164083333     -2.21907290727778      c
   -1.35813561550000      4.65429182883333     -2.27484725127778      h
    0.64266954050000      0.98648198283333      4.11383266972222      o
    0.80537535450000      1.08072845883333      2.30499914972222      h
   -1.05080953850000     -1.01211881916667      4.64872913372222      c
   -1.23169542150000     -1.11933163716667      6.69140224372222      h
   -2.92570040050000     -0.68765713716667      3.84788177072222      h
   -0.35829995050000     -2.83200255716667      3.96292580972222      h
$user-defined bonds
$end
