$coord
        2.28091760969335       -1.31688839595582        0.00000000000000      C
        4.05124149077106       -2.33898536524885        0.00000000000000      H
        0.00000000000000       -2.63377679191163        0.00000000000000      C
        0.00000000000000       -4.67797073049771        0.00000000000000      H
       -2.28091760969335       -1.31688839595582        0.00000000000000      C
       -4.05124149077106       -2.33898536524885        0.00000000000000      H
       -2.28091760969335        1.31688839595582        0.00000000000000      C
       -4.05124149077106        2.33898536524885        0.00000000000000      H
        0.00000000000000        2.63377679191163        0.00000000000000      C
        0.00000000000000        4.67797073049771        0.00000000000000      H
        2.28091760969335        1.31688839595582        0.00000000000000      C
        4.05124149077106        2.33898536524885        0.00000000000000      H
$end
