$coord
    5.72352554274576     -3.42122719440678     -8.55686315818644      h
    4.96295410674576     -3.35977500640678     -6.88939899118644      o
    3.75278189674576     -0.94199891340678     -6.60164039918644      c
    2.45673619174576     -0.57912371340678     -8.17775974718644      h
    5.16576838174576      0.57771079059322     -6.52663547318644      h
    2.27600695574576     -0.93891828240678     -4.14608112518644      c
    1.55703084474576      0.97082255159322     -3.80904887218644      h
    0.08768611774576     -2.62448111140678     -4.32813808318644      o
    0.31447912574576     -4.62586553040678     -2.53070971118644      c
   -0.97906269225424     -4.32713178740678     -0.94948205518644      h
   -0.50054816725424     -6.98869519440678     -3.71777529618644      n
    0.87230393874576     -7.98239759040678     -5.69170577618644      c
    2.50913886074576     -6.87031236440678     -6.23672202718644      h
    0.20845529274576    -10.13876769740678     -6.89814483218644      c
    1.33430395974576    -10.87733799940678     -8.43623854718644      h
   -2.06040887925424    -11.45481520740678     -6.16420152418644      c
   -2.89377747425424    -13.42925081040678     -7.09714242718644      o
   -3.42240583225424    -10.23432150340678     -4.24471594018644      n
   -5.07849498325424    -11.04845306540678     -3.70793965018644      h
   -2.80043540425424     -8.04483205840678     -2.97241955518644      c
   -4.17555366925424     -7.10881222540678     -1.35172062618644      o
    3.77137396574576     -1.84150678440678     -1.84488638618644      c
    5.80164794874576     -1.51562202540678     -2.01879994818644      h
    3.07604626374576     -4.64350158740678     -1.61163523918644      c
    4.25169828174576     -5.76093643840678     -2.88663563318644      h
    3.37680522674576     -5.64509472340678      0.85396112481356      o
    3.08859536774576     -4.25814110440678      2.05547083081356      h
    2.82686945174576     -0.60056624540678      0.37327813881356      o
    4.72143351874576      0.46549281459322      2.60422306981356      p
    7.29617497574576      0.92892978359322      1.51266952681356      o
    4.32967102174576     -1.19613776840678      4.87044691681356      o
    3.27746611074576      3.11206256759322      3.21731102981356      o
    3.54065070574576      5.17130264859322      1.44751744481356      c
    3.59020480174576      4.45123087459322     -0.49209712318644      h
    5.30220281874576      6.18688032459322      1.82973644681356      h
    1.33759661874576      6.96309566859322      1.75527784081356      c
    1.73249303674576      8.66501936759322      0.63588032081356      h
   -0.96314137325424      5.80781565259322      0.79236758481356      o
   -3.06737261725424      6.53153667659322      2.26999006781356      c
   -4.54793381325424      7.33459463359322      1.07844224181356      h
   -4.16081305125424      4.22278265559322      3.48801484481356      n
   -2.91885035925424      1.94993399659322      3.51375215681356      c
   -1.09248253425424      1.96219208159322      2.59247331981356      h
   -3.91033516225424     -0.14553515540678      4.61182204181356      c
   -2.88581454725424     -1.91466110140678      4.60277913581356      h
   -6.35012391625424     -0.03539946840678      5.81177517981356      c
   -7.46790836725424     -1.78935015840678      6.88133457881356      o
   -7.48412108225424      2.36078215859322      5.68785035081356      n
   -9.21169705525424      2.54685024859322      6.50879154081356      h
   -6.52998331225424      4.51866593559322      4.58666695381356      c
   -7.66789126625424      6.54817401359322      4.56362250081356      o
    0.69164084274576      7.73760799159322      4.46157106181356      c
    0.94516270274576      6.14381649259322      5.75263450381356      h
   -2.12377498225424      8.43551781459322      4.24331129981356      c
   -3.14812098725424      8.27677554059322      6.03285649081356      h
   -2.36991878525424     10.91280704759322      3.20395539181356      o
   -0.90451961625424     11.85165976959322      3.83184859881356      h
    2.23698846074576      9.82674164759322      5.19106916681356      o
    2.29959659374576      9.88216806759322      7.02583644481356      h
$redundant
     number_of_atoms            59
     degrees_of_freedom        171
     internal_coordinates      171
     frozen_coordinates          0
# definitions of redundant internals
   1 k  1.0000000000000 tors    1    2    3    6 val= 172.90240
   2 k  1.0000000000000 stre    2    1           val=   1.83376
   3 k  1.0000000000000 bend    3    1    2      val= 108.09752
   4 k  1.0000000000000 stre    3    4           val=   2.07257
   5 k  1.0000000000000 stre    3    5           val=   2.07646
   6 k  0.0668762098321 bend    5    4    3      val=   0.82592
       -0.5088714545772 bend    2    4    3
       -0.5062605581402 bend    2    5    3
        0.4943026420475 bend    6    4    3
        0.4857391899069 bend    6    5    3
   7 k  0.0118868867604 bend    5    4    3      val=   0.19204
       -0.5365190854744 bend    2    4    3
        0.5322298913832 bend    2    5    3
       -0.4634099634496 bend    6    4    3
        0.4625889334374 bend    6    5    3
   8 k -0.8903281016304 bend    5    4    3      val=   0.94827
        0.1856709154863 bend    2    4    3
        0.1968042352972 bend    2    5    3
        0.2527582296803 bend    6    4    3
        0.2649972695853 bend    6    5    3
   9 k -0.0013947034175 bend    5    4    3      val=   0.19891
       -0.4596127593846 bend    2    4    3
        0.4664709404877 bend    2    5    3
        0.5321356752994 bend    6    4    3
       -0.5366476040825 bend    6    5    3
  10 k  1.0000000000000 stre    6    7           val=   2.06824
  11 k  0.2622501511158 bend    8    7    6      val=   3.83978
       -0.7784540101502 bend    3    7    6
        0.5702930933483 bend   22    7    6
  12 k  0.7993179212690 bend    8    7    6      val=   3.35453
       -0.1558758585796 bend    3    7    6
       -0.5803391917235 bend   22    7    6
  13 k  1.0000000000000 stre    9   10           val=   2.06465
  14 k -0.0889606437323 bend    8   10    9      val=  -2.48513
        0.7479781000401 bend   11   10    9
       -0.6577345708773 bend   24   10    9
  15 k  0.8284371764157 bend    8   10    9      val=   4.45418
       -0.3110455873829 bend   11   10    9
       -0.4657708527827 bend   24   10    9
  16 k  1.0000000000000 stre   12   13           val=   2.05256
  17 k  0.7071262917711 bend   14   13   12      val=   4.01877
       -0.7070872700637 bend   11   13   12
  18 k  1.0000000000000 outp   13   11   14   12 val=  -1.33442
  19 k  1.0000000000000 stre   14   15           val=   2.04420
  20 k  0.7071155438689 bend   12   15   14      val=   0.97644
       -0.7070980183956 bend   16   15   14
  21 k  1.0000000000000 outp   15   16   12   14 val=   1.06797
  22 k  1.0000000000000 stre   16   17           val=   2.33737
  23 k -0.7070847709542 bend   18   17   16      val=   3.52892
        0.7071287907338 bend   14   17   16
  24 k  1.0000000000000 outp   17   14   18   16 val=  -1.78729
  25 k  1.0000000000000 stre   18   19           val=   1.92187
  26 k -0.7071067810977 bend   20   19   18      val=   0.79400
        0.7071067812754 bend   16   19   18
  27 k  1.0000000000000 outp   19   16   20   18 val=   0.01377
  28 k  1.0000000000000 stre   20   21           val=   2.32244
  29 k -0.7071067298417 bend   18   21   20      val=   0.48840
        0.7071068325314 bend   11   21   20
  30 k  1.0000000000000 outp   21   11   18   20 val=   0.66013
  31 k  1.0000000000000 stre   22   23           val=   2.06360
  32 k -0.7949918781768 bend   28   23   22      val=   3.02535
        0.5419643835979 bend    6   23   22
        0.2725115053429 bend   24   23   22
  33 k -0.1477437283344 bend   28   23   22      val=   2.11184
       -0.6086871862656 bend    6   23   22
        0.7795330012347 bend   24   23   22
  34 k  1.0000000000000 stre   24   25           val=   2.06312
  35 k -0.7799062365291 bend   26   25   24      val=   8.10020
        0.4503355170379 bend   22   25   24
        0.4346771035115 bend    9   25   24
  36 k -0.0077813614318 bend   26   25   24      val=   0.63224
       -0.7014100345868 bend   22   25   24
        0.7127155209445 bend    9   25   24
  37 k  1.0000000000000 tors   27   26   24    9 val= -27.87600
        1.0000000000000 tors   27   26   24   22
  38 k  1.0000000000000 stre   26   27           val=   1.85751
  39 k  1.0000000000000 bend   24   27   26      val= 107.38705
  40 k  1.0000000000000 stre   29   30           val=   2.83471
  41 k  1.0000000000000 stre   29   31           val=   2.83730
  42 k  0.0449736044902 bend   31   30   29      val=   0.06069
       -0.5251800152564 bend   32   30   29
        0.4918612075569 bend   32   31   29
       -0.4800475663868 bend   28   30   29
        0.4997901689522 bend   28   31   29
  43 k  0.0543729157992 bend   31   30   29      val=   0.56638
       -0.5220660771111 bend   32   30   29
       -0.4965590388523 bend   32   31   29
        0.5298161348535 bend   28   30   29
        0.4440884836834 bend   28   31   29
  44 k -0.8549200469696 bend   31   30   29      val=   3.69342
        0.2024308525922 bend   32   30   29
        0.2524507346044 bend   32   31   29
        0.2710558052383 bend   28   30   29
        0.3015474096267 bend   28   31   29
  45 k -0.0030260734878 bend   31   30   29      val=   0.99624
        0.4652534453216 bend   32   30   29
       -0.5157006821233 bend   32   31   29
       -0.4764225123241 bend   28   30   29
        0.5390774255187 bend   28   31   29
  46 k  1.0000000000000 stre   33   35           val=   2.06895
  47 k  1.0000000000000 stre   33   34           val=   2.06956
  48 k  0.0282747748691 bend   34   35   33      val=   0.20033
       -0.4993917097414 bend   32   35   33
       -0.5103510886140 bend   32   34   33
        0.4921233842132 bend   36   35   33
        0.4971567141342 bend   36   34   33
  49 k  0.0124292761013 bend   34   35   33      val=   0.36371
        0.5238152092302 bend   32   35   33
       -0.5196698783408 bend   32   34   33
        0.4755880767654 bend   36   35   33
       -0.4787716976374 bend   36   34   33
  50 k -0.8937877849388 bend   34   35   33      val=   0.44693
        0.2153418117550 bend   32   35   33
        0.2022044370707 bend   32   34   33
        0.2429336790563 bend   36   35   33
        0.2342389651902 bend   36   34   33
  51 k -0.0009765453111 bend   34   35   33      val=   0.17402
       -0.4804370504080 bend   32   35   33
        0.4739296022059 bend   32   34   33
        0.5264366404748 bend   36   35   33
       -0.5171406797702 bend   36   34   33
  52 k  1.0000000000000 stre   36   37           val=   2.07498
  53 k  0.2659109586923 bend   38   37   36      val=   4.68685
       -0.7753923334140 bend   33   37   36
        0.5727635562169 bend   52   37   36
  54 k  0.8035307462106 bend   38   37   36      val=   5.22515
       -0.1499635708455 bend   33   37   36
       -0.5760635965876 bend   52   37   36
  55 k  1.0000000000000 stre   39   40           val=   2.06319
  56 k  0.6536068080350 bend   38   40   39      val=   1.20260
        0.1221914916125 bend   41   40   39
       -0.7469052013929 bend   54   40   39
  57 k  0.5053147939374 bend   38   40   39      val=   2.83390
       -0.8051475331202 bend   41   40   39
        0.3104744899964 bend   54   40   39
  58 k  1.0000000000000 stre   42   43           val=   2.04561
  59 k  0.7071067834883 bend   44   43   42      val=   4.07108
       -0.7071067788848 bend   41   43   42
  60 k  1.0000000000000 outp   43   41   44   42 val=   0.01479
  61 k  1.0000000000000 stre   44   45           val=   2.04439
  62 k  0.7071068300308 bend   42   45   44      val=   0.82723
       -0.7071067323423 bend   46   45   44
  63 k  1.0000000000000 outp   45   46   42   44 val=  -0.08360
  64 k  1.0000000000000 stre   46   47           val=   2.33875
  65 k -0.7071067079706 bend   48   47   46      val=   3.61854
        0.7071068544024 bend   44   47   46
  66 k  1.0000000000000 outp   47   44   48   46 val=  -0.09975
  67 k  1.0000000000000 stre   48   49           val=   1.92174
  68 k -0.7071067767432 bend   50   49   48      val=   0.69425
        0.7071067856299 bend   46   49   48
  69 k  1.0000000000000 outp   49   46   50   48 val=   0.23811
  70 k  1.0000000000000 stre   50   51           val=   2.32686
  71 k  0.7071068033604 bend   48   51   50      val=   0.44146
       -0.7071067590127 bend   41   51   50
  72 k  1.0000000000000 outp   51   41   48   50 val=   0.10072
  73 k  1.0000000000000 stre   52   53           val=   2.06671
  74 k -0.7825692488939 bend   58   53   52      val=   5.51467
        0.3600883494689 bend   36   53   52
        0.5078599721009 bend   54   53   52
  75 k -0.0696828796161 bend   58   53   52      val=   3.29503
        0.7599670392582 bend   36   53   52
       -0.6462154404914 bend   54   53   52
  76 k  1.0000000000000 stre   54   55           val=   2.06808
  77 k -0.7920436504160 bend   56   55   54      val=   4.88370
        0.3502956470213 bend   39   55   54
        0.4999598138987 bend   52   55   54
  78 k -0.0763699349709 bend   56   55   54      val=   1.73012
        0.7556915110766 bend   39   55   54
       -0.6504598166831 bend   52   55   54
  79 k  1.0000000000000 tors   57   56   54   39 val=  91.44591
        1.0000000000000 tors   57   56   54   52
  80 k  1.0000000000000 stre   56   57           val=   1.85016
  81 k  1.0000000000000 bend   54   57   56      val= 105.24585
  82 k  1.0000000000000 tors   59   58   52   36 val= 145.14438
        1.0000000000000 tors   59   58   52   54
  83 k  1.0000000000000 stre   58   59           val=   1.83667
  84 k  1.0000000000000 bend   52   59   58      val= 108.23272
  85 k  1.0000000000000 tors    2    3    6    8 val=  -9.95952
        1.0000000000000 tors    2    3    6   22
  86 k  1.0000000000000 stre    3    2           val=   2.71900
  87 k  1.0000000000000 bend    6    2    3      val= 108.72551
  88 k  1.0000000000000 stre   24   26           val=   2.67821
  89 k  0.7179211907974 bend   22   26   24      val=   2.05076
       -0.6961243881693 bend    9   26   24
  90 k  0.6961243881693 bend   22   26   24      val= 113.83968
        0.7179211907974 bend    9   26   24
  91 k  1.0000000000000 stre   54   56           val=   2.69774
  92 k -0.6674050649947 bend   39   56   54      val=   6.76398
        0.7446948900183 bend   52   56   54
  93 k  0.7446948900183 bend   39   56   54      val= 108.88112
        0.6674050649947 bend   52   56   54
  94 k  1.0000000000000 stre   52   58           val=   2.69903
  95 k -0.6649932271900 bend   36   58   52      val=   8.16381
        0.7468493876221 bend   54   58   52
  96 k  0.7468493876221 bend   36   58   52      val= 111.05724
        0.6649932271900 bend   54   58   52
  97 k  1.0000000000000 stre    6    3           val=   2.86542
  98 k  0.7147615549258 bend    8    3    6      val=  -0.79468
       -0.6993682289038 bend   22    3    6
  99 k  0.6993682289038 bend    8    3    6      val= 112.55341
        0.7147615549258 bend   22    3    6
 100 k  1.0000000000000 stre   11   12           val=   2.60165
 101 k  1.0000000000000 stre   12   14           val=   2.55854
 102 k  1.0000000000000 stre   14   16           val=   2.72367
 103 k  1.0000000000000 stre   16   18           val=   2.65124
 104 k  1.0000000000000 stre   18   20           val=   2.60758
 105 k  1.0000000000000 stre   20   11           val=   2.63827
 106 k -0.5000000000000 bend   11   14   12      val=  -1.82757
       -0.5000000000000 bend   12   16   14
        1.0000000000000 bend   14   18   16
       -0.5000000000000 bend   16   20   18
       -0.5000000000000 bend   18   11   20
        1.0000000000000 bend   20   12   11
 107 k  0.8660254037844 bend   11   14   12      val=   4.31612
       -0.8660254037844 bend   12   16   14
        0.8660254037844 bend   16   20   18
       -0.8660254037844 bend   18   11   20
 108 k -1.0000000000000 bend   11   14   12      val=   3.14131
        1.0000000000000 bend   12   16   14
       -1.0000000000000 bend   14   18   16
        1.0000000000000 bend   16   20   18
       -1.0000000000000 bend   18   11   20
        1.0000000000000 bend   20   12   11
 109 k -0.5000000000000 tors   12   14   16   18 val=   0.29226
       -0.5000000000000 tors   14   16   18   20
        1.0000000000000 tors   16   18   20   11
       -0.5000000000000 tors   18   20   11   12
       -0.5000000000000 tors   20   11   12   14
        1.0000000000000 tors   11   12   14   16
 110 k  0.8660254037844 tors   12   14   16   18 val=   3.73523
       -0.8660254037844 tors   14   16   18   20
        0.8660254037844 tors   18   20   11   12
       -0.8660254037844 tors   20   11   12   14
 111 k -1.0000000000000 tors   12   14   16   18 val=   1.39353
        1.0000000000000 tors   14   16   18   20
       -1.0000000000000 tors   16   18   20   11
        1.0000000000000 tors   18   20   11   12
       -1.0000000000000 tors   20   11   12   14
        1.0000000000000 tors   11   12   14   16
 112 k  1.0000000000000 tors   12   11    9    8 val=  99.03414
        1.0000000000000 tors   12   11    9   24
        1.0000000000000 tors   20   11    9    8
        1.0000000000000 tors   20   11    9   24
 113 k  0.7091122554482 bend    9   12   11      val=   0.95544
       -0.7050956028605 bend    9   20   11
 114 k  1.0000000000000 outp   12    9   20   11 val=  -5.40575
 115 k  1.0000000000000 stre   41   42           val=   2.59017
 116 k  1.0000000000000 stre   42   44           val=   2.56511
 117 k  1.0000000000000 stre   44   46           val=   2.72114
 118 k  1.0000000000000 stre   46   48           val=   2.65386
 119 k  1.0000000000000 stre   48   50           val=   2.60374
 120 k  1.0000000000000 stre   50   41           val=   2.62822
 121 k -0.5000000000000 bend   41   44   42      val=  -1.75715
       -0.5000000000000 bend   42   46   44
        1.0000000000000 bend   44   48   46
       -0.5000000000000 bend   46   50   48
       -0.5000000000000 bend   48   41   50
        1.0000000000000 bend   50   42   41
 122 k  0.8660254037844 bend   41   44   42      val=   3.87361
       -0.8660254037844 bend   42   46   44
        0.8660254037844 bend   46   50   48
       -0.8660254037844 bend   48   41   50
 123 k -1.0000000000000 bend   41   44   42      val=   3.21319
        1.0000000000000 bend   42   46   44
       -1.0000000000000 bend   44   48   46
        1.0000000000000 bend   46   50   48
       -1.0000000000000 bend   48   41   50
        1.0000000000000 bend   50   42   41
 124 k -0.5000000000000 tors   42   44   46   48 val=  -0.05632
       -0.5000000000000 tors   44   46   48   50
        1.0000000000000 tors   46   48   50   41
       -0.5000000000000 tors   48   50   41   42
       -0.5000000000000 tors   50   41   42   44
        1.0000000000000 tors   41   42   44   46
 125 k  0.8660254037844 tors   42   44   46   48 val=   0.21891
       -0.8660254037844 tors   44   46   48   50
        0.8660254037844 tors   48   50   41   42
       -0.8660254037844 tors   50   41   42   44
 126 k -1.0000000000000 tors   42   44   46   48 val=  -0.01086
        1.0000000000000 tors   44   46   48   50
       -1.0000000000000 tors   46   48   50   41
        1.0000000000000 tors   48   50   41   42
       -1.0000000000000 tors   50   41   42   44
        1.0000000000000 tors   41   42   44   46
 127 k  1.0000000000000 tors   42   41   39   38 val= 133.29328
        1.0000000000000 tors   42   41   39   54
        1.0000000000000 tors   50   41   39   38
        1.0000000000000 tors   50   41   39   54
 128 k -0.7068187524949 bend   39   42   41      val=  -3.18328
        0.7073946926021 bend   39   50   41
 129 k  1.0000000000000 outp   42   39   50   41 val=  -0.26911
 130 k  1.0000000000000 stre    9   11           val=   2.76701
 131 k  0.7359157580066 bend    8   11    9      val=   1.96133
       -0.6770731106148 bend   24   11    9
 132 k  0.6770731106148 bend    8   11    9      val= 111.61974
        0.7359157580066 bend   24   11    9
 133 k  1.0000000000000 stre   39   41           val=   2.83011
 134 k  0.7893023623483 bend   38   41   39      val=  12.32761
       -0.6140047074668 bend   54   41   39
 135 k  0.6140047074668 bend   38   41   39      val= 110.36410
        0.7893023623483 bend   54   41   39
 136 k  1.0000000000000 stre   22    6           val=   2.88899
 137 k  1.0000000000000 stre    6    8           val=   2.76822
 138 k  1.0000000000000 stre    8    9           val=   2.69958
 139 k  1.0000000000000 stre    9   24           val=   2.91054
 140 k  1.0000000000000 stre   24   22           val=   2.89639
 141 k -0.8090169943749 bend   22    8    6      val=   1.10164
        0.3090169943749 bend    6    9    8
        0.3090169943750 bend    8   24    9
       -0.8090169943750 bend    9   22   24
        1.0000000000000 bend   24    6   22
 142 k  0.5877852522925 bend   22    8    6      val=  -0.03086
       -0.9510565162952 bend    6    9    8
        0.9510565162952 bend    8   24    9
       -0.5877852522925 bend    9   22   24
 143 k -0.8090169943749 tors    8    9   24   22 val= -11.21836
        0.3090169943749 tors    9   24   22    6
        0.3090169943750 tors   24   22    6    8
       -0.8090169943750 tors   22    6    8    9
        1.0000000000000 tors    6    8    9   24
 144 k  0.5877852522925 tors    8    9   24   22 val=  25.56087
       -0.9510565162952 tors    9   24   22    6
        0.9510565162952 tors   24   22    6    8
       -0.5877852522925 tors   22    6    8    9
 145 k  1.0000000000000 tors    6   22   28   29 val= 165.00374
        1.0000000000000 tors   24   22   28   29
 146 k  0.9949820293824 bend   28    6   22      val= 108.97420
        0.1000537915628 bend   28   24   22
 147 k -0.1000537915628 bend   28    6   22      val=  87.29595
        0.9949820293824 bend   28   24   22
 148 k  1.0000000000000 stre   36   38           val=   2.74868
 149 k  1.0000000000000 stre   38   39           val=   2.67113
 150 k  1.0000000000000 stre   39   54           val=   2.89992
 151 k  1.0000000000000 stre   54   52           val=   2.90883
 152 k  1.0000000000000 stre   52   36           val=   2.88811
 153 k -0.8090169943749 bend   36   39   38      val=  -0.83899
        0.3090169943749 bend   38   54   39
        0.3090169943750 bend   39   52   54
       -0.8090169943750 bend   54   36   52
        1.0000000000000 bend   52   38   36
 154 k  0.5877852522925 bend   36   39   38      val=  -0.02711
       -0.9510565162952 bend   38   54   39
        0.9510565162952 bend   39   52   54
       -0.5877852522925 bend   54   36   52
 155 k -0.8090169943749 tors   39   54   52   36 val= -18.70544
        0.3090169943749 tors   54   52   36   38
        0.3090169943750 tors   52   36   38   39
       -0.8090169943750 tors   36   38   39   54
        1.0000000000000 tors   38   39   54   52
 156 k  0.5877852522925 tors   39   54   52   36 val=  22.09315
       -0.9510565162952 tors   54   52   36   38
        0.9510565162952 tors   52   36   38   39
       -0.5877852522925 tors   36   38   39   54
 157 k  1.0000000000000 tors   38   36   33   32 val= -11.91271
        1.0000000000000 tors   52   36   33   32
 158 k  0.5642409377817 bend   33   38   36      val= 113.74386
        0.8256101768579 bend   33   52   36
 159 k  0.8256101768579 bend   33   38   36      val=  18.24271
       -0.5642409377817 bend   33   52   36
 160 k  1.0000000000000 tors   22   28   29   32 val= 139.78137
 161 k  1.0000000000000 stre   28   22           val=   2.71151
 162 k  1.0000000000000 bend   29   22   28      val= 122.05018
 163 k  1.0000000000000 tors   36   33   32   29 val= 157.32266
 164 k  1.0000000000000 stre   33   36           val=   2.85634
 165 k  1.0000000000000 bend   32   36   33      val= 109.22104
 166 k  1.0000000000000 tors   28   29   32   33 val= -75.37603
 167 k  1.0000000000000 stre   29   28           val=   3.11496
 168 k  1.0000000000000 bend   32   28   29      val=  98.72351
 169 k  1.0000000000000 stre   32   33           val=   2.72799
 170 k  1.0000000000000 bend   29   33   32      val= 118.34587
 171 k  1.0000000000000 stre   29   32           val=   3.07656
       171 non zero eigenvalues  of BmBt
           1          11.123041322    1    0
         1
           2          11.111307686    2    0
         2
           3           5.975114093    3    0
         3
           4           5.918511724    4    0
         4
           5           5.312746112    5    0
         5
           6           5.215546344    6    0
         6
           7           4.979640027    7    0
         7
           8           4.901593403    8    0
         8
           9           4.748871274    9    0
         9
          10           4.630958854   10    0
        10
          11           4.573767682   11    0
        11
          12           4.547228215   12    0
        12
          13           4.362462889   13    0
        13
          14           4.348649500   14    0
        14
          15           4.342705318   15    0
        15
          16           4.309616035   16    0
        16
          17           4.046558426   17    0
        17
          18           4.013277231   18    0
        18
          19           3.957293532   19    0
        19
          20           3.845970202   20    0
        20
          21           3.814058459   21    0
        21
          22           3.733767773   22    0
        22
          23           3.629906434   23    0
        23
          24           3.611943524   24    0
        24
          25           3.558453812   25    0
        25
          26           3.503972108   26    0
        26
          27           3.440830675   27    0
        27
          28           3.384977100   28    0
        28
          29           3.360077807   29    0
        29
          30           3.318908452   30    0
        30
          31           3.300393439   31    0
        31
          32           3.271183057   32    0
        32
          33           3.241189891   33    0
        33
          34           3.149344046   34    0
        34
          35           3.121610642   35    0
        35
          36           3.004519707   36    0
        36
          37           2.973109033   37    0
        37
          38           2.897578460   38    0
        38
          39           2.811848103   39    0
        39
          40           2.732334286   40    0
        40
          41           2.685583946   41    0
        41
          42           2.640515943   42    0
        42
          43           2.562029050   43    0
        43
          44           2.500895802   44    0
        44
          45           2.473885325   45    0
        45
          46           2.404210324   46    0
        46
          47           2.384510878   47    0
        47
          48           2.296667024   48    0
        48
          49           2.257573760   49    0
        49
          50           2.195671030   50    0
        50
          51           2.145201379   51    0
        51
          52           2.048118222   52    0
        52
          53           2.010141407   53    0
        53
          54           1.975268651   54    0
        54
          55           1.920777438   55    0
        55
          56           1.910237832   56    0
        56
          57           1.846783401   57    0
        57
          58           1.823025702   58    0
        58
          59           1.758206867   59    0
        59
          60           1.745211232   60    0
        60
          61           1.727296533   61    0
        61
          62           1.722657868   62    0
        62
          63           1.574647014   63    0
        63
          64           1.506214278   64    0
        64
          65           1.440085349   65    0
        65
          66           1.436082418   66    0
        66
          67           1.323728019   67    0
        67
          68           1.290518845   68    0
        68
          69           1.271912288   69    0
        69
          70           1.256956791   70    0
        70
          71           1.213870740   71    0
        71
          72           1.205181922   72    0
        72
          73           1.187045155   73    0
        73
          74           1.169186212   74    0
        74
          75           1.121494509   75    0
        75
          76           1.099694414   76    0
        76
          77           1.089751105   77    0
        77
          78           1.070768432   78    0
        78
          79           1.048344716   79    0
        79
          80           1.001273991   80    0
        80
          81           0.995441253   81    0
        81
          82           0.976171601   82    0
        82
          83           0.935242267   83    0
        83
          84           0.873959118   84    0
        84
          85           0.852487926   85    0
        85
          86           0.851020450   86    0
        86
          87           0.777410341   87    0
        87
          88           0.772046843   88    0
        88
          89           0.749900892   89    0
        89
          90           0.743039857   90    0
        90
          91           0.668524618   91    0
        91
          92           0.650256239   92    0
        92
          93           0.573610015   93    0
        93
          94           0.530934335   94    0
        94
          95           0.516443905   95    0
        95
          96           0.495115618   96    0
        96
          97           0.482922851   97    0
        97
          98           0.481626222   98    0
        98
          99           0.457454533   99    0
        99
         100           0.442103900  100    0
       100
         101           0.416026781  101    0
       101
         102           0.396716395  102    0
       102
         103           0.387677302  103    0
       103
         104           0.381094889  104    0
       104
         105           0.376401323  105    0
       105
         106           0.373461952  106    0
       106
         107           0.373084635  107    0
       107
         108           0.359525626  108    0
       108
         109           0.358756347  109    0
       109
         110           0.339154302  110    0
       110
         111           0.338947250  111    0
       111
         112           0.333821830  112    0
       112
         113           0.329289751  113    0
       113
         114           0.318064048  114    0
       114
         115           0.315094154  115    0
       115
         116           0.295796425  116    0
       116
         117           0.294573979  117    0
       117
         118           0.290700669  118    0
       118
         119           0.290065911  119    0
       119
         120           0.281154385  120    0
       120
         121           0.278225956  121    0
       121
         122           0.276404464  122    0
       122
         123           0.275154866  123    0
       123
         124           0.274434013  124    0
       124
         125           0.259905443  125    0
       125
         126           0.255024369  126    0
       126
         127           0.244546954  127    0
       127
         128           0.242668999  128    0
       128
         129           0.234289461  129    0
       129
         130           0.233242404  130    0
       130
         131           0.222286803  131    0
       131
         132           0.207247332  132    0
       132
         133           0.196903635  133    0
       133
         134           0.182446725  134    0
       134
         135           0.175004197  135    0
       135
         136           0.153464333  136    0
       136
         137           0.140760719  137    0
       137
         138           0.133024654  138    0
       138
         139           0.127958196  139    0
       139
         140           0.126209308  140    0
       140
         141           0.119005295  141    0
       141
         142           0.113078447  142    0
       142
         143           0.109362915  143    0
       143
         144           0.108228589  144    0
       144
         145           0.088974263  145    0
       145
         146           0.086589424  146    0
       146
         147           0.080726867  147    0
       147
         148           0.074599983  148    0
       148
         149           0.066207876  149    0
       149
         150           0.059483417  150    0
       150
         151           0.058192744  151    0
       151
         152           0.052702204  152    0
       152
         153           0.051410369  153    0
       153
         154           0.045372154  154    0
       154
         155           0.041661626  155    0
       155
         156           0.032960406  156    0
       156
         157           0.031034918  157    0
       157
         158           0.027293043  158    0
       158
         159           0.024534819  159    0
       159
         160           0.017886256  160    0
       160
         161           0.014887973  161    0
       161
         162           0.013355207  162    0
       162
         163           0.010696643  163    0
       163
         164           0.008366953  164    0
       164
         165           0.005337293  165    0
       165
         166           0.004216666  166    0
       166
         167           0.002751577  167    0
       167
         168           0.001248559  168    0
       168
         169           0.001032609  169    0
       169
         170           0.000572450  170    0
       170
         171           0.000241402  171    0
       171
$user-defined bonds
$end
