$coord
        5.05851912234616        1.45907073773077        0.06079452042308      C
        3.66107053234615       -1.01995496426923        0.61212963642309      C
        1.16344047734616       -1.29847222926923       -0.84074272757692      C
       -1.07161404065385        0.31393836173076        0.08777413842308      C
       -3.35133412165385       -1.41620215826922       -0.36997985757693      C
       -5.39864247265386       -0.72664492426924        1.23573165442308      O
       -2.22371005665386       -4.01988741526923        0.21802728142307      C
        3.76087452034616        3.63825739673077        0.94342883842308      O
       -1.08419394565385        2.64133245073078       -1.25522955657692      O
        5.34466899134615       -2.98809702426922       -0.12114451857692      O
        0.34568045234615       -3.90133356526923       -0.62138711357692      O
       -2.85986930365386        4.46894503773077       -0.33633139657693      C
        5.44933146534616        1.57373175173077       -1.97757164757693      H
        6.87400533834616        1.39880548673077        1.04322148842308      H
        3.26018973034614       -1.13360497526924        2.65278048342309      H
        1.50022555434615       -0.90254628826922       -2.85167574257692      H
       -0.93563880665385        0.68549817573078        2.13066242042308      H
       -3.90238577965385       -1.27875671826922       -2.36796636057693      H
       -6.87583183065386       -1.70488614926923        0.79489259642309      H
       -3.15620101565385       -5.57613723926923       -0.77682274557691      H
       -2.31994813265385       -4.37215501626924        2.26309063842307      H
        2.24791453934614        3.84678110073077       -0.07759578357691      H
        4.39534246334616       -4.55315675126923       -0.09292335057691      H
       -4.80511922365384        3.81162085873078       -0.57252257957692      H
       -2.52319761065384        4.87641153473076        1.66999635642308      H
       -2.55357684665384        6.17744252573077       -1.45063667257692      H
$end
