$coord
   -0.65679781719333     -3.42166245924667      0.00719658346000      c
    1.98347768160667     -3.43556782604667      0.02302553286000      c
    3.29191342480667     -1.14248129264667      0.00607290086000      c
    1.96749892860667      1.14081718625333     -0.02238404844000      c
   -0.68323802639333      1.18517230495333     -0.02983989404000      c
   -1.97074266029333     -1.13279705114667     -0.02083049504000      c
   -1.69973119749333     -5.20098448324667      0.00852793856000      h
    3.01431758710667     -5.22096980884667      0.03900895136000      h
    5.35421545870667     -1.12964584894667      0.00662761836000      h
    3.00812981230667      2.92382848155333     -0.04432378994000      h
   -4.03524610279333     -1.14212900474667     -0.04126978924000      h
   -2.10968404019333      3.65366195275333      0.00054438396000      c
   -3.93460157789333      3.48937891545333     -0.97557628574000      h
   -2.50652968619333      4.26244248585333      1.95203074336000      h
   -1.02298178469333      5.17093644805333     -0.90881035034000      h
$redundant
     number_of_atoms            15
     degrees_of_freedom         39
     internal_coordinates       39
     frozen_coordinates          0
# definitions of redundant internals
   1 k  1.0000000000000 stre    1    7           val=   2.06245
   2 k -0.7071067638007 bend    6    7    1      val=   0.15490
        0.7071067985724 bend    2    7    1
   3 k  1.0000000000000 outp    7    2    6    1 val=  -0.22712
   4 k  1.0000000000000 stre    2    8           val=   2.06169
   5 k -0.7071067805666 bend    3    8    2      val=   0.00626
        0.7071067818065 bend    1    8    2
   6 k  1.0000000000000 outp    8    1    3    2 val=   0.26086
   7 k  1.0000000000000 stre    3    9           val=   2.06234
   8 k -0.7071067619020 bend    4    9    3      val=   0.15378
        0.7071068004711 bend    2    9    3
   9 k  1.0000000000000 outp    9    2    4    3 val=   0.23350
  10 k  1.0000000000000 stre    4   10           val=   2.06459
  11 k  0.7071067962853 bend    3   10    4      val=   0.15597
       -0.7071067660878 bend    5   10    4
  12 k  1.0000000000000 outp   10    5    3    4 val=  -0.14358
  13 k  1.0000000000000 stre    6   11           val=   2.06463
  14 k  0.7071067968793 bend    1   11    6      val=   0.14906
       -0.7071067654938 bend    5   11    6
  15 k  1.0000000000000 outp   11    5    1    6 val=   0.14532
  16 k  1.0000000000000 tors   15   12    5    4 val= 118.83914
        1.0000000000000 tors   15   12    5    6
        1.0000000000000 tors   13   12    5    4
        1.0000000000000 tors   13   12    5    6
        1.0000000000000 tors   14   12    5    4
        1.0000000000000 tors   14   12    5    6
  17 k  1.0000000000000 stre   12   15           val=   2.07605
  18 k  1.0000000000000 stre   12   13           val=   2.07608
  19 k  1.0000000000000 stre   12   14           val=   2.08240
  20 k  0.4406086421020 bend   13   15   12      val=   1.60647
        0.4112938929405 bend   14   15   12
        0.4107880927472 bend   14   13   12
       -0.3925461296212 bend    5   15   12
       -0.3927454212475 bend    5   13   12
       -0.3995160462366 bend    5   14   12
  21 k -0.0009057299802 bend   13   15   12      val=   0.00487
       -0.5829513944267 bend   14   15   12
        0.5844685957933 bend   14   13   12
       -0.3996290432662 bend    5   15   12
        0.3985718254993 bend    5   13   12
        0.0006630361629 bend    5   14   12
  22 k -0.6692564284280 bend   13   15   12      val=   0.43669
        0.3542036877957 bend   14   15   12
        0.3521928139222 bend   14   13   12
       -0.2303123225029 bend    5   15   12
       -0.2315799544005 bend    5   13   12
        0.4426316315000 bend    5   14   12
  23 k  0.0037787670206 bend   13   15   12      val=   0.01323
        0.3971321111020 bend   14   15   12
       -0.4010420864037 bend   14   13   12
       -0.5864593310248 bend    5   15   12
        0.5809206831635 bend    5   13   12
        0.0058021643509 bend    5   14   12
  24 k  0.4462068754214 bend   13   15   12      val=   0.26790
       -0.2306518299381 bend   14   15   12
       -0.2240023404823 bend   14   13   12
       -0.3317443673691 bend    5   15   12
       -0.3416245886921 bend    5   13   12
        0.6861198322824 bend    5   14   12
  25 k  1.0000000000000 stre    5   12           val=   2.85116
  26 k  0.7071068699817 bend    4   12    5      val=   0.02644
       -0.7071066923914 bend    6   12    5
  27 k  1.0000000000000 outp   12    6    4    5 val=   0.95647
  28 k  1.0000000000000 stre    1    6           val=   2.63934
  29 k  1.0000000000000 stre    6    5           val=   2.65155
  30 k  1.0000000000000 stre    5    4           val=   2.65112
  31 k  1.0000000000000 stre    4    3           val=   2.63976
  32 k  1.0000000000000 stre    3    2           val=   2.64018
  33 k  1.0000000000000 stre    2    1           val=   2.64036
  34 k -0.5000000000000 bend    1    5    6      val=   0.46362
       -0.5000000000000 bend    6    4    5
        1.0000000000000 bend    5    3    4
       -0.5000000000000 bend    4    2    3
       -0.5000000000000 bend    3    1    2
        1.0000000000000 bend    2    6    1
  35 k  0.8660254037844 bend    1    5    6      val=   0.94390
       -0.8660254037844 bend    6    4    5
        0.8660254037844 bend    4    2    3
       -0.8660254037844 bend    3    1    2
  36 k -1.0000000000000 bend    1    5    6      val=  -0.52342
        1.0000000000000 bend    6    4    5
       -1.0000000000000 bend    5    3    4
        1.0000000000000 bend    4    2    3
       -1.0000000000000 bend    3    1    2
        1.0000000000000 bend    2    6    1
  37 k -0.5000000000000 tors    6    5    4    3 val=   0.15282
       -0.5000000000000 tors    5    4    3    2
        1.0000000000000 tors    4    3    2    1
       -0.5000000000000 tors    3    2    1    6
       -0.5000000000000 tors    2    1    6    5
        1.0000000000000 tors    1    6    5    4
  38 k  0.8660254037844 tors    6    5    4    3 val=  -0.11274
       -0.8660254037844 tors    5    4    3    2
        0.8660254037844 tors    3    2    1    6
       -0.8660254037844 tors    2    1    6    5
  39 k -1.0000000000000 tors    6    5    4    3 val=   0.10410
        1.0000000000000 tors    5    4    3    2
       -1.0000000000000 tors    4    3    2    1
        1.0000000000000 tors    3    2    1    6
       -1.0000000000000 tors    2    1    6    5
        1.0000000000000 tors    1    6    5    4
        39 non zero eigenvalues  of BmBt
           1          10.905782570    1    0
         1
           2           5.478677290    2    0
         2
           3           4.929303714    3    0
         3
           4           4.428291731    4    0
         4
           5           4.362488861    5    0
         5
           6           3.737370719    6    0
         6
           7           3.675529226    7    0
         7
           8           3.531333146    8    0
         8
           9           3.318654692    9    0
         9
          10           3.054399739   10    0
        10
          11           2.979586012   11    0
        11
          12           2.907264407   12    0
        12
          13           2.397862982   13    0
        13
          14           1.908388836   14    0
        14
          15           1.811737415   15    0
        15
          16           1.740049996   16    0
        16
          17           1.471446923   17    0
        17
          18           1.339771874   18    0
        18
          19           1.160075622   19    0
        19
          20           0.919826197   20    0
        20
          21           0.840670995   21    0
        21
          22           0.681000548   22    0
        22
          23           0.679751858   23    0
        23
          24           0.504012821   24    0
        24
          25           0.485165243   25    0
        25
          26           0.422242685   26    0
        26
          27           0.388982253   27    0
        27
          28           0.364863764   28    0
        28
          29           0.355005670   29    0
        29
          30           0.343255514   30    0
        30
          31           0.289790383   31    0
        31
          32           0.268094450   32    0
        32
          33           0.264719798   33    0
        33
          34           0.255957619   34    0
        34
          35           0.132705519   35    0
        35
          36           0.119956141   36    0
        36
          37           0.105816724   37    0
        37
          38           0.058853211   38    0
        38
          39           0.036478231   39    0
        39
$user-defined bonds
$end
