$coord
       -1.26077128367212       -1.95715018673233        0.00000000000000      C
       -2.66998962303175        0.24278626971075        0.00000000000000      C
       -1.42900273736631        2.56869168839565        0.00000000000000      C
        1.18634082984474        2.57666069305262        0.00000000000000      C
        2.58425112616891        0.46015542952629        0.00000000000000      N
        1.36723493157046       -1.72437821482759        0.00000000000000      C
        2.77235631852246       -3.86051201379788        0.00000000000000      O
       -4.71004851550254        0.15088622872995        0.00000000000000      H
       -2.46385463171963        4.32583626126239        0.00000000000000      H
        2.23237285805301        4.33259047994579        0.00000000000000      H
       -2.11958307626228       -3.80629393127128        0.00000000000000      H
        4.51069380339511       -3.30927270399435        0.00000000000000      H
$end
