$coord
       -2.98334550857545       -0.08808205276728        0.00000000000000      N
        2.98334550857545        0.08808205276728        0.00000000000000      N
       -4.07920360565186        0.25775116682054        1.52985656261443      H
       -1.60526800155639        1.24380481243134        0.00000000000000      H
       -4.07920360565186        0.25775116682054       -1.52985656261443      H
        4.07920360565186       -0.25775116682054       -1.52985656261443      H
        1.60526800155639       -1.24380481243134        0.00000000000000      H
        4.07920360565186       -0.25775116682054        1.52985656261443      H
$end
