$coord
        0.08861166313693       -0.08026695207358       -0.43510988868205      P
        0.19842499403966        0.07233260390370        3.05016056657646      C
        3.37849672899943       -1.10153956431823       -1.03598384430091      C
        0.43464636810883        3.32532354927377       -1.14243378668680      C
       -1.57325240248694        0.84137552679678        3.76986763367680      H
        0.43162781994214       -1.82577777119464        3.81895372474246      H
        1.75371273996099        1.25269288723152        3.71756445618151      H
        3.79256724126856       -0.93650902887565       -3.04815683788658      H
        4.74156013751098        0.03039637573309        0.02043949106329      H
        3.59590310707211       -3.07967683510309       -0.49715948030179      H
        0.81948439029994        3.58357272294220       -3.15092502925780      H
       -1.32413632742120        4.30126478625147       -0.69339342326832      H
        1.96616527365362        4.18450983386379       -0.05953346705117      H
$end
