$coord
    2.76908667200988     -5.79264131728894      2.10346298589694       c
    4.66042167961057     -5.05866998786113      2.45062394259666       h
    2.36152703138849     -7.31027937505492      3.42102761660140       h
    2.71498657258732     -6.79190694879211     -0.45191495119351       n
    1.61113808544757     -8.28913146813204     -0.82813758520983       h
    0.79979565983286     -3.72569775869823      2.52216091624816       c
   -1.07532315322252     -4.07856593782436      3.83722633967961       o
    3.91810294229316     -5.61670974258406     -2.38224498810532       c
    5.11212701357647     -3.64380320146376     -2.07762970155825       o
    1.34429714348730     -1.54295947342177      1.30815755087036       n
    2.86890251673388     -1.55543295863960      0.15308046983471       h
   -0.37538232912086      0.58036824594651      1.33038998208632       c
    0.66477614934253      2.33110178934906      1.60220676189920       h
   -1.45344916070190      0.70766584130167     -0.42004429212957       h
   -1.68206192696093      0.31327095078976      2.88896872649332       h
    3.73451359910018     -6.88572609221333     -4.92458488942418       c
    2.60785173688799     -8.60300802875712     -4.89895472541549       h
    5.63560886546990     -7.33201085248455     -5.56400432230945       h
    2.92290337340454     -5.55560349017693     -6.26356187918549       h
$end
