$coord
   -1.81969843711385      0.14823291885032      0.00000000000000      c
    1.00161413498371      0.47517865865658      0.00000000000000      c
    2.12022943779174      2.45526428704835      0.00000000000000      o
    2.21250768407525     -1.78864233630102      0.00000000000000      o
    4.00596685850582     -1.42698476826710      0.00000000000000      h
   -2.72440605790998      1.98858034244305      0.00000000000000      h
   -2.39810681016633     -0.92581455121508      1.66010082516773      h
   -2.39810681016633     -0.92581455121508     -1.66010082516773      h
$redundant
     number_of_atoms             8
     degrees_of_freedom         12
     internal_coordinates       12
     frozen_coordinates          0
# definitions of redundant internals
   1 k  1.0000000000000 stre    2    3           val=   2.27421
   2 k  1.0000000000000 stre    2    4           val=   2.56732
   3 k  1.0000000000000 stre    1    6           val=   2.05070
   4 k  1.0000000000000 stre    4    5           val=   1.82956
   5 k  1.0000000000000 stre    2    1           val=   2.84019
   6 k  0.4389053287071 bend    7    6    1      val=   0.27162
        0.4389053287071 bend    8    6    1
        0.3482429075436 bend    8    7    1
       -0.3812197627312 bend    2    6    1
       -0.4172065404051 bend    2    7    1
       -0.4172065404051 bend    2    8    1
   7 k  1.0000000000000 stre    1    8           val=   2.06011
   8 k -0.3084293662996 bend    7    6    1      val=   0.38350
       -0.3084293662996 bend    8    6    1
        0.7249047363584 bend    8    7    1
       -0.4614177214253 bend    2    6    1
        0.1888775550030 bend    2    7    1
        0.1888775550030 bend    2    8    1
   9 k  0.7071067811865 bend    4    3    2      val=  -1.83955
       -0.7071067811865 bend    1    3    2
  10 k  1.0000000000000 bend    2    5    4      val= 106.74084
  11 k  1.0000000000000 bend    1    4    2      val= 111.53165
  12 k  0.2137641816640 bend    7    6    1      val=   1.37995
        0.2137641816640 bend    8    6    1
       -0.4373647918079 bend    8    7    1
       -0.6828246708972 bend    2    6    1
        0.3543107795255 bend    2    7    1
        0.3543107795255 bend    2    8    1
        12 non zero eigenvalues  of BmBt
           1           3.817675679    1    0
         1
           2           3.694508808    2    0
         2
           3           2.825711801    3    0
         3
           4           2.468319474    4    0
         4
           5           1.794738818    5    0
         5
           6           1.186982514    6    0
         6
           7           0.882357600    7    0
         7
           8           0.707190228    8    0
         8
           9           0.466030104    9    0
         9
          10           0.296151531   10    0
        10
          11           0.276112373   11    0
        11
          12           0.110668131   12    0
        12
$user-defined bonds
$end
