$coord
   -2.10222010373344     -1.82890761872876     -1.00167357788522       n
   -1.99499904325156     -2.72334772538139     -2.67589439666605       h
    0.21979148836415     -0.81961548524134      0.08321931258833       c
    0.10958115044244     -1.12205225208072      2.12114019242673       h
    2.44948386079244     -2.25655509484506     -1.04051975604037       c
    0.39471809074309      2.03317894644175     -0.42651036228340       c
    2.65808254876903     -1.71840000864700     -3.02037272514267       h
    2.06157460154265     -4.26899874452501     -0.90844466058799       h
    4.92870435255888     -1.81593370473756      0.35020746822669       c
    2.01266815848470      2.93561767204907     -1.85876363187520       o
    5.96762719879544      0.46998343403475      0.04887638157954       o
    5.90053806254784     -3.42955405687089      1.64041661492383       o
   -1.34237484899283      3.40593434369637      0.78802016394959       n
   -1.53887686842993      6.11734359109869      0.46673833253758       c
   -2.65558015719959      2.43276176629435      1.79663573461961       h
   -2.98349093745464      6.60702683550058     -0.91502359477330       h
   -2.00628638256833      6.98732379900534      2.26614535957152       h
    0.27085336434472      6.82203473898343     -0.19139940236165       h
   -4.35736348391656     -1.70832216875331      0.20928988708096       c
   -6.52135204710841     -3.06264466767510     -1.04559959221845       c
   -4.61673617722131     -0.56823489513135      2.22129680838213       o
   -7.18484102103641     -4.53411880068385      0.22665231094266       h
   -6.01659828332818     -3.90509782968261     -2.84932335860281       h
   -8.06155449483811     -1.73109538885319     -1.31705498103450       h
    4.79491887681528      1.51237684295412     -0.94940834481046       h
$end
