$coord
       -1.26128726190622       -0.74255186697518        0.00000000000000      C
        1.12144620698123        0.83158193493425        0.00000000000000      C
        3.25383303363993       -0.74653224272008        0.00000000000000      F
       -2.91745072223563        0.49274501960747        0.00000000000000      H
       -1.34809665241188       -1.94247341858289       -1.67506560356060      H
       -1.34809665241188       -1.94247341858289        1.67506560356060      H
        1.24982602417223        2.02485199615967        1.68091125613924      H
        1.24982602417223        2.02485199615967       -1.68091125613924      H
$end
