$coord
        2.57476145225390       -1.52359271944835       -1.73812706385267      N
       -0.00180892261315       -0.52980573327180       -1.55909846212022      C
       -0.11947540703615        2.32348565928105       -1.08630245872550      C
       -1.23698590690226        3.72554959050547       -2.56500879353285      O
       -1.60251773591568       -2.00825403224099        0.33990548534790      C
       -4.30214357977962       -1.01746592851642        0.60021281085357      C
       -5.71164075173741       -1.02644123198781       -1.91375607852194      C
       -5.70669572164451       -2.59972796563736        2.55557410492472      C
        3.16195118427392       -2.05719499740619       -3.46306299187322      H
       -0.80197963806844       -0.75743901653921       -3.43814596770767      H
       -0.67145305228773       -1.97139775601683        2.17547575509366      H
       -1.66090436179208       -3.98067076038285       -0.28087455353489      H
       -4.20806817386602        0.92970397836086        1.28632512532180      H
       -5.68300762803164       -2.91653652577460       -2.74421768475643      H
       -7.68229819091141       -0.49661431899550       -1.63577438465934      H
       -4.89242644912206        0.30259429562905       -3.25289997959091      H
       -5.86891208546300       -4.55328543929919        1.91323677192886      H
       -7.61022654156451       -1.87713986643588        2.86237710996700      H
       -4.72091446337037       -2.60624128660211        4.36395578013170      H
        0.97092337319222        3.13035311159736        1.06684230661723      N
        1.97727369552274        1.85995307744086        2.09121527280075      H
        0.96554162301518        5.79205206556269        1.69203283727823      C
        1.75041648385822        6.02916937099128        3.57272429264089      H
        2.07931441812148        6.88364820279336        0.34767391216481      H
       -0.95509516305270        6.52331235916759        1.65603026311738      H
        4.24088021143274       -1.81332300015387        0.18290971315853      C
        3.82573290351182       -1.12426236630291        2.36816977452855      O
        6.70168305513897       -3.07548025523664       -0.51377476651701      C
        8.24796503551921       -1.87222489438878        0.10235275960789      H
        6.89095026111538       -3.46001982102564       -2.52259528075915      H
        6.83490994129624       -4.84345823866536        0.52656797538133      H
$end
