$coord
    4.53584977665118      2.99812146156494      0.00000000000000      c
    4.91589232959917      1.73736949890319     -2.28334116935730      c
    5.68080207386187     -0.78465465575989     -2.28347897529602      c
    6.06555530109576     -2.04507795841034      0.00000000000000      c
    5.68080207386187     -0.78465465575989      2.28347897529602      c
    4.91589232959917      1.73736949890319      2.28334116935730      c
   -1.18626496515103     -4.02095965415772      0.00000000000000      c
   -3.78230217418500     -4.19505528480347      0.00000000000000      c
   -4.73350790462323     -1.67346755534943      0.00000000000000      c
   -2.59969190082379     -0.03569493189987      0.00000000000000      c
   -2.83691886386700      2.59514113395873      0.00000000000000      c
   -5.26153210124799      3.58701749771301      0.00000000000000      c
   -7.40221622905560      2.00122304886047      0.00000000000000      c
   -7.16480186900923     -0.60508773595627      0.00000000000000      c
    3.95098706760577      4.95610686271850      0.00000000000000      h
    4.61007138767413      2.71216054886047     -4.05268907546997      h
    5.96901914158038     -1.76428333789643     -4.05315732955933      h
    6.66163035907916     -3.99985174209412      0.00000000000000      h
    5.96901914158038     -1.76428333789643      4.05315732955933      h
    4.61007138767413      2.71216054886047      4.05268907546997      h
    1.31315681019000     -0.89641872913178      0.00000000000000      h
    0.22557741084270     -5.48737887412842      0.00000000000000      h
   -4.85699060878583     -5.92256001502808      0.00000000000000      h
   -1.19148269615002      3.80869575470153      0.00000000000000      h
   -5.51684740505048      5.61496039360229      0.00000000000000      h
   -9.26387718639204      2.84490700691406      0.00000000000000      h
   -8.82436302623579     -1.80047349006470      0.00000000000000      h
   -0.48352966031857     -1.52533129722413      0.00000000000000      n
$user-defined bonds
$redundant
     number_of_atoms            28
     degrees_of_freedom         49
     internal_coordinates       68
     frozen_coordinates          0
# definitions of redundant internals
   1 k  1.0000000000000 stre    4   18           val=   2.04364
   2 k  1.0000000000000 stre    3   17           val=   2.04316
   3 k  1.0000000000000 stre   11   24           val=   2.04455
   4 k  1.0000000000000 stre    8   23           val=   2.03451
   5 k  1.0000000000000 stre   13   26           val=   2.04391
   6 k  1.0000000000000 stre   14   27           val=   2.04526
   7 k  1.0000000000000 stre   24   15           val=   5.26892
   8 k  1.0000000000000 stre   12   25           val=   2.04395
   9 k  1.0000000000000 stre    2   16           val=   2.04312
  10 k  1.0000000000000 stre    7   22           val=   2.03560
  11 k  0.7071067811865 bend    7   23    8      val=  -0.86189
       -0.7071067811865 bend    9   23    8
  12 k -0.7071067811865 bend    8   22    7      val=  -4.85864
        0.7071067811865 bend   28   22    7
  13 k  0.7068826285810 bend    3   16    2      val=   2.15695
       -0.7068713146737 bend    1   16    2
        0.0254930167279 bend   21   16    2
  14 k -0.7068859197636 bend    2   17    3      val=   2.10000
        0.7068948620661 bend    4   17    3
        0.0247376317482 bend   21   17    3
  15 k -0.7071067811865 bend   13   27   14      val=  -0.02391
        0.7071067811865 bend    9   27   14
  16 k  0.7071067811865 bend   11   25   12      val=   0.03480
       -0.7071067811865 bend   13   25   12
  17 k  0.7071067811865 bend   14   26   13      val=   0.24723
       -0.7071067811865 bend   12   26   13
  18 k  0.0001711371801 bend    3   18    4      val= 120.58711
        0.0001711371801 bend    5   18    4
        0.9999999707121 bend   21   18    4
  19 k  0.0193806647927 bend    2   17    3      val= 171.67351
       -0.0156035286251 bend    4   17    3
        0.9996904119409 bend   21   17    3
  20 k -0.0157608654888 bend    3   16    2      val= 118.89777
        0.0202915557344 bend    1   16    2
        0.9996698694494 bend   21   16    2
  21 k  1.0000000000000 linc   11   15   24    1 val=   0.00000
  22 k  1.0000000000000 tors    4   21    2    1 val=  90.80371
        1.0000000000000 tors    4   21    2    3
        1.0000000000000 tors    5   21    2    1
        1.0000000000000 tors    5   21    2    3
        1.0000000000000 tors    6   21    2    1
        1.0000000000000 tors    6   21    2    3
        1.0000000000000 tors   28   21    2    1
        1.0000000000000 tors   28   21    2    3
  23 k  1.0000000000000 tors    1   21    3    2 val=  90.70948
        1.0000000000000 tors    1   21    3    4
        1.0000000000000 tors    5   21    3    2
        1.0000000000000 tors    5   21    3    4
        1.0000000000000 tors    6   21    3    2
        1.0000000000000 tors    6   21    3    4
        1.0000000000000 tors   28   21    3    2
        1.0000000000000 tors   28   21    3    4
  24 k  1.0000000000000 stre    1    2           val=   2.63583
  25 k  1.0000000000000 stre    1   15           val=   2.04347
  26 k  1.0000000000000 stre    1   21           val=   5.05502
  27 k  1.0000000000000 stre    2   21           val=   5.01300
  28 k  0.8944276529089 bend    6    2    1      val=  40.04726
       -0.4472126716808 bend   15    2    1
  29 k  1.0000000000000 bend   21   15    1      val= 123.76136
  30 k  1.0000000000000 outp    2   15    6    1 val=   0.14363
  31 k  1.0000000000000 stre    2    3           val=   2.63547
  32 k  1.0000000000000 stre    3   21           val=   4.92982
  33 k  1.0000000000000 bend    1    3    2      val= 119.97470
  34 k  1.0000000000000 stre    3    4           val=   2.63647
  35 k  1.0000000000000 stre    4   21           val=   4.88924
  36 k  1.0000000000000 bend    4    2    3      val= 119.98703
  37 k  1.0000000000000 bend    5    3    4      val= 120.01985
  38 k  1.0000000000000 stre    7    8           val=   2.60187
  39 k  1.0000000000000 stre    7   28           val=   2.59268
  40 k  1.0000000000000 bend   28    8    7      val= 109.56313
  41 k  1.0000000000000 stre    8    9           val=   2.69503
  42 k  1.0000000000000 bend    9    7    8      val= 106.83110
  43 k  1.0000000000000 stre    9   14           val=   2.65568
  44 k  1.0000000000000 stre    9   10           val=   2.68988
  45 k  0.5819233361504 bend   10   14    9      val=  -9.36392
       -0.7869696550398 bend    8   14    9
        0.2050463188894 bend    8   10    9
  46 k -0.5727406895884 bend   10   14    9      val=  -8.11554
       -0.2175900473670 bend    8   14    9
        0.7903307369555 bend    8   10    9
  47 k  1.0000000000000 stre   10   28           val=   2.58789
  48 k  1.0000000000000 stre   10   11           val=   2.64151
  49 k -0.7927203882743 bend   11   28   10      val=  -6.11837
        0.2269618779983 bend    9   28   10
        0.5657585102760 bend    9   11   10
  50 k  0.1956043268461 bend   11   28   10      val=   8.49280
       -0.7843181577664 bend    9   28   10
        0.5887138309204 bend    9   11   10
  51 k  1.0000000000000 stre   11   12           val=   2.61965
  52 k -0.0097372430059 bend   10   12   11      val=   0.06843
        0.7119251182371 bend   24   12   11
       -0.7021878752312 bend   24   10   11
  53 k -0.8164385174435 bend   10   12   11      val=   1.94857
        0.3997865589158 bend   24   12   11
        0.4166519585277 bend   24   10   11
  54 k  1.0000000000000 stre   12   13           val=   2.66407
  55 k  1.0000000000000 bend   13   11   12      val= 121.22057
  56 k  1.0000000000000 stre   13   14           val=   2.61710
  57 k  1.0000000000000 bend   12   14   13      val= 121.32580
  58 k  1.0000000000000 bend    9   13   14      val= 118.92688
  59 k  1.0000000000000 bend   24    1   15      val=  94.05316
  60 k  1.0000000000000 stre   21   28           val=   1.90358
  61 k -0.6317210168924 bend    1   28   21      val=  -0.02166
       -0.3081934764228 bend    2   28   21
        0.3172826945258 bend    3   28   21
       -0.0098772289322 bend    3    1   21
        0.6353593464594 bend    4   28   21
       -0.0036383295670 bend    4    1   21
        0.0048826037233 bend    4    2   21
       -0.0012426422683 bend    5    2   21
        0.0273122012417 bend    5    3   21
       -0.0267094200397 bend    6    2   21
  62 k -0.2249118777889 bend    1   28   21      val=   1.31982
       -0.2015027873188 bend    2   28   21
       -0.1976932766914 bend    3   28   21
        0.3392670381044 bend    3    1   21
       -0.2176266667982 bend    4   28   21
        0.4425385445871 bend    4    1   21
        0.3462521186783 bend    4    2   21
        0.3993553913893 bend    5    2   21
        0.3474745426581 bend    5    3   21
        0.3336329921872 bend    6    2   21
  63 k  0.2727805240026 bend    1   28   21      val=  15.75014
       -0.1465658499894 bend    2   28   21
       -0.2051137621534 bend    3   28   21
       -0.0948592996602 bend    3    1   21
        0.2954720422648 bend    4   28   21
       -0.5682525662674 bend    4    1   21
       -0.1709781380507 bend    4    2   21
        0.3516416050978 bend    5    2   21
        0.4248246207662 bend    5    3   21
        0.3308523655942 bend    6    2   21
  64 k  0.1443463473882 bend    1   28   21      val=   1.32748
       -0.3016883131592 bend    2   28   21
        0.2646393476183 bend    3   28   21
       -0.2947598158762 bend    3    1   21
       -0.0937073528940 bend    4   28   21
       -0.0506389944942 bend    4    1   21
        0.2708400650128 bend    4    2   21
        0.0356284283445 bend    5    2   21
       -0.5287876861028 bend    5    3   21
        0.6046862342484 bend    6    2   21
  65 k  0.1116011738199 bend    1   28   21      val=   1.55380
       -0.1611435861884 bend    2   28   21
        0.1744354943241 bend    3   28   21
       -0.5671903278747 bend    3    1   21
       -0.1002478769196 bend    4   28   21
       -0.0113532969002 bend    4    1   21
        0.5485997983695 bend    4    2   21
       -0.0037320797268 bend    5    2   21
        0.3991034317378 bend    5    3   21
       -0.3728371793762 bend    6    2   21
  66 k -0.1408952712545 bend    1   28   21      val=   3.46520
        0.1781448782873 bend    2   28   21
        0.1791304885038 bend    3   28   21
       -0.3812088938027 bend    3    1   21
       -0.1449962526055 bend    4   28   21
        0.2858915238600 bend    4    1   21
       -0.4071553114332 bend    4    2   21
       -0.3576267209890 bend    5    2   21
        0.4280007178973 bend    5    3   21
        0.4374816131604 bend    6    2   21
  67 k -0.7092296414545 bend   10   21   28      val=  -0.32007
        0.7049646270092 bend    7   21   28
        0.0042650144453 bend    7   10   28
  68 k -0.4045491099348 bend   10   21   28      val=  -7.93641
       -0.4119363316491 bend    7   21   28
        0.8164854415839 bend    7   10   28
        49 non zero eigenvalues  of BmBt
           1           2.937957169    1    0
         1
           2           2.303364898    2    0
         2
           3           2.218927723    3    0
         3
           4           2.201121676    4    0
         4
           5           2.177690709    5    0
         5
           6           2.116482929    6    0
         6
           7           2.065617035    7    0
         7
           8           2.021680968    8    0
         8
           9           2.000025298    9    0
         9
          10           1.787310709   10    0
        10
          11           1.731916817   11    0
        11
          12           1.606342235   12    0
        12
          13           1.438616829   13    0
        13
          14           1.250537612   14    0
        14
          15           1.184749412   15    0
        15
          16           1.171767325   16    0
        16
          17           1.022451681   17    0
        17
          18           0.677150376   18    0
        18
          19           0.640413338   19    0
        19
          20           0.633753090   20    0
        20
          21           0.599420781   21    0
        21
          22           8.224884118    0    0
         0.000000000         0.000000000         0.000000000         0.000000000
         0.000000000         0.000000000         0.000000000         0.000000000
         0.000000000         0.000000000         0.000000000         0.000000000
         0.000000000         0.000000000         0.000000000         0.000000000
         0.000000000         0.000000000         0.000000000         0.000000000
         0.000000000        -0.469137086        -0.388906140         0.030466042
        -0.050278501         0.064414136         0.068199627        -0.030838161
         0.079943445         0.118188778         0.006157146        -0.146539904
         0.013714116        -0.018264523        -0.181399491         0.001255371
         0.005184793        -0.022066614         0.238725651        -0.063275076
         0.012311724         0.015512822        -0.008969676        -0.021686813
         0.007121625        -0.032882523        -0.234238039         0.055801747
         0.063703585        -0.097668553         0.000853484         0.004166123
         0.002590779         0.001110898         0.002827993        -0.000369654
        -0.000127609        -0.002064022        -0.026148626         0.028998292
         0.468272873         0.034877501        -0.016416816        -0.007114251
        -0.004376250         0.000607826        -0.426806496        -0.020761066
          23           5.891691409    0    0
         0.000000000         0.000000000         0.000000000         0.000000000
         0.000000000         0.000000000         0.000000000         0.000000000
         0.000000000         0.000000000         0.000000000         0.000000000
         0.000000000         0.000000000         0.000000000         0.000000000
         0.000000000         0.000000000         0.000000000         0.000000000
         0.000000000         0.022549527        -0.091902129         0.040359300
        -0.064999645         0.490870818         0.312279655        -0.026405606
        -0.186521302        -0.513542775         0.024909350         0.312806346
         0.019027297         0.021608673         0.207202422        -0.007577228
         0.005572887         0.002738206         0.087993167         0.013928088
         0.013980688        -0.002860721        -0.002903618        -0.028808032
         0.010240586        -0.011614421        -0.002764285         0.028083837
         0.033029177        -0.061228462        -0.030887756         0.007816212
        -0.015768852        -0.000786559        -0.004698124        -0.002058057
         0.001187984        -0.004539834         0.145788658        -0.354196375
         0.060624238        -0.160900094         0.022297475         0.012767604
         0.018307038        -0.001558420        -0.080559726        -0.072460935
          24           4.474848263    0    0
         0.000000000         0.000000000         0.000000000         0.000000000
         0.000000000         0.000000000         0.000000000         0.000000000
         0.000000000         0.000000000         0.000000000         0.000000000
         0.000000000         0.000000000         0.000000000         0.000000000
         0.000000000         0.000000000         0.000000000         0.000000000
         0.000000000        -0.082960438         0.069119700         0.021798135
         0.002114628        -0.064960599         0.311128289         0.011964483
         0.183467467         0.599044958         0.033944841         0.287259330
        -0.011055929         0.026404721         0.215691022         0.009231092
        -0.006843560         0.007108398         0.062788784         0.066885943
         0.017235181        -0.038651987         0.057094917        -0.181258048
         0.037565611         0.055108107         0.190338819         0.018985865
         0.195974080        -0.020033710         0.055344946        -0.047580713
         0.103514801         0.001606337         0.011185452        -0.009006223
         0.003358833        -0.019871652        -0.179782788        -0.386009916
        -0.020001822        -0.082282613        -0.038870306        -0.017413777
        -0.022785479         0.006138099         0.004558953        -0.171100625
          25           3.692470226    0    0
         0.000000000         0.000000000         0.000000000         0.000000000
         0.000000000         0.000000000         0.000000000         0.000000000
         0.000000000         0.000000000         0.000000000         0.000000000
         0.000000000         0.000000000         0.000000000         0.000000000
         0.000000000         0.000000000         0.000000000         0.000000000
         0.000000000         0.092492923        -0.010813251        -0.046917180
         0.081820380        -0.068396617        -0.210585727         0.033056254
        -0.063242367        -0.216759027        -0.034114381        -0.181854705
        -0.019974875        -0.017737732        -0.124335900        -0.000894040
         0.001175127        -0.033551049         0.050623938         0.079403449
         0.146543951        -0.123211013         0.184758385        -0.613177208
         0.214776104         0.054945686         0.176945989         0.226374687
         0.317019150        -0.127266312        -0.027904784        -0.064003071
         0.149848303         0.011611180         0.009775348        -0.049738102
         0.024317127        -0.110320203         0.055930373         0.021872073
        -0.030131330         0.051760196         0.026075422         0.012532636
         0.013434817        -0.002708958        -0.072947397        -0.263463570
          26           3.538589998    0    0
         0.000000000         0.000000000         0.000000000         0.000000000
         0.000000000         0.000000000         0.000000000         0.000000000
         0.000000000         0.000000000         0.000000000         0.000000000
         0.000000000         0.000000000         0.000000000         0.000000000
         0.000000000         0.000000000         0.000000000         0.000000000
         0.000000000         0.106968502         0.070673281        -0.040222601
         0.066695541        -0.128853007        -0.009549709         0.057683119
        -0.009206146         0.089441174        -0.004653974         0.122798490
        -0.034965005         0.018772051         0.144887492         0.005484513
        -0.007168076        -0.020792668         0.050462300        -0.023470777
         0.279279434         0.036296874        -0.249615523        -0.005788355
         0.125636328        -0.383801235        -0.422085233         0.425879913
        -0.150326934        -0.418775244        -0.101715274         0.099558390
        -0.078743770         0.011901921         0.027625939         0.000855678
        -0.001302065        -0.050985670        -0.008288371        -0.006752324
        -0.115438372        -0.028103533         0.007011916         0.010255815
        -0.006030045         0.000890880         0.012713280        -0.036309550
          27           3.047781641    0    0
         0.000000000         0.000000000         0.000000000         0.000000000
         0.000000000         0.000000000         0.000000000         0.000000000
         0.000000000         0.000000000         0.000000000         0.000000000
         0.000000000         0.000000000         0.000000000         0.000000000
         0.000000000         0.000000000         0.000000000         0.000000000
         0.000000000        -0.185560912         0.216509521         0.224326471
        -0.692124573         0.192419827        -0.081412751        -0.362318639
         0.099033225         0.055504356         0.073861695        -0.018377752
         0.257227783         0.006363672        -0.032229018        -0.045400387
         0.007969167        -0.002573131        -0.134732835         0.028258372
         0.063815674        -0.033585313         0.015685662        -0.098341480
         0.067558617        -0.033206675         0.025092497         0.142555602
        -0.042267872        -0.029309997        -0.086452775         0.085290436
         0.014844604         0.017572359         0.028194754        -0.015694902
        -0.001139833        -0.031268862         0.027668745         0.082759592
        -0.051971882         0.101848479        -0.091648993        -0.059470122
        -0.044412879        -0.000917171         0.105324708         0.004744938
          28           2.364754244    0    0
         0.000000000         0.000000000         0.000000000         0.000000000
         0.000000000         0.000000000         0.000000000         0.000000000
         0.000000000         0.000000000         0.000000000         0.000000000
         0.000000000         0.000000000         0.000000000         0.000000000
         0.000000000         0.000000000         0.000000000         0.000000000
         0.000000000         0.022334430        -0.010714914        -0.007786708
         0.040657539         0.006737685         0.138724429         0.054285491
        -0.011940232         0.065148412         0.021719524         0.180276110
        -0.037912169         0.031043248         0.156923999         0.009191694
        -0.005372751        -0.057961116        -0.121755339        -0.117809752
        -0.268113607        -0.107264351         0.548235046        -0.219465402
         0.117266474         0.208868566        -0.401265949         0.198379545
        -0.134157714         0.162833491        -0.101044055         0.068343575
        -0.045630103         0.077041589         0.019106201        -0.086576449
         0.026976028        -0.051244957         0.000420765         0.223229395
        -0.015928291        -0.057067215         0.005666838         0.008953783
        -0.001689900         0.001088597        -0.018920434         0.237844342
          29           2.126825107    0    0
         0.000000000         0.000000000         0.000000000         0.000000000
         0.000000000         0.000000000         0.000000000         0.000000000
         0.000000000         0.000000000         0.000000000         0.000000000
         0.000000000         0.000000000         0.000000000         0.000000000
         0.000000000         0.000000000         0.000000000         0.000000000
         0.000000000        -0.046508605        -0.044674145         0.023318517
         0.070825772         0.118495056         0.189697621         0.020838592
         0.013627714         0.040350799         0.021173391         0.017685829
        -0.026165305        -0.003095279        -0.039801752         0.011367679
         0.003347087        -0.040073058        -0.177607478         0.012140248
         0.536002456        -0.143917640        -0.033513016        -0.171815617
         0.365636388        -0.066772349         0.021724761        -0.386271756
        -0.198602868         0.054691065         0.203603704        -0.095159142
        -0.093499682        -0.059406240        -0.114935378        -0.028387584
         0.104673673        -0.237853337        -0.036133084         0.139701838
         0.069610528        -0.030655906        -0.001090051        -0.003953845
         0.009654384         0.001022458         0.056306672         0.241654723
          30           1.723363703    0    0
         0.000000000         0.000000000         0.000000000         0.000000000
         0.000000000         0.000000000         0.000000000         0.000000000
         0.000000000         0.000000000         0.000000000         0.000000000
         0.000000000         0.000000000         0.000000000         0.000000000
         0.000000000         0.000000000         0.000000000         0.000000000
         0.000000000        -0.015983373         0.073106880         0.006897952
        -0.090050454        -0.183708044        -0.393561003        -0.155459567
        -0.029628971        -0.088623794        -0.025072370         0.213725777
         0.157888275         0.063671464         0.302976948        -0.063967874
        -0.001169640        -0.091544531         0.478955276        -0.096538288
         0.019721037         0.021529699         0.112496875        -0.000197458
         0.040747771         0.053405369        -0.232367264        -0.310109145
         0.099102467        -0.022379243         0.299911279        -0.116335690
        -0.080491112        -0.085055916        -0.125532121         0.020952625
         0.078230527        -0.055564984        -0.047273657        -0.026307097
        -0.111278964         0.035343154        -0.020184649        -0.002128849
        -0.046988473        -0.000269772        -0.076126783        -0.018707919
          31           1.447923959    0    0
         0.000000000         0.000000000         0.000000000         0.000000000
         0.000000000         0.000000000         0.000000000         0.000000000
         0.000000000         0.000000000         0.000000000         0.000000000
         0.000000000         0.000000000         0.000000000         0.000000000
         0.000000000         0.000000000         0.000000000         0.000000000
         0.000000000        -0.037788780        -0.019041470        -0.044711783
        -0.046697866        -0.134084973        -0.088025174         0.028142355
        -0.030263168         0.016017426        -0.031089942        -0.132894903
        -0.031658248        -0.054549310        -0.084197188         0.021219127
        -0.009019568        -0.020724743         0.223752434         0.199973717
         0.124503891        -0.148242586         0.295098396         0.216150713
         0.148249503         0.085839383         0.084135484        -0.108589610
        -0.285212055        -0.049574136        -0.344577835         0.154148159
        -0.291653088         0.290400936        -0.050327838        -0.261547097
         0.044172064        -0.077020075         0.068168506        -0.337009022
         0.023078284         0.021541090        -0.004358340         0.004979882
        -0.002327377        -0.000848564         0.095307693        -0.152515602
          32           1.193015500    0    0
         0.000000000         0.000000000         0.000000000         0.000000000
         0.000000000         0.000000000         0.000000000         0.000000000
         0.000000000         0.000000000         0.000000000         0.000000000
         0.000000000         0.000000000         0.000000000         0.000000000
         0.000000000         0.000000000         0.000000000         0.000000000
         0.000000000         0.001715261         0.046022846         0.000172218
         0.033208086         0.076225357         0.029009074        -0.032430729
         0.027237529         0.003102791        -0.023348938        -0.175403407
         0.008112434        -0.077136325        -0.205582368         0.002811192
         0.012144575         0.081117983        -0.173117900         0.192832086
        -0.287576488        -0.105501647         0.219563100         0.109552068
         0.119368523        -0.052531874        -0.152823593         0.098973845
        -0.119474235        -0.178047137         0.420071476        -0.022251158
        -0.194303720        -0.333086140        -0.125119032         0.302850673
         0.155785242        -0.116658011        -0.035628825        -0.227205732
         0.001682621         0.007264040        -0.009917739        -0.014425527
         0.010075919        -0.000532192         0.100164631        -0.224432255
          33           1.101173492    0    0
         0.000000000         0.000000000         0.000000000         0.000000000
         0.000000000         0.000000000         0.000000000         0.000000000
         0.000000000         0.000000000         0.000000000         0.000000000
         0.000000000         0.000000000         0.000000000         0.000000000
         0.000000000         0.000000000         0.000000000         0.000000000
         0.000000000         0.104916767        -0.112041575        -0.172839176
         0.131522599         0.020090588        -0.116334906        -0.093973932
         0.040411745         0.033589952         0.214579582         0.343921943
         0.258682381        -0.130279142        -0.338277497        -0.522384207
         0.453098275         0.024042407        -0.090092020         0.018733424
        -0.004881806        -0.005986403         0.007293466         0.009128598
        -0.019014516        -0.026835455        -0.001213635         0.026869703
        -0.006397423        -0.017811916         0.010149409        -0.043922737
        -0.009912849         0.111151769        -0.028253996        -0.104838287
         0.002721112         0.026812717        -0.050392578        -0.016969630
         0.039094436        -0.042503009         0.065602916        -0.111057479
        -0.031913557        -0.024893135         0.007925820        -0.000234323
          34           1.048502813    0    0
         0.000000000         0.000000000         0.000000000         0.000000000
         0.000000000         0.000000000         0.000000000         0.000000000
         0.000000000         0.000000000         0.000000000         0.000000000
         0.000000000         0.000000000         0.000000000         0.000000000
         0.000000000         0.000000000         0.000000000         0.000000000
         0.000000000        -0.029613322        -0.012644785        -0.200418060
        -0.145607744        -0.125270611        -0.034465859         0.151787886
        -0.042436582        -0.013557401         0.384739961         0.050013015
        -0.100262723        -0.177983716         0.041995406        -0.048689744
         0.081869322         0.040945041         0.192846887        -0.017403900
         0.075530814        -0.072394858        -0.025119296         0.022575870
         0.161601557         0.145273082         0.065261125        -0.015177639
        -0.078751478         0.119534631        -0.237021370         0.226331533
         0.098654775        -0.395162872         0.252184331         0.442325847
        -0.085248795        -0.120839417         0.082733066        -0.022733881
        -0.002820111        -0.006889190        -0.005361737         0.015145313
        -0.007416062        -0.050369747        -0.012834016         0.065562314
          35           1.022840982    0    0
         0.000000000         0.000000000         0.000000000         0.000000000
         0.000000000         0.000000000         0.000000000         0.000000000
         0.000000000         0.000000000         0.000000000         0.000000000
         0.000000000         0.000000000         0.000000000         0.000000000
         0.000000000         0.000000000         0.000000000         0.000000000
         0.000000000        -0.147707091         0.206144812        -0.234884432
        -0.083446308         0.046804522         0.077744863         0.137172625
        -0.017956692        -0.049513024         0.646994131        -0.138644993
        -0.162925005        -0.300669930         0.069544509         0.116285684
        -0.050554400        -0.113670969        -0.015942875        -0.016363995
        -0.049648025         0.084818251         0.010653238        -0.038924791
        -0.123478291        -0.088745237        -0.051403356        -0.029060226
         0.079315338        -0.070439023         0.176978818        -0.124626114
        -0.067933007         0.180690165        -0.174421836        -0.236783271
         0.067690992         0.067676196         0.000109739         0.055148043
        -0.048928841         0.011279566        -0.092174888         0.032063110
         0.009112533        -0.084931904         0.009187113        -0.056687777
          36           0.893455204    0    0
         0.000000000         0.000000000         0.000000000         0.000000000
         0.000000000         0.000000000         0.000000000         0.000000000
         0.000000000         0.000000000         0.000000000         0.000000000
         0.000000000         0.000000000         0.000000000         0.000000000
         0.000000000         0.000000000         0.000000000         0.000000000
         0.000000000        -0.100928864         0.118057563        -0.128196705
         0.077207902        -0.002967115        -0.116529863        -0.063875827
         0.001493243        -0.027010819         0.037096862        -0.015295038
         0.062533524        -0.024523162         0.106819899         0.033625153
        -0.081894045         0.858604648        -0.078654333        -0.152411310
        -0.061838899        -0.126377153        -0.088138670        -0.001890390
         0.160162356         0.086435447         0.014181780         0.003221671
         0.038193584        -0.075111100        -0.032571102        -0.054443727
        -0.038133079         0.132699824        -0.057554639        -0.026873688
         0.014619315        -0.009814638        -0.016028768        -0.069584539
         0.000899005        -0.023135097        -0.055611523        -0.006683818
         0.005079487        -0.013274482        -0.142524332         0.135536467
          37           0.794306103    0    0
         0.000000000         0.000000000         0.000000000         0.000000000
         0.000000000         0.000000000         0.000000000         0.000000000
         0.000000000         0.000000000         0.000000000         0.000000000
         0.000000000         0.000000000         0.000000000         0.000000000
         0.000000000         0.000000000         0.000000000         0.000000000
         0.000000000        -0.327072765         0.299053026        -0.333615681
         0.420483364         0.182914789        -0.172565924        -0.283722223
         0.042180889        -0.026792446        -0.096412063        -0.042126260
         0.263860918        -0.107782194         0.113445706         0.037446551
        -0.185445513        -0.247748536        -0.104289597         0.095633865
         0.055661289        -0.030684259         0.016052727         0.018573407
        -0.003841774         0.001164461        -0.008483036         0.041302861
        -0.072896667         0.070354588        -0.121615423        -0.021586320
         0.067752038        -0.028321293         0.150709795         0.085655392
        -0.111204827         0.018325957        -0.075375715        -0.048570041
         0.082943493        -0.150623244        -0.158332407        -0.054457698
         0.020384628        -0.015927991         0.020053880         0.008031302
          38           0.627897156    0    0
         0.000000000         0.000000000         0.000000000         0.000000000
         0.000000000         0.000000000         0.000000000         0.000000000
         0.000000000         0.000000000         0.000000000         0.000000000
         0.000000000         0.000000000         0.000000000         0.000000000
         0.000000000         0.000000000         0.000000000         0.000000000
         0.000000000        -0.043597027         0.045518668         0.051022849
         0.060969624        -0.040125511         0.044582018        -0.009877632
        -0.044966168         0.016469969         0.078205727         0.061796544
         0.036953614         0.150913956         0.000733839        -0.021106239
        -0.013791456        -0.135347443        -0.018793213        -0.072491529
        -0.207917065         0.146214476        -0.124847862        -0.110555192
         0.128137082        -0.069369289         0.108287431        -0.038635453
         0.029461896         0.016364617        -0.242800445        -0.184254318
        -0.298178531         0.412844310        -0.255301760         0.569886778
         0.053225914        -0.183761688         0.052762145         0.068744937
         0.023460133         0.077751767        -0.018433387        -0.018548061
         0.006444189         0.002649184        -0.034160625        -0.047616609
          39           0.591027810    0    0
         0.000000000         0.000000000         0.000000000         0.000000000
         0.000000000         0.000000000         0.000000000         0.000000000
         0.000000000         0.000000000         0.000000000         0.000000000
         0.000000000         0.000000000         0.000000000         0.000000000
         0.000000000         0.000000000         0.000000000         0.000000000
         0.000000000         0.024414484         0.098500642        -0.195013228
        -0.082289848         0.011274913         0.081494640        -0.039735341
        -0.044721731         0.069106723        -0.274231133        -0.064205390
         0.019434193        -0.262484427        -0.139550400        -0.006698019
         0.015997413        -0.014040055         0.152540679        -0.359247237
        -0.097995824         0.368368023         0.049457651        -0.066330652
        -0.030505506        -0.154587605         0.172556560         0.053490403
        -0.009469274         0.021111057        -0.119089515         0.060831523
         0.007727188        -0.191352796        -0.149002199        -0.135085978
         0.367532348        -0.289486839         0.065592365        -0.064558779
        -0.050150729        -0.208943525        -0.023644566        -0.022043737
         0.000825499         0.011068950        -0.020504831         0.169144467
          40           0.561609650    0    0
         0.000000000         0.000000000         0.000000000         0.000000000
         0.000000000         0.000000000         0.000000000         0.000000000
         0.000000000         0.000000000         0.000000000         0.000000000
         0.000000000         0.000000000         0.000000000         0.000000000
         0.000000000         0.000000000         0.000000000         0.000000000
         0.000000000         0.000722634        -0.155027579         0.107198850
        -0.100742732         0.002762836        -0.021333921        -0.078014644
         0.002605589         0.011567556        -0.263533015        -0.058921269
        -0.132399158        -0.655688641         0.006296694         0.082725767
         0.136249073        -0.003943884         0.033177676        -0.022995321
         0.024140857        -0.050031442        -0.039287929        -0.061189788
         0.072515149         0.033636307        -0.129902310        -0.039551252
         0.051947520         0.029133725         0.112853431        -0.057806820
         0.009639465         0.305731366         0.065512414         0.222601705
        -0.254816285         0.127136468        -0.055107773        -0.047901708
        -0.147630222        -0.244916999         0.027576916         0.070433290
        -0.104611164         0.003444000         0.111271588         0.051635237
          41           0.488070016    0    0
         0.000000000         0.000000000         0.000000000         0.000000000
         0.000000000         0.000000000         0.000000000         0.000000000
         0.000000000         0.000000000         0.000000000         0.000000000
         0.000000000         0.000000000         0.000000000         0.000000000
         0.000000000         0.000000000         0.000000000         0.000000000
         0.000000000        -0.060965554         0.067221438         0.546035813
         0.402214068         0.154137941         0.048311838        -0.174664466
         0.064754847        -0.035479088         0.255524853        -0.048055239
        -0.021934658        -0.078426565        -0.123917284         0.074372168
         0.074135013         0.081597916         0.272327883        -0.162238804
         0.028181882         0.145468753         0.166025684         0.110013449
         0.071640330        -0.069701392         0.056766339         0.084140572
        -0.030274316        -0.016442112        -0.041665290        -0.063832755
         0.134489331        -0.004868557         0.165930316        -0.012281955
         0.011254947        -0.122806900        -0.113988513        -0.009938015
        -0.156070472         0.217484544        -0.027475865         0.037855329
        -0.071018860        -0.005446947         0.127493456         0.061971863
          42           0.477340296    0    0
         0.000000000         0.000000000         0.000000000         0.000000000
         0.000000000         0.000000000         0.000000000         0.000000000
         0.000000000         0.000000000         0.000000000         0.000000000
         0.000000000         0.000000000         0.000000000         0.000000000
         0.000000000         0.000000000         0.000000000         0.000000000
         0.000000000        -0.219731441        -0.261465209         0.274590195
         0.125372484        -0.154133627        -0.188437631        -0.093288918
        -0.033958898        -0.044841341         0.039562855         0.171364183
        -0.064211333        -0.260830227         0.292498245         0.064077217
         0.079103517        -0.022001865        -0.302351898         0.162984165
        -0.105550333        -0.093300947        -0.174322542        -0.043779685
        -0.093970344         0.038406231         0.055301815        -0.008179178
         0.006145160        -0.004771820        -0.270892839        -0.040607938
        -0.099514788        -0.277588628        -0.186594001        -0.152037381
         0.270511951        -0.089548157         0.028781539         0.064581524
         0.002271601         0.000974684         0.006931164         0.078205439
        -0.117620288        -0.005569156         0.027165990        -0.105356166
          43           0.405138564    0    0
         0.000000000         0.000000000         0.000000000         0.000000000
         0.000000000         0.000000000         0.000000000         0.000000000
         0.000000000         0.000000000         0.000000000         0.000000000
         0.000000000         0.000000000         0.000000000         0.000000000
         0.000000000         0.000000000         0.000000000         0.000000000
         0.000000000        -0.095315428         0.258009692         0.102723936
         0.071797931        -0.092998960         0.201332732        -0.050267063
        -0.180961214         0.040746519        -0.056145862         0.104978488
         0.002193401        -0.026125277        -0.321459373         0.030941053
        -0.003002326         0.032857181         0.124392004        -0.083382661
        -0.058391369        -0.031404290        -0.119171267        -0.335956510
        -0.103286940         0.125594103        -0.095530498        -0.191648948
        -0.119521279        -0.128862286        -0.151719105        -0.084347593
        -0.324020946        -0.298583714        -0.049951494        -0.087785617
        -0.262902928         0.323011053         0.130998910         0.014765531
        -0.094207300         0.019599897        -0.089068930        -0.002883339
        -0.001387477         0.019502401        -0.015334139        -0.045527056
          44           0.320425675    0    0
         0.000000000         0.000000000         0.000000000         0.000000000
         0.000000000         0.000000000         0.000000000         0.000000000
         0.000000000         0.000000000         0.000000000         0.000000000
         0.000000000         0.000000000         0.000000000         0.000000000
         0.000000000         0.000000000         0.000000000         0.000000000
         0.000000000        -0.114044149         0.198123116         0.011639478
         0.010498209         0.007544249         0.047280976         0.049195175
        -0.019916435        -0.030473446        -0.090569331         0.302614770
        -0.090143545        -0.041422902        -0.324386158         0.117895659
        -0.079920706         0.013745621         0.208664562         0.173048512
         0.220527021        -0.248554295        -0.102469856         0.212878178
        -0.095247545         0.264865705        -0.043865048         0.313653081
         0.140775916         0.202062747         0.067555944         0.005869931
         0.067610969         0.079158622        -0.241083817         0.095854046
         0.300257979         0.004607025         0.034270137         0.163124714
        -0.065560600        -0.044072110        -0.091211646         0.096262163
         0.035448178         0.015137322        -0.001525109         0.014993107
          45           0.298814249    0    0
         0.000000000         0.000000000         0.000000000         0.000000000
         0.000000000         0.000000000         0.000000000         0.000000000
         0.000000000         0.000000000         0.000000000         0.000000000
         0.000000000         0.000000000         0.000000000         0.000000000
         0.000000000         0.000000000         0.000000000         0.000000000
         0.000000000        -0.220176047         0.052715946         0.002788427
        -0.096965964        -0.112232772        -0.239004373         0.169842886
         0.056634468        -0.130664242        -0.054037523         0.483010246
        -0.194748100         0.033913945        -0.320547864         0.196570528
        -0.145625526        -0.011126188        -0.229457848        -0.035540912
        -0.126413157         0.141272675         0.113186331         0.010522859
         0.097847238        -0.235497368         0.023329654        -0.189321008
         0.008480417        -0.098993689         0.036767472         0.055679122
         0.123288700         0.076367368         0.212241066        -0.043801838
        -0.115443807        -0.133934886        -0.059633891        -0.086425233
         0.018213187         0.018292175        -0.089640701         0.202784214
         0.052185514         0.011580294        -0.020798130        -0.023457547
          46           0.202216705    0    0
         0.000000000         0.000000000         0.000000000         0.000000000
         0.000000000         0.000000000         0.000000000         0.000000000
         0.000000000         0.000000000         0.000000000         0.000000000
         0.000000000         0.000000000         0.000000000         0.000000000
         0.000000000         0.000000000         0.000000000         0.000000000
         0.000000000        -0.102335849        -0.157422566         0.019791974
         0.036575225        -0.025079223        -0.236463782         0.039402786
         0.125400832        -0.040582942         0.049054969         0.102462172
        -0.042312589         0.039841697         0.078767687         0.044600188
        -0.036923384        -0.008810586        -0.018837803        -0.188479132
         0.208217569         0.145271023         0.126690701        -0.166225650
        -0.147746152         0.034744241         0.346046523         0.349509353
        -0.277722102         0.068967273         0.267003474         0.136757199
        -0.256072217        -0.020880972        -0.174937981         0.109047699
        -0.094359773         0.283960199         0.014112443        -0.157189735
         0.089624184         0.046855348         0.009355706         0.068098610
        -0.000197478        -0.006958892         0.054938953         0.199555023
          47           0.166300750    0    0
         0.000000000         0.000000000         0.000000000         0.000000000
         0.000000000         0.000000000         0.000000000         0.000000000
         0.000000000         0.000000000         0.000000000         0.000000000
         0.000000000         0.000000000         0.000000000         0.000000000
         0.000000000         0.000000000         0.000000000         0.000000000
         0.000000000         0.016228648        -0.046801829        -0.022495430
         0.026306441         0.119674691        -0.098892372         0.040130031
         0.154912990        -0.025265547         0.032635764        -0.016483088
        -0.024217388         0.055734986        -0.058040682         0.026958008
        -0.038177973        -0.135479017         0.166568504        -0.056724716
        -0.375695650        -0.027938330        -0.497873426        -0.159320636
         0.434619512         0.195306972        -0.051576894         0.058724851
        -0.208551019         0.140063660         0.092166188         0.157307945
         0.113231734         0.040851534        -0.080414485        -0.215192056
         0.032104078         0.036766015        -0.120412774        -0.104670192
         0.045732300         0.028187311         0.012775463         0.034312348
         0.032176352        -0.005650125         0.202500479        -0.003046292
          48           0.094102745    0    0
         0.000000000         0.000000000         0.000000000         0.000000000
         0.000000000         0.000000000         0.000000000         0.000000000
         0.000000000         0.000000000         0.000000000         0.000000000
         0.000000000         0.000000000         0.000000000         0.000000000
         0.000000000         0.000000000         0.000000000         0.000000000
         0.000000000         0.191033488         0.002871000         0.002453024
        -0.077949679         0.177342589        -0.201601999         0.082763896
         0.278750013        -0.041831542         0.054717620        -0.115722980
        -0.074593812         0.043576101        -0.149310280         0.050753070
        -0.037017243        -0.060483582        -0.113095932        -0.072450230
         0.128954610        -0.066925485        -0.035288843        -0.102460719
        -0.219847029         0.068482804        -0.299316010        -0.060322418
         0.121954422         0.101703748        -0.301858735        -0.221887392
        -0.062598426        -0.103095095        -0.085372394         0.071206365
         0.075190485        -0.004800578        -0.340657796        -0.402161881
        -0.067538658         0.069357881         0.042109717         0.062108677
         0.049718160        -0.010250769        -0.067403207         0.223772564
          49           0.053452902    0    0
         0.000000000         0.000000000         0.000000000         0.000000000
         0.000000000         0.000000000         0.000000000         0.000000000
         0.000000000         0.000000000         0.000000000         0.000000000
         0.000000000         0.000000000         0.000000000         0.000000000
         0.000000000         0.000000000         0.000000000         0.000000000
         0.000000000         0.013231908        -0.156037791        -0.177465629
        -0.089892112         0.257609638        -0.035215448         0.102755532
         0.249684004         0.005214841        -0.061133767         0.115490223
        -0.051004904         0.015975787         0.042261587         0.032273045
        -0.061166209         0.146499777         0.242632959         0.016067989
        -0.015264477         0.022247513         0.107022352         0.030570381
        -0.022087324        -0.010376625         0.108901193         0.022188904
        -0.046731263        -0.176878181        -0.162639900        -0.360536208
        -0.135552868        -0.129758491         0.047200700        -0.004482380
        -0.046688754         0.022786099        -0.197631702         0.381175880
         0.133689922        -0.122769426         0.032475148         0.054930349
         0.056339542        -0.005836290         0.413897836        -0.190417903
$end
