$coord
     1.009688320    -0.403683761     0.000000000     C 
     0.045338627     2.063044281     0.000000000     C 
    -0.716080200    -2.407775410     0.000000000     C 
    -2.536882458     2.497359435     0.000000000     C 
    -3.305630613    -1.976869633     0.000000000     C 
    -4.228174334     0.480050648     0.000000000     C 
     3.725278231    -0.973774269     0.000000000     C 
     5.641326966     0.660585580     0.000000000     C 
     1.323993245     3.656946314     0.000000000     H 
    -0.009208327    -4.328218594     0.000000000     H 
    -3.239754766     4.417407855     0.000000000     H 
    -4.599552466    -3.559700004     0.000000000     H 
    -6.242536052     0.826337416     0.000000000     H 
     4.172147512    -2.975856920     0.000000000     H 
     7.575143428     0.003648501     0.000000000     H 
     5.371034424     2.687115988     0.000000000     H 
$end
