$coord
    0.00000000000000      0.00000000000000     -1.54727150754042      sn
    1.90740522533777      3.30372276090738     -0.07361098379010      c
    1.90740522533777     -3.30372276090738     -0.07361098379010      c
   -3.81481045067554      0.00000000000000     -0.07361098379010      c
    1.86172239079644      3.22459777044804      1.98975759183090      h
    3.86892768247924      3.34492011049698     -0.70019471943106      h
    0.96232194808021      5.02304971368037     -0.70019471943106      h
   -4.83124963055946      1.67812960318339     -0.70019471943106      h
   -4.83124963055946     -1.67812960318339     -0.70019471943106      h
   -3.72344478159288      0.00000000000000      1.98975759183090      h
    0.96232194808021     -5.02304971368037     -0.70019471943106      h
    3.86892768247924     -3.34492011049698     -0.70019471943106      h
    1.86172239079644     -3.22459777044804      1.98975759183090      h
$user-defined bonds
$redundant
     number_of_atoms            13
     degrees_of_freedom          7
     internal_coordinates        7
     frozen_coordinates          0
# definitions of redundant internals
   1 k  1.7320508075689 stre   2    5           val=   2.06539
   2 k -0.7579901741711 bend   7    6    2      val=   1.84957
       -0.6666567748756 bend   5    6    2
       -0.6666567748756 bend   5    7    2
        0.7126610625443 bend   1    6    2
        0.7126610625443 bend   1    7    2
        0.7216763850588 bend   1    5    2
   3 k  2.4494897427832 stre   2    6           val=   2.05958
   4 k  1.7320508075689 stre   1    2           val=   4.08955
   5 k -1.3064899213681 bend   7    6    2      val=   1.26191
        0.7111557129659 bend   5    6    2
        0.7111557129657 bend   5    7    2
       -0.2375398361217 bend   1    6    2
       -0.2375398361217 bend   1    7    2
        0.4107905082964 bend   1    5    2
   6 k  0.4276176113763 bend   7    6    2      val=  -0.36797
       -0.2206027101153 bend   5    6    2
       -0.2206027101153 bend   5    7    2
       -0.6649336230252 bend   1    6    2
       -0.6649336230252 bend   1    7    2
        1.3548205124523 bend   1    5    2
   7 k  0.5773502691896 bend   3    2    1      val= 107.77167
        0.5773502691896 bend   4    2    1
        0.5773502691896 bend   4    3    1
         7 non zero eigenvalues  of BmBt
           1           3.132505594    1    0
         1
           2           3.064122516    2    0
         2
           3           0.965938292    3    0
         3
           4           0.765378268    4    0
         4
           5           0.713340383    5    0
         5
           6           0.249084729    6    0
         6
           7           0.039556908    7    0
         7
$end
