$coord
    0.79688050270268      3.58724633106935      0.75263634475343       c
    2.03631785819198      3.58900566609907      2.41196895724379       h
    2.25211513393686      3.63866199969291     -1.51775622034070       o
   -0.79688050270268      1.20284091919984      0.72889760507212       c
   -2.02295560470635      1.22613935269219      2.39366884937292       h
   -2.01444049875156      1.22451985739630     -0.93172002118860       h
    0.79688050270268     -1.20284091919984      0.72889760507212       c
    2.02295560470635     -1.22613935269219      2.39366884937292       h
    2.01444049875156     -1.22451985739630     -0.93172002118860       h
    3.27197009223711      5.13915557180970     -1.48988087015450       h
   -0.42912845888634      5.24824757173505      0.86881103822484       h
   -0.79688050270268     -3.58724633106935      0.75263634475343       c
    0.42912845888634     -5.24824757173505      0.86881103822484       h
   -2.03631785819198     -3.58900566609907      2.41196895724379       h
   -2.25211513393686     -3.63866199969291     -1.51775622034070       o
   -3.27197009223711     -5.13915557180970     -1.48988087015450       h
$end
