$coord
    5.40139776573077      0.40718514623077     -0.93637340115385      c
    2.80158644773077      1.41211875123077     -0.10593898415385      c
    0.62567846373077     -0.25589513676923     -1.05547149215385      c
   -1.99255390426923      0.20376181223077      0.11718474284615      c
   -3.29056133326923     -2.34046510576923     -0.33645720915385      c
   -5.32373453426923     -2.87934314876923      1.32489350584615      o
   -1.14652168826923     -4.22619243576923      0.09084007284615      c
    6.14253318173077     -1.70546803976923      0.56217552984615      o
   -3.42544430526923      2.16406339923077     -1.01766374415385      o
    2.75707962073077      1.73205503023077      2.56208388384615      o
    1.15589589173077     -2.88089083376923     -0.48739151315385      o
   -3.22972916426923      4.56750006223077      0.18291508284615      c
    6.83600781773077      1.85987987623077     -0.61854605615385      h
    5.38020637873077     -0.06415030976923     -2.95950837715385      h
    2.52958873673077      3.28944436023077     -0.94692941015385      h
    0.48743933773077     -0.02372340176923     -3.12060562815385      h
   -1.79671593026923      0.52198789023077      2.15778078784615      h
   -3.94091809126923     -2.38846036576923     -2.31009270215385      h
   -6.68525754326923     -1.71993578176923      0.95037627084615      h
   -1.26902884426923     -5.89466174776923     -1.12370571815385      h
   -1.11940412026923     -4.82650924976923      2.07343286784615      h
    4.87096490873077     -3.00641966176923      0.30085477084615      h
    3.84952643673077      0.43224291323077      3.25988599284615      h
   -3.78711518326923      4.45373288823077      2.17890036484615      h
   -1.30894174726923      5.34032996223077      0.07487566784615      h
   -4.52197859826923      5.82781312723077     -0.81751530515385      h
$redundant
     number_of_atoms            26
     degrees_of_freedom         72
     internal_coordinates       72
     frozen_coordinates          0
# definitions of redundant internals
   1 k  1.0000000000000 stre    1   13           val=   2.06626
   2 k  1.0000000000000 stre    1   14           val=   2.07742
   3 k  0.0039077014756 bend   14   13    1      val=   0.54539
        0.4731880769378 bend    8   13    1
        0.5335728894724 bend    8   14    1
       -0.4933610715301 bend    2   13    1
       -0.4979684713230 bend    2   14    1
   4 k  0.0460571685832 bend   14   13    1      val=   1.79166
        0.5383772110815 bend    8   13    1
       -0.5003909127842 bend    8   14    1
        0.4683026186381 bend    2   13    1
       -0.4881908516041 bend    2   14    1
   5 k  0.8981713130062 bend   14   13    1      val=   1.06915
       -0.2486965742328 bend    8   13    1
       -0.1907498447963 bend    8   14    1
       -0.2254608005780 bend    2   13    1
       -0.2102860684173 bend    2   14    1
   6 k -0.0146212856286 bend   14   13    1      val=   2.00579
       -0.4858769433339 bend    8   13    1
        0.4698847776189 bend    8   14    1
        0.5438438782430 bend    2   13    1
       -0.4971437878549 bend    2   14    1
   7 k  1.0000000000000 stre    2   15           val=   2.07499
   8 k  0.7563151028255 bend   10   15    2      val=   1.31438
       -0.6479747974884 bend    3   15    2
       -0.0900895502149 bend    1   15    2
   9 k -0.3191589542191 bend   10   15    2      val=   1.30502
       -0.4856660640295 bend    3   15    2
        0.8137972942889 bend    1   15    2
  10 k  1.0000000000000 stre    3   16           val=   2.08274
  11 k  0.2714602433846 bend   11   16    3      val=   5.06132
       -0.7740389034253 bend    2   16    3
        0.5719904826530 bend    4   16    3
  12 k  0.8047163646380 bend   11   16    3      val=   6.24131
       -0.1434725857534 bend    2   16    3
       -0.5760617932315 bend    4   16    3
  13 k  1.0000000000000 stre    4   17           val=   2.07452
  14 k -0.7729665671178 bend    9   17    4      val=   6.00510
        0.3300202143192 bend    5   17    4
        0.5418573098694 bend    3   17    4
  15 k -0.0954498012357 bend    9   17    4      val=   5.27733
        0.7838516648875 bend    5   17    4
       -0.6135681729826 bend    3   17    4
  16 k  1.0000000000000 stre    5   18           val=   2.07858
  17 k -0.7809331268582 bend    6   18    5      val=   5.65397
        0.3714969506071 bend    7   18    5
        0.5021289347021 bend    4   18    5
  18 k -0.0601759722948 bend    6   18    5      val=   4.56044
        0.7554151128536 bend    7   18    5
       -0.6524774782556 bend    4   18    5
  19 k  1.0000000000000 tors   19    6    5    4 val= 125.58563
        1.0000000000000 tors   19    6    5    7
  20 k  1.0000000000000 stre    6   19           val=   1.82708
  21 k  1.0000000000000 bend    5   19    6      val= 108.09726
  22 k  1.0000000000000 stre    7   20           val=   2.06735
  23 k  1.0000000000000 stre    7   21           val=   2.07166
  24 k  0.0492284819555 bend   21   20    7      val=   1.29417
        0.4861573360330 bend   11   20    7
        0.5106278628226 bend   11   21    7
       -0.5279929872718 bend    5   20    7
       -0.4708611178326 bend    5   21    7
  25 k  0.0278964621245 bend   21   20    7      val=   0.45538
       -0.5247472136136 bend   11   20    7
        0.4786860020242 bend   11   21    7
       -0.4778769919246 bend    5   20    7
        0.5160963488156 bend    5   21    7
  26 k -0.8836091154520 bend   21   20    7      val=   3.33182
        0.2475202226370 bend   11   20    7
        0.2602911733490 bend   11   21    7
        0.1892494523867 bend    5   20    7
        0.2332419780482 bend    5   21    7
  27 k -0.0103824011732 bend   21   20    7      val=   1.81114
       -0.4832558746714 bend   11   20    7
        0.5127834872500 bend   11   21    7
        0.4994230583217 bend    5   20    7
       -0.5039699091829 bend    5   21    7
  28 k  1.0000000000000 tors   22    8    1    2 val=  60.87056
  29 k  1.0000000000000 stre    8   22           val=   1.83784
  30 k  1.0000000000000 bend    1   22    8      val= 106.59895
  31 k  1.0000000000000 tors   23   10    2    1 val=  30.75270
        1.0000000000000 tors   23   10    2    3
  32 k  1.0000000000000 stre   10   23           val=   1.83572
  33 k  1.0000000000000 bend    2   23   10      val= 106.45252
  34 k  1.0000000000000 tors   26   12    9    4 val=  63.67782
        1.0000000000000 tors   25   12    9    4
        1.0000000000000 tors   24   12    9    4
  35 k  1.0000000000000 stre   12   26           val=   2.06377
  36 k  1.0000000000000 stre   12   25           val=   2.07325
  37 k  1.0000000000000 stre   12   24           val=   2.07547
  38 k  0.3950861722914 bend   25   26   12      val=   0.38000
        0.3885667071685 bend   24   26   12
        0.4487117773534 bend   24   25   12
       -0.4126082427147 bend    9   26   12
       -0.4014907804855 bend    9   25   12
       -0.4001751649438 bend    9   24   12
  39 k  0.3942008574266 bend   25   26   12      val=   1.83437
        0.3488567211884 bend   24   26   12
       -0.6614048701781 bend   24   25   12
        0.4270286065639 bend    9   26   12
       -0.2132988955985 bend    9   25   12
       -0.2399967085253 bend    9   24   12
  40 k -0.6149762999354 bend   25   26   12      val=   0.44300
        0.6500315139220 bend   24   26   12
       -0.0235744380379 bend   24   25   12
        0.0123604361753 bend    9   26   12
       -0.3220541651352 bend    9   25   12
        0.3079541550848 bend    9   24   12
  41 k  0.2481615561743 bend   25   26   12      val=   2.07642
        0.2032058205301 bend   24   26   12
       -0.4270479804049 bend   24   25   12
       -0.6941852681696 bend    9   26   12
        0.3013119954064 bend    9   25   12
        0.3769232731638 bend    9   24   12
  42 k -0.3000067844962 bend   25   26   12      val=   0.61542
        0.3289736873882 bend   24   26   12
       -0.0232047134000 bend   24   25   12
       -0.0451529561068 bend    9   26   12
        0.6526095374781 bend    9   25   12
       -0.6109793660067 bend    9   24   12
  43 k  1.0000000000000 stre    5    6           val=   2.68035
  44 k -0.6521100240461 bend    7    6    5      val=  10.92113
        0.7581243410804 bend    4    6    5
  45 k  0.7581243410804 bend    7    6    5      val= 112.18099
        0.6521100240461 bend    4    6    5
  46 k  1.0000000000000 tors    8    1    2    3 val= -76.76229
  47 k  1.0000000000000 stre    1    8           val=   2.69411
  48 k  1.0000000000000 bend    2    8    1      val= 110.98022
  49 k  1.0000000000000 stre    2   10           val=   2.68751
  50 k  0.7225400058939 bend    3   10    2      val=   3.72755
       -0.6913291111207 bend    1   10    2
  51 k  0.6913291111207 bend    3   10    2      val= 111.08701
        0.7225400058939 bend    1   10    2
  52 k  1.0000000000000 tors   12    9    4    3 val= 207.81706
        1.0000000000000 tors   12    9    4    5
  53 k  1.0000000000000 stre    9   12           val=   2.69373
  54 k  1.0000000000000 bend    4   12    9      val= 115.15134
  55 k  1.0000000000000 tors    1    2    3    4 val= 107.92698
        1.0000000000000 tors    1    2    3   11
  56 k  1.0000000000000 stre    2    1           val=   2.90836
  57 k  1.0000000000000 bend    3    1    2      val= 112.22775
  58 k  1.0000000000000 stre    4    9           val=   2.68027
  59 k -0.6431539520778 bend    5    9    4      val=  12.56219
        0.7657368960203 bend    3    9    4
  60 k  0.7657368960203 bend    5    9    4      val= 112.23296
        0.6431539520778 bend    3    9    4
  61 k  1.0000000000000 stre    3    2           val=   2.90146
  62 k -0.7035131698758 bend   11    2    3      val=   4.15521
        0.7106822213981 bend    4    2    3
  63 k  0.7106822213981 bend   11    2    3      val= 113.32271
        0.7035131698758 bend    4    2    3
  64 k  1.0000000000000 stre    3   11           val=   2.73760
  65 k  1.0000000000000 stre   11    7           val=   2.72861
  66 k  1.0000000000000 stre    7    5           val=   2.88712
  67 k  1.0000000000000 stre    5    4           val=   2.89201
  68 k  1.0000000000000 stre    4    3           val=   2.90543
  69 k -0.8090169943749 bend    3    7   11      val=  -1.03188
        0.3090169943749 bend   11    5    7
        0.3090169943750 bend    7    4    5
       -0.8090169943750 bend    5    3    4
        1.0000000000000 bend    4   11    3
  70 k  0.5877852522925 bend    3    7   11      val=   0.71839
       -0.9510565162952 bend   11    5    7
        0.9510565162952 bend    7    4    5
       -0.5877852522925 bend    5    3    4
  71 k -0.8090169943749 tors    7    5    4    3 val= -20.23149
        0.3090169943749 tors    5    4    3   11
        0.3090169943750 tors    4    3   11    7
       -0.8090169943750 tors    3   11    7    5
        1.0000000000000 tors   11    7    5    4
  72 k  0.5877852522925 tors    7    5    4    3 val=  23.48976
       -0.9510565162952 tors    5    4    3   11
        0.9510565162952 tors    4    3   11    7
       -0.5877852522925 tors    3   11    7    5
        72 non zero eigenvalues  of BmBt
           1           5.370808621    1    0
         1
           2           5.045626230    2    0
         2
           3           4.788530799    3    0
         3
           4           4.590797397    4    0
         4
           5           4.183353157    5    0
         5
           6           3.942569717    6    0
         6
           7           3.779261899    7    0
         7
           8           3.701697601    8    0
         8
           9           3.577275412    9    0
         9
          10           3.395939151   10    0
        10
          11           3.270101847   11    0
        11
          12           3.222229106   12    0
        12
          13           2.999722009   13    0
        13
          14           2.972047148   14    0
        14
          15           2.714169748   15    0
        15
          16           2.629737054   16    0
        16
          17           2.553141558   17    0
        17
          18           2.406558685   18    0
        18
          19           2.366808526   19    0
        19
          20           2.175605286   20    0
        20
          21           2.098598104   21    0
        21
          22           1.985602623   22    0
        22
          23           1.920021700   23    0
        23
          24           1.750583258   24    0
        24
          25           1.495746004   25    0
        25
          26           1.432548847   26    0
        26
          27           1.314374254   27    0
        27
          28           1.199446110   28    0
        28
          29           1.157457845   29    0
        29
          30           1.124481147   30    0
        30
          31           1.037422256   31    0
        31
          32           0.998204514   32    0
        32
          33           0.936698611   33    0
        33
          34           0.896757905   34    0
        34
          35           0.822957312   35    0
        35
          36           0.789283241   36    0
        36
          37           0.757295218   37    0
        37
          38           0.746522490   38    0
        38
          39           0.698911780   39    0
        39
          40           0.696759675   40    0
        40
          41           0.685929402   41    0
        41
          42           0.588387518   42    0
        42
          43           0.489486856   43    0
        43
          44           0.472333962   44    0
        44
          45           0.452029456   45    0
        45
          46           0.399728165   46    0
        46
          47           0.368774385   47    0
        47
          48           0.338433505   48    0
        48
          49           0.317442120   49    0
        49
          50           0.310788572   50    0
        50
          51           0.292980367   51    0
        51
          52           0.283033098   52    0
        52
          53           0.274157712   53    0
        53
          54           0.270744578   54    0
        54
          55           0.261263753   55    0
        55
          56           0.208060576   56    0
        56
          57           0.196761375   57    0
        57
          58           0.164614730   58    0
        58
          59           0.150331475   59    0
        59
          60           0.133287678   60    0
        60
          61           0.123465392   61    0
        61
          62           0.102589244   62    0
        62
          63           0.074783539   63    0
        63
          64           0.061050948   64    0
        64
          65           0.051540572   65    0
        65
          66           0.048584771   66    0
        66
          67           0.026966977   67    0
        67
          68           0.023127132   68    0
        68
          69           0.018959768   69    0
        69
          70           0.015418106   70    0
        70
          71           0.009632728   71    0
        71
          72           0.005385004   72    0
        72
$user-defined bonds
$end
