$coord
   -2.47927223941937     -0.20226678497337     -0.19165160046924       c
    0.13447128181197      1.78420202486967      0.77913498754727       s
    2.72189535808277     -0.31357646935045     -0.01286492830026       c
   -4.20952607879264      0.84796935176117      0.17313125749177       h
   -2.37369979204159     -0.64405687784134     -2.20266066740777       h
   -2.51745885260652     -1.95179655095425      0.89372452472532       h
    4.46691030854839      0.68149432763315      0.43089374411143       h
    2.71363635608434     -0.78446026256552     -2.01994799635876       h
    2.63719508927341     -2.04422808329015      1.09955294877584       h
$end
