$coord
       -3.56004953091960        6.13471585693217        0.05534496646827      C
       -0.97746693380847        5.78932820003965       -0.03268273529790      C
        0.34683371359595        3.44526929842937        0.22495907665923      C
        2.88474558774252        3.31047087329604       -0.19338198880431      C
        4.51846734768438        1.23129746120074        0.03482624562649      N
       -5.41846297098178        4.19743798930764        0.07365257193741      C
       -7.98398421565835        4.65680886240891        0.14808535711942      C
      -10.08488521418671        2.96863528666928       -0.00538952576982      C
      -10.22189660269270        0.35603381091710       -0.11936111582241      C
       -8.20233299790156       -1.36903480900572        0.13132070097891      C
       -8.27945023674591       -3.94319518639932       -0.25688715882173      C
       -6.09915929706607       -5.53836305758729       -0.16590818571587      C
       -3.65751203609473       -4.63997528125283       -0.20470223021407      C
       -1.40329878270413       -6.03060205821123        0.18474197249644      C
        0.97484965174694       -4.95913446061829        0.28788967212210      C
        1.54771080909973       -2.37190486638943       -0.24377552430534      C
        3.80512898149225       -1.30820100548439        0.36687230361921      C
        7.15122238650454        1.85054240761324       -0.05266590449361      C
        7.95955171414099        3.99284473144390       -0.13505591437888      O
        8.58928069984749       -0.25529923289382       -0.06298642339813      O
       11.31983428844635        0.17467523735600       -0.08117330968297      C
       12.57518418507211       -2.40324623125938       -0.03806729555985      C
       -4.25115777409447        8.07851345678161        0.01548983732640      H
        0.18721141027579        7.46833652795735       -0.31446253424557      H
       -0.71877743443474        1.80773771737565        0.84242107583888      H
        3.88466782970602        5.01554439026465       -0.73696812120512      H
       -4.72459053940098        2.27763823915847       -0.12325031138490      H
       -8.51676353325430        6.64969651306877        0.26511337815460      H
      -11.90269055876349        3.93317471455808       -0.12920510870552      H
      -12.09272361144340       -0.44762530710710       -0.46023856513115      H
       -6.41255639887462       -0.59304576812166        0.75264216617783      H
      -10.09808083069481       -4.82531335760446       -0.67288205644010      H
       -6.40244221328122       -7.57648952596362       -0.05837581230889      H
       -3.42882595855559       -2.61507768734805       -0.48792615692294      H
       -1.57208345614433       -8.04873082181015        0.57229617663295      H
        2.54331743534148       -6.15404121158163        0.89272785052398      H
        0.12825947470652       -1.24653637857662       -1.19808526702688      H
        5.26464864489566       -2.46240153998978        1.22202419811499      H
       11.81305984936072        1.32050858256218        1.57380898181557      H
       11.79125363583307        1.25349651772544       -1.78658602848023      H
       12.06923302138036       -3.44719714917563        1.67924034304569      H
       14.63392603905148       -2.15472982157860       -0.07208011455194      H
       12.02080442177771       -3.52256191710739       -1.69135948598999      H
$end
