$coord
        1.11226811981015       -0.34829022873845        2.99467697524931      C
       -2.70575071298185        0.39203568257657        0.05902962839189      B
       -1.67212147447563       -0.25733294261485        3.20596020928315      B
        0.96175764793058        2.37163677024037       -2.71929022289959      H
        1.34195252438576       -3.41541089620697       -2.44405531765901      Si
        6.46179227612364        2.96948122446421       -0.28421526119262      F
        3.97795770734758       -2.10437813202892       -2.45007590661560      H
        0.10303801907592       -1.34209338428340        0.47773368299374      B
       -0.09333056042480       -1.17539208076901       -4.22254331763940      H
       -2.83116129967151        1.93429756935910        1.89498088881455      H
       -4.75406228128582       -0.45342556282377       -0.69214106681207      H
       -0.46445005936450        0.58205511412942       -2.45480806761418      B
       -3.81083864563331        2.30229031632066       -3.01117465244617      Si
        3.75187610627301        1.01556798375283       -0.13684110066951      Mg
        2.50443413007552       -1.00891850335955        4.35200185857142      H
       -3.88336149718475       -1.46212293001823        5.43076167024403      Cl
$end
