$coord
        1.26739044297345        0.99551687317763       -2.00678893756722      C
       -0.88605420058855       -0.94806428333553       -1.44306745850215      C
       -0.88605420058855       -0.94806428333553        1.44306745850215      C
        1.26739044297345        0.99551687317763        2.00678893756722      C
        3.70315360778461       -0.29802363097370       -1.25501756047721      C
        3.70315360778461       -0.29802363097370        1.25501756047721      C
        0.89467241728741        2.73813313926008        0.00000000000000      O
       -3.43898297229389        0.10714289757996       -2.14773436234508      C
       -3.43898297229389        0.10714289757996        2.14773436234508      C
       -4.78285246185826        0.68559967175901        0.00000000000000      O
       -4.28606150224468        0.45066801111067        4.19442926653706      O
       -4.28606150224468        0.45066801111067       -4.19442926653706      O
        1.15577470726661        1.91577434174872       -3.83947517612842      H
       -0.59827553801719       -2.75880746473211       -2.37610027670675      H
       -0.59827553801719       -2.75880746473211        2.37610027670675      H
        1.15577470726661        1.91577434174872        3.83947517612842      H
        5.02714547740509       -1.17607315008521       -2.53835387206603      H
        5.02714547740509       -1.17607315008521        2.53835387206603      H
$end
