$coord
    4.76637279563317     -1.88126284774541      2.23303897565023      h
    3.46416215180821     -0.61242099734471      1.26479216616079      c
   -3.41321269131141      0.89723061151377      0.00000000000000      c
    1.70660675059713      0.89723061151377      2.95592934432948      c
   -0.44931814909524     -1.88126284774541      5.24432030368059      h
    1.17500774288504      2.67142883545038      2.03517136589405      h
    2.71014042607429      1.41870824321610      4.69410181915293      h
   -0.63673934985553     -0.61242099734471      3.63244771041284      c
   -2.82742388179650     -0.61242099734471      2.36765554425205      c
   -0.44931814909524     -1.88126284774541     -5.24432030368059      h
   -0.63673934985553     -0.61242099734471     -3.63244771041284      c
   -5.42028193199240      1.41870824321610      0.00000000000000      h
    1.70660675059713      0.89723061151377     -2.95592934432948      c
    4.76637279563317     -1.88126284774541     -2.23303897565023      h
    1.17500774288504      2.67142883545038     -2.03517136589405      h
    2.71014042607429      1.41870824321610     -4.69410181915293      h
    3.46416215180821     -0.61242099734471     -1.26479216616079      c
   -4.31705383665508     -1.88126284774541      3.01128132803036      h
   -2.35001467588723      2.67142883545038      0.00000000000000      h
   -2.82742388179650     -0.61242099734471     -2.36765554425205      c
   -4.31705383665508     -1.88126284774541     -3.01128132803036      h
$user-defined bonds
$redundant
     number_of_atoms            21
     degrees_of_freedom         30
     internal_coordinates       30
     frozen_coordinates          0
# definitions of redundant internals
   1 k  0.3420201433257 tors   20    3    9    8 val=   0.00000
       -0.6427876096865 tors    3    9    8    4
        0.8660254037844 tors    9    8    4    2
       -0.9848077530122 tors    8    4    2   17
        0.9848077530122 tors    4    2   17   13
       -0.8660254037844 tors    2   17   13   11
        0.6427876096865 tors   17   13   11   20
       -0.3420201433256 tors   13   11   20    3
   2 k  1.0000000000000 outp   18    3    8    9 val=   3.17308
   3 k  1.0000000000000 outp    5    4    9    8 val=  -3.17305
   4 k  1.0000000000000 stre    3   19           val=   2.06837
   5 k  1.0000000000000 stre    3   12           val=   2.07371
   6 k  1.0000000000000 stre    8    5           val=   2.05991
   7 k  1.0000000000000 stre    2   17           val=   2.52958
   8 k  1.0000000000000 stre   17   13           val=   2.86845
   9 k  1.0000000000000 stre   13   11           val=   2.86845
  10 k  1.0000000000000 stre    2    1           val=   2.05991
  11 k  1.0000000000000 stre    4    6           val=   2.06837
  12 k  1.0000000000000 stre    4    7           val=   2.07371
  13 k  1.0000000000000 stre    9   18           val=   2.05991
  14 k  1.0000000000000 stre   11   20           val=   2.52958
  15 k  1.0000000000000 stre    3    9           val=   2.86845
  16 k  0.0000000978358 bend    7    6    4      val=   0.00000
        0.5065068026626 bend    2    6    4
        0.4934073955477 bend    2    7    4
       -0.5065070082401 bend    8    6    4
       -0.4934071862863 bend    8    7    4
  17 k  0.7072321244150 bend    8   18    9      val=   1.16554
       -0.7069814157355 bend    3   18    9
  18 k  0.7072321248893 bend    9    5    8      val=   1.16563
       -0.7069814152611 bend    4    5    8
  19 k  0.7072321269672 bend   17    1    2      val=   1.16561
       -0.7069814131825 bend    4    1    2
  20 k  1.0000000000000 outp    1    4   17    2 val=   3.17308
  21 k  0.9009836162548 bend    7    6    4      val=   0.46946
       -0.2019419066161 bend    2    6    4
       -0.2309410256124 bend    2    7    4
       -0.2019416580821 bend    8    6    4
       -0.2309411158992 bend    8    7    4
  22 k  0.9009835201659 bend   12   19    3      val=   0.46945
       -0.2019397361416 bend    9   19    3
       -0.2309430474420 bend    9   12    3
       -0.2019397361416 bend   20   19    3
       -0.2309430474420 bend   20   12    3
  23 k  0.0302397530769 bend   12   19    3      val=   0.65531
       -0.5017820160784 bend    9   19    3
        0.4977525359124 bend    9   12    3
       -0.5017820160784 bend   20   19    3
        0.4977525359124 bend   20   12    3
  24 k  0.0302358321256 bend    7    6    4      val=   0.65526
       -0.5017816255804 bend    2    6    4
        0.4977530624384 bend    2    7    4
       -0.5017814025887 bend    8    6    4
        0.4977532596929 bend    8    7    4
  25 k  0.3420201433257 bend    2   13   17      val=   0.00001
       -0.6427876096865 bend   17   11   13
        0.8660254037844 bend   13   20   11
       -0.9848077530122 bend   11    3   20
        0.9848077530122 bend   20    9    3
       -0.8660254037844 bend    3    8    9
        0.6427876096865 bend    9    4    8
       -0.3420201433256 bend    8    2    4
  26 k -0.5000000000000 tors   20    3    9    8 val= 111.24031
       -0.5000000000000 tors    3    9    8    4
        1.0000000000000 tors    9    8    4    2
       -0.5000000000000 tors    8    4    2   17
       -0.5000000000000 tors    4    2   17   13
        1.0000000000000 tors    2   17   13   11
       -0.5000000000000 tors   17   13   11   20
       -0.5000000000000 tors   13   11   20    3
        1.0000000000000 tors   11   20    3    9
  27 k  0.9848077530122 tors   20    3    9    8 val=   0.00001
        0.3420201433257 tors    3    9    8    4
       -0.8660254037844 tors    9    8    4    2
       -0.6427876096865 tors    8    4    2   17
        0.6427876096865 tors    4    2   17   13
        0.8660254037844 tors    2   17   13   11
       -0.3420201433257 tors   17   13   11   20
       -0.9848077530122 tors   13   11   20    3
  28 k  0.1736481776669 bend    2   13   17      val=  -0.00001
       -0.9396926207859 bend   17   11   13
       -0.5000000000000 bend   13   20   11
        0.7660444431190 bend   11    3   20
        0.7660444431190 bend   20    9    3
       -0.5000000000000 bend    3    8    9
       -0.9396926207859 bend    9    4    8
        0.1736481776669 bend    8    2    4
        1.0000000000000 bend    4   17    2
  29 k -0.0000001298258 bend    7    6    4      val=   0.00002
       -0.4934072285134 bend    2    6    4
        0.5065069621425 bend    2    7    4
        0.4934073533206 bend    8    6    4
       -0.5065068487602 bend    8    7    4
  30 k -0.5000000000000 bend    2   13   17      val=   3.71631
       -0.5000000000000 bend   17   11   13
        1.0000000000000 bend   13   20   11
       -0.5000000000000 bend   11    3   20
       -0.5000000000000 bend   20    9    3
        1.0000000000000 bend    3    8    9
       -0.5000000000000 bend    9    4    8
       -0.5000000000000 bend    8    2    4
        1.0000000000000 bend    4   17    2
        30 non zero eigenvalues  of BmBt
           1           7.945004518    1    0
         1
           2           4.455654444    2    0
         2
           3           4.283660931    3    0
         3
           4           3.759733998    4    0
         4
           5           3.505903005    5    0
         5
           6           3.444330977    6    0
         6
           7           2.743017348    7    0
         7
           8           2.593229714    8    0
         8
           9           2.472555419    9    0
         9
          10           1.978729394   10    0
        10
          11           1.719071757   11    0
        11
          12           1.690217492   12    0
        12
          13           1.141601995   13    0
        13
          14           0.892853261   14    0
        14
          15           0.761702154   15    0
        15
          16           0.756489792   16    0
        16
          17           0.619132440   17    0
        17
          18           0.542383780   18    0
        18
          19           0.435917449   19    0
        19
          20           0.366713022   20    0
        20
          21           0.365317614   21    0
        21
          22           0.286298974   22    0
        22
          23           0.264456796   23    0
        23
          24           0.250703936   24    0
        24
          25           0.153955176   25    0
        25
          26           0.126633317   26    0
        26
          27           0.060057701   27    0
        27
          28           0.041678061   28    0
        28
          29           0.038628070   29    0
        29
          30           0.029235031   30    0
        30
$end
