$coord
   -3.78817579216293      1.29654880525296      0.00000000000000      n
   -0.18294999988646      3.97575506136605      0.00000000000000      n
    2.27423005453391     -2.15639427179307      0.00000000000000      n
    3.73239272363396      1.65171367831079      0.00000000000000      n
   -3.71170741475968     -3.01956352519066      0.00000000000000      n
    4.35115383800267     -0.77300551545592      0.00000000000000      c
    1.13111462491256      1.87550741674186      0.00000000000000      c
   -2.46336563883554     -0.83376526397479      0.00000000000000      c
   -2.64872735880291      3.52547531390465      0.00000000000000      c
    0.19365797105549     -0.56599559036509      0.00000000000000      c
    4.95845379723578      3.12245209332799      0.00000000000000      h
   -5.61635091344987     -2.95937335849991      0.00000000000000      h
   -2.88590830106330     -4.72657956071242      0.00000000000000      h
   -3.87839635956353      5.16287664888654      0.00000000000000      h
    6.25257292344955     -1.50947263370227      0.00000000000000      h
    2.28200584570029     -4.06617929809673      0.00000000000000      h
$user-defined bonds
$end
