$coord
    -1.169368112    -0.012961631     0.942689810     C 
    -3.172139401     1.986786097    -0.013976413     C 
    -3.113387820    -1.969995881     0.106765739     C 
    -4.794695931    -0.269601538    -0.687453969     C 
    -3.903726031     3.235707894     1.455502863     H 
     1.314740953    -0.028712497    -0.380673962     C 
     1.228818892    -0.078952752    -2.434150379     H 
     3.555593150    -0.000731324     0.751534578     C 
     3.615748798     0.040026286     2.804442187     H 
    -3.076532494    -4.013369823     0.153744327     H 
    -6.660397835    -0.417669128    -1.508466213     H 
    -2.520045984     3.135091323    -1.597147274     H 
     6.052584478    -0.019804328    -0.573743487     C 
     5.818041136    -0.060747132    -2.619872649     H 
     7.168804046     1.649487015    -0.088082018     H 
     7.178435979    -1.662204871    -0.023048988     H 
    -0.889121748     0.062767249     2.986230048     H 
$end
