$coord
       -2.19618879509167       -1.09707669792500       -1.90350161127500      C
       -1.55396667389166       -3.07334019962499       -1.96955703047499      H
       -1.55154045919166       -0.16490155322499       -3.64657277197499      H
       -4.27270176959167       -1.10908713052501       -1.92676360457499      H
       -1.19270781509167        0.25829964477501        0.44852026132500      C
       -1.90913435729168        2.21277155107501        0.49902010742500      H
       -1.91140348289168       -0.67660233542501        2.16459075452500      H
        1.69491234970832        0.30282812987501        0.53012767222501      C
        2.45015823660834        1.29004485347501       -1.13396187917499      H
        2.44845399740834       -1.63288008642500        0.54944578532500      H
        2.74114759160832        1.95719610187501        3.40330519422500      S
        5.25297117770833        1.73274772207500        2.98534712242499      H
$end
