$coord
        1.50074479300000        2.34371376200001        3.47955246600000      C
        0.08012438200001       -0.00119052700001        2.57059426499999      C
        0.03796459500000       -0.08295897100001       -0.29538307000001      N
        1.84911577900000       -0.08379045000000       -1.01344115100000      H
       -0.87475416100000       -1.66467852199999       -0.97387028900000      H
       -0.86842357900001        1.48523014199999       -1.01432932300000      H
       -1.88056081900000       -0.02968759500000        3.23715731300000      H
        1.00835778900000       -1.74433047299999        3.19378810199999      H
        1.56112153800000        2.36036224800000        5.55042758999999      H
        3.44706807599999        2.35970084400001        2.76858085700000      H
        0.56264701600001        4.08479390600001        2.85174769800001      H
        4.15416574799999       -0.06016887600000       -3.28084777800000      O
        2.26812472299999        0.01494773300001       -5.39819126400001      S
        4.31301611400000        0.04794234800000       -8.34597483700001      C
        0.73980882800000       -2.30801683800001       -5.56203050800001      O
        0.81314909399999        2.38989866600001       -5.45167051000000      O
        2.83763144499999        0.04353928700000      -10.43990461800000      F
        5.79265266800001        2.14017137600000       -8.39510771300000      F
        5.82353079000001       -2.02132650800000       -8.40482090399999      F
$end
