$coord
       -2.37248490200000       -0.33772170800000        0.00000000000000      C
        0.19857099100000        0.85353133400000        0.00000000000000      C
        2.36848869700001       -0.43458117299999        0.00000000000000      C
        2.38434422700000       -2.48295428900001        0.00000000000000      H
        4.17608407999999        0.52073742400000        0.00000000000000      H
        0.26363700099999        2.90487508800000        0.00000000000000      H
       -2.23354335099999       -2.39361821699999        0.00000000000000      H
       -3.45462091100001        0.24148607200000        1.65956303400000      H
       -3.45462091100001        0.24148607200000       -1.65956303400000      H
$end
