$coord
       -1.08519600556350        1.60030729247695        0.00000000000000      C
        0.17450579580831        0.52473355282757        2.36267963093304      C
        0.15073384661761       -2.35843605252043        2.37336757842982      C
        1.40790999130132       -3.40660514147369        0.00000000000000      C
        0.15073384661761       -2.35843605252043       -2.37336757842982      C
        0.17450579580831        0.52473355282757       -2.36267963093304      C
       -1.01619256178589        4.47527067231252        0.00000000000000      C
       -3.06291370286656        0.98361262278634        0.00000000000000      H
        2.13358411376735        1.19219045959364        2.42201206944492      H
       -0.75770810500665        1.26161338080021        4.05056972675728      H
       -1.80674278986048       -3.01891944800743        2.44992704568367      H
        1.09026939158015       -3.07636013084623        4.06243231176530      H
        3.40476189005103       -2.87076758209592        0.00000000000000      H
        1.33999591060884       -5.46716799393388        0.00000000000000      H
       -1.80674278986048       -3.01891944800743       -2.44992704568367      H
        1.09026939158015       -3.07636013084623       -4.06243231176530      H
       -0.75770810500665        1.26161338080021       -4.05056972675728      H
        2.13358411376735        1.19219045959364       -2.42201206944492      H
        0.93570208649640        5.14152383336038        0.00000000000000      H
       -1.94667605702713        5.24709138643634       -1.66810653325857      H
       -1.94667605702713        5.24709138643634        1.66810653325857      H
$end
