$coord
   -2.22637136991187      4.36908395486987     -1.29852815745255      h
   -0.48663839708594      2.11007907628228     -0.44472946941807      al
    3.48991900928581      2.13635079229624     -4.17945359423805      si
   -2.40814744890156     -1.53992030174177      2.09852927949292      b
   -1.03522209743987     -1.55615078641226     -0.59213216398502      n
    4.39074711311996     -1.21150596575544     -0.84146848613511      si
   -1.48951943225482      1.17017446776897      2.85529570348086      o
    0.56904157592924      1.56767306473634     -4.25285587859865      h
    3.04789595517692      2.08437814410898     -0.52660000278769      n
    4.20585560142972      3.25519365139247      0.46690930759499      h
    1.32485014871011     -4.57960701190276     -0.12978800788505      h
   -2.59898303167945      2.09807601538605      3.96960354015314      h
   -4.67331985051452     -1.56880823508050      1.83141388500645      h
    1.43423854110560     -2.73663316703527     -0.66292450547673      n
   -1.43735738597892     -3.32107079967094      3.72935359838024      f
   -2.10698893099043     -2.27731289924221     -2.02262504813162      h
$user-defined bonds
$end
