$coord
   -0.36672169506093      1.50685388558021     -2.35751818164509      o
    0.49599995283837     -0.72940085161996     -1.09691853453788      c
   -0.60692585401999     -0.67000404788513      1.54456720079140      c
    0.25245160900643      1.45260797727402      2.94534883184705      o
    0.59013357537770      1.74352454464171     -3.88558870356989      h
   -0.09125285749332      2.92550970435308      1.92409219519886      h
   -0.14426842195462     -2.43529673731233     -2.08822581701428      h
    2.56397261791807     -0.75425679673916     -0.98285486253359      h
   -0.01543185232330     -2.35173313373309      2.58242748754436      h
   -2.67795707428840     -0.68780454455935      1.41467038391909      h
$redundant
     number_of_atoms            10
     degrees_of_freedom         24
     internal_coordinates       24
     frozen_coordinates          0
# definitions of redundant internals
   1 k  1.0000000000000 tors    5    1    2    3 val= 166.82917
   2 k  1.0000000000000 stre    1    5           val=   1.81840
   3 k  1.0000000000000 bend    2    5    1      val= 109.32964
   4 k  1.0000000000000 tors    6    4    3    2 val=  53.05515
   5 k  1.0000000000000 stre    4    6           val=   1.82498
   6 k  1.0000000000000 bend    3    6    4      val= 106.61065
   7 k  1.0000000000000 stre    2    8           val=   2.07127
   8 k  1.0000000000000 stre    2    7           val=   2.07430
   9 k  0.0558539916661 bend    7    8    2      val=   0.53050
       -0.5067259030365 bend    1    8    2
       -0.5088544956685 bend    1    7    2
        0.4893408447336 bend    3    8    2
        0.4916521440208 bend    3    7    2
  10 k  0.0012565415533 bend    7    8    2      val=   0.13753
        0.5312566726947 bend    1    8    2
       -0.5292073918975 bend    1    7    2
        0.4687563394345 bend    3    8    2
       -0.4668745007191 bend    3    7    2
  11 k -0.8864961874595 bend    7    8    2      val=   2.55103
        0.2008785370596 bend    1    8    2
        0.2007108434761 bend    1    7    2
        0.2584841729011 bend    3    8    2
        0.2582119529366 bend    3    7    2
  12 k  0.0002383614201 bend    7    8    2      val=   0.00263
       -0.4689021836535 bend    1    8    2
        0.4667290917815 bend    1    7    2
        0.5313580003378 bend    3    8    2
       -0.5291061478669 bend    3    7    2
  13 k  1.0000000000000 stre    3    9           val=   2.06282
  14 k  1.0000000000000 stre    3   10           val=   2.07518
  15 k -0.0110169546635 bend   10    9    3      val=   0.15161
        0.4810375475355 bend    4    9    3
        0.5266342823037 bend    4   10    3
       -0.5023573885800 bend    2    9    3
       -0.4886459775876 bend    2   10    3
  16 k  0.0154519536582 bend   10    9    3      val=   1.01219
        0.5429422360303 bend    4    9    3
       -0.5021599967278 bend    4   10    3
        0.4656515497720 bend    2    9    3
       -0.4857766331802 bend    2   10    3
  17 k  0.9015566877794 bend   10    9    3      val=   1.84001
       -0.2250082409688 bend    4    9    3
       -0.1938718052566 bend    4   10    3
       -0.2156292149385 bend    2    9    3
       -0.2290951658327 bend    2   10    3
  18 k -0.0164052673423 bend   10    9    3      val=   1.99147
       -0.4750238836814 bend    4    9    3
        0.4760907180701 bend    4   10    3
        0.5383176086916 bend    2    9    3
       -0.5075775383877 bend    2   10    3
  19 k  1.0000000000000 tors    1    2    3    4 val= -62.01090
  20 k  1.0000000000000 stre    2    1           val=   2.70818
  21 k  1.0000000000000 bend    3    1    2      val= 106.83404
  22 k  1.0000000000000 stre    3    4           val=   2.68444
  23 k  1.0000000000000 bend    2    4    3      val= 111.99375
  24 k  1.0000000000000 stre    2    3           val=   2.86311
        24 non zero eigenvalues  of BmBt
           1           4.916853740    1    0
         1
           2           3.858380295    2    0
         2
           3           3.664525752    3    0
         3
           4           3.020618956    4    0
         4
           5           2.827643838    5    0
         5
           6           2.383062886    6    0
         6
           7           2.169009426    7    0
         7
           8           1.859700296    8    0
         8
           9           1.243358223    9    0
         9
          10           1.179942972   10    0
        10
          11           0.965270537   11    0
        11
          12           0.919570315   12    0
        12
          13           0.773075000   13    0
        13
          14           0.752391606   14    0
        14
          15           0.524169104   15    0
        15
          16           0.462151269   16    0
        16
          17           0.383134039   17    0
        17
          18           0.346594968   18    0
        18
          19           0.282234803   19    0
        19
          20           0.267174650   20    0
        20
          21           0.227762353   21    0
        21
          22           0.132122258   22    0
        22
          23           0.061805292   23    0
        23
          24           0.054360016   24    0
        24
$user-defined bonds
$end
