$coord
       -2.77807096374320       -1.05865259024731        0.41877537094430      N
       -0.34004930638133       -0.37069746208590       -0.57935619731323      C
        1.47302974645085       -2.47039729032925        0.18376910063556      C
        1.04314438742045       -3.83075172075316        2.01531283743590      O
        0.50471347475643        2.24531633410730        0.40663325309397      C
        2.72900131435766        3.31382854913464       -1.09203059484162      C
        1.02671579167647        2.17669503036052        3.23671339605154      C
        3.14870996361675        6.12428813141918       -0.61605914439887      C
       -2.78285164988460       -2.41682705991339        1.75559712509848      H
       -0.49061615658258       -0.25185896690550       -2.63567503795455      H
       -1.12522893090486        3.46167569178002        0.04377675023780      H
        2.37383967740937        3.03024964678957       -3.10978521867401      H
        4.44956317057066        2.27439340335522       -0.62034651770387      H
       -0.53626746222265        1.30277200515701        4.25039016370851      H
        2.73174813757251        1.09185901061480        3.64752749856965      H
        1.27937189088375        4.07475656372927        3.98688890390792      H
        1.44598617061962        7.19383419027889       -1.06020275293761      H
        4.67850760320344        6.85325441463731       -1.78321278114960      H
        3.63561486306015        6.49081007712197        1.34808775712812      H
        3.57675881883496       -2.66472103012853       -1.25682185540799      N
        3.73143703037380       -1.52082429601062       -2.76397699516425      H
        5.55441739433337       -4.48088032068637       -0.73219947864579      C
        5.70925347429810       -5.86729088135364       -2.24374409637783      H
        7.36681948535109       -3.53976333424210       -0.49103418482236      H
        5.05205800406541       -5.44241301187458        1.00796905004926      H
       -4.93941053845376       -0.11155519840656       -0.58317523060241      C
       -4.92841712763510        1.43065856308787       -2.31591878671498      O
       -7.35705117361481       -1.07757400675203        0.58252025671479      C
       -8.47280998789707       -1.98534889316707       -0.88530351493780      H
       -8.43368830344813        0.52784126795854        1.27922140814578      H
       -7.04030095678170       -2.40457452489694        2.11839961475330      H
$end
