$coord
        0.30557689411989        1.30605610544020       -1.47666457131326      C
        0.30557689411989        1.30605610544020        1.47666457131326      C
       -0.27954929309633       -1.18333805404284        2.80198681162451      C
       -2.97366356661715       -2.16182097360818        2.43507456451937      C
       -3.38390227491319       -3.64573935761823        0.00000000000000      C
       -2.97366356661715       -2.16182097360818       -2.43507456451937      C
       -0.27954929309633       -1.18333805404284       -2.80198681162451      C
        2.91848334841380        2.33676150933444       -2.23069142225741      C
        3.71961237829324        3.97466437019466        0.00000000000000      C
        2.91848334841380        2.33676150933444        2.23069142225741      C
       -1.11766709364367        2.66700253861932       -2.10503008110940      H
       -1.11766709364367        2.66700253861932        2.10503008110940      H
        0.05262884584045       -0.88402683575091        4.81923511998031      H
        1.07484632683802       -2.63119115004531        2.21357488970260      H
       -3.46330310439930       -3.38849047341717        4.02038446202655      H
       -4.28789477787443       -0.56655583642824        2.50864595989655      H
       -5.30140418594093       -4.40992332902743        0.00000000000000      H
       -2.10842820651644       -5.27352191405711        0.00000000000000      H
       -3.46330310439930       -3.38849047341717       -4.02038446202655      H
       -4.28789477787443       -0.56655583642824       -2.50864595989655      H
        1.07484632683802       -2.63119115004531       -2.21357488970260      H
        0.05262884584045       -0.88402683575091       -4.81923511998031      H
        4.24202224522954        0.75969525695143       -2.41969655472047      H
        2.87642165737336        3.33119733520298       -4.03364695371253      H
        2.65377976940482        5.74268278477886        0.00000000000000      H
        5.72453955530412        4.44125860121776        0.00000000000000      H
        2.87642165737336        3.33119733520298        4.03364695371253      H
        4.24202224522954        0.75969525695143        2.41969655472047      H
$end
