$coord
       -0.20614064411636       -0.00022997973496        3.49349780959892      C
        0.75695288076169       -0.00016005984839        1.15043894759912      C
       -0.75695250281635       -0.00014683176176       -1.15043932554445      C
        2.80185444924617       -0.00008069132854        0.89587386875765      H
       -2.80185407130081       -0.00021108246833       -0.89587424670299      H
        0.20613913233502       -0.00005990433523       -3.49349818754426      C
        2.23557139835200        0.00043331432394       -3.82214811050199      H
        0.99481844507772        0.00000056691801        5.15722450251338      H
       -2.23557102040667        0.00083582610327        3.82214962228333      H
       -0.99481806713238       -0.00038115786803       -5.15722488045874      H
$end
