$coord
        2.28242173212669        1.31775680144759        0.00000000000000      C
        4.05216748624623        2.33951998898572        0.00000000000000      H
        2.28242173212669       -1.31775680144759        0.00000000000000      C
        4.05216748624623       -2.33951998898572        0.00000000000000      H
        0.00000000000000       -2.63551360289518        0.00000000000000      C
        0.00000000000000       -4.67903997797143        0.00000000000000      H
       -2.28242173212669       -1.31775680144759        0.00000000000000      C
       -4.05216748624623       -2.33951998898572        0.00000000000000      H
       -2.28242173212669        1.31775680144759        0.00000000000000      C
       -4.05216748624623        2.33951998898572        0.00000000000000      H
        0.00000000000000        2.63551360289518        0.00000000000000      C
        0.00000000000000        4.67903997797143        0.00000000000000      H
$end
