$coord
   -7.45284203756364     -2.24056868802727     -3.85656570449091      c
   -9.18783537236364     -2.76745606362727     -4.74977206049091      h
   -5.47040898516364     -1.63936949082727     -2.83614243789091      c
   -3.27940374336364     -0.97677721802727     -1.70796004949091      c
   -1.28001511986364     -0.37352350942727     -0.67636029609091      c
    0.90700209503636      0.28142340917273      0.45764940880909      c
    2.89135782643636      0.87213904077273      1.49258036690909      c
    5.23672939693636      1.56825933157273      2.71753943300909      c
    6.39077892633636      2.78767312077273      1.48833069360909      h
    4.87858275983636      2.60420277927273      4.48636278880909      h
    6.36605425373636     -0.11600271162727      3.18433785730909      h
$redundant
     number_of_atoms            11
     degrees_of_freedom         27
     internal_coordinates       27
     frozen_coordinates          0
# definitions of redundant internals
   1 k  1.0000000000000 stre    2    1           val=   2.02129
   2 k  1.0000000000000 stre    1    3           val=   2.30927
   3 k  1.0000000000000 stre    3    4           val=   2.55193
   4 k  1.0000000000000 stre    4    5           val=   2.32931
   5 k  1.0000000000000 stre    5    6           val=   2.54911
   6 k  1.0000000000000 stre    6    7           val=   2.31467
   7 k  0.4338837391176 linc    2    8    1   10 val=   0.07559
        0.7818314824680 linc    1    8    3   10
        0.9749279121818 linc    3    8    4   10
        0.9749279121818 linc    4    8    5   10
        0.7818314824680 linc    5    8    6   10
        0.4338837391176 linc    6    8    7   10
   8 k  0.7818314824680 linc    2    8    1   10 val=   0.00524
        0.9749279121818 linc    1    8    3   10
        0.4338837391176 linc    3    8    4   10
       -0.4338837391176 linc    4    8    5   10
       -0.9749279121818 linc    5    8    6   10
       -0.7818314824680 linc    6    8    7   10
   9 k  0.9749279121818 linc    2    8    1   10 val=  -0.00872
        0.4338837391176 linc    1    8    3   10
       -0.7818314824680 linc    3    8    4   10
       -0.7818314824680 linc    4    8    5   10
        0.4338837391176 linc    5    8    6   10
        0.9749279121818 linc    6    8    7   10
  10 k  0.9749279121818 linc    2    8    1   10 val=   0.00913
       -0.4338837391176 linc    1    8    3   10
       -0.7818314824680 linc    3    8    4   10
        0.7818314824680 linc    4    8    5   10
        0.4338837391176 linc    5    8    6   10
       -0.9749279121818 linc    6    8    7   10
  11 k  0.7818314824680 linc    2    8    1   10 val=  -0.00306
       -0.9749279121818 linc    1    8    3   10
        0.4338837391176 linc    3    8    4   10
        0.4338837391176 linc    4    8    5   10
       -0.9749279121818 linc    5    8    6   10
        0.7818314824680 linc    6    8    7   10
  12 k  0.4338837391176 linc    2    8    1   10 val=   0.00551
       -0.7818314824680 linc    1    8    3   10
        0.9749279121818 linc    3    8    4   10
       -0.9749279121818 linc    4    8    5   10
        0.7818314824680 linc    5    8    6   10
       -0.4338837391176 linc    6    8    7   10
  13 k  0.4338837391176 linp    2    8    1   10 val=   0.22734
        0.7818314824680 linp    1    8    3   10
        0.9749279121818 linp    3    8    4   10
        0.9749279121818 linp    4    8    5   10
        0.7818314824680 linp    5    8    6   10
        0.4338837391176 linp    6    8    7   10
  14 k  0.7818314824680 linp    2    8    1   10 val=   0.04630
        0.9749279121818 linp    1    8    3   10
        0.4338837391176 linp    3    8    4   10
       -0.4338837391176 linp    4    8    5   10
       -0.9749279121818 linp    5    8    6   10
       -0.7818314824680 linp    6    8    7   10
  15 k  0.9749279121818 linp    2    8    1   10 val=   0.00907
        0.4338837391176 linp    1    8    3   10
       -0.7818314824680 linp    3    8    4   10
       -0.7818314824680 linp    4    8    5   10
        0.4338837391176 linp    5    8    6   10
        0.9749279121818 linp    6    8    7   10
  16 k  0.9749279121818 linp    2    8    1   10 val=   0.03335
       -0.4338837391176 linp    1    8    3   10
       -0.7818314824680 linp    3    8    4   10
        0.7818314824680 linp    4    8    5   10
        0.4338837391176 linp    5    8    6   10
       -0.9749279121818 linp    6    8    7   10
  17 k  0.7818314824680 linp    2    8    1   10 val=   0.00842
       -0.9749279121818 linp    1    8    3   10
        0.4338837391176 linp    3    8    4   10
        0.4338837391176 linp    4    8    5   10
       -0.9749279121818 linp    5    8    6   10
        0.7818314824680 linp    6    8    7   10
  18 k  0.4338837391176 linp    2    8    1   10 val=   0.00190
       -0.7818314824680 linp    1    8    3   10
        0.9749279121818 linp    3    8    4   10
       -0.9749279121818 linp    4    8    5   10
        0.7818314824680 linp    5    8    6   10
       -0.4338837391176 linp    6    8    7   10
  19 k  1.0000000000000 stre    8    7           val=   2.73603
  20 k  1.0000000000000 stre    8    9           val=   2.08081
  21 k  1.0000000000000 stre    8   11           val=   2.08087
  22 k  1.0000000000000 stre    8   10           val=   2.08091
  23 k -0.3965366782716 bend    9    7    8      val=   1.43439
       -0.3966673919639 bend   11    7    8
        0.4197489303385 bend   11    9    8
       -0.3966479421319 bend   10    7    8
        0.4197258912385 bend   10    9    8
        0.4191957354795 bend   10   11    8
  24 k -0.4716616677818 bend    9    7    8      val=   0.01074
        0.2392778121550 bend   11    7    8
       -0.3279553157134 bend   11    9    8
        0.2320743924392 bend   10    7    8
       -0.3380944232764 bend   10    9    8
        0.6667535886474 bend   10   11    8
  25 k -0.0041325154716 bend    9    7    8      val=   0.00091
       -0.4060792031724 bend   11    7    8
       -0.5803165133755 bend   11    9    8
        0.4102142787349 bend   10    7    8
        0.5744606341329 bend   10    9    8
        0.0058798574933 bend   10   11    8
  26 k -0.6652156732595 bend    9    7    8      val=  -0.00267
        0.3681282903620 bend   11    7    8
        0.2102275149387 bend   11    9    8
        0.2973077832997 bend   10    7    8
        0.2603256134045 bend   10    9    8
       -0.4707576009398 bend   10   11    8
  27 k  0.0408838934613 bend    9    7    8      val=   0.00093
        0.5558636395884 bend   11    7    8
       -0.4218364725897 bend   11    9    8
       -0.5967844062175 bend   10    7    8
        0.3929500748918 bend   10    9    8
        0.0289261641123 bend   10   11    8
        27 non zero eigenvalues  of BmBt
           1           3.956322245    1    0
         1
           2           3.665035776    2    0
         2
           3           3.331026556    3    0
         3
           4           3.329803284    4    0
         4
           5           3.127306441    5    0
         5
           6           2.425136293    6    0
         6
           7           1.667071007    7    0
         7
           8           1.115847047    8    0
         8
           9           1.112862616    9    0
         9
          10           1.000001993   10    0
        10
          11           0.841735901   11    0
        11
          12           0.828140871   12    0
        12
          13           0.819317940   13    0
        13
          14           0.729471681   14    0
        14
          15           0.714104975   15    0
        15
          16           0.681366609   16    0
        16
          17           0.681095774   17    0
        17
          18           0.504488592   18    0
        18
          19           0.495884568   19    0
        19
          20           0.397692851   20    0
        20
          21           0.327478644   21    0
        21
          22           0.321171591   22    0
        22
          23           0.169199096   23    0
        23
          24           0.166756454   24    0
        24
          25           0.089165375   25    0
        25
          26           0.067446400   26    0
        26
          27           0.065810733   27    0
        27
$user-defined bonds
$end
