$coord
   -0.24620648234201     -1.69331336761231     -0.82752015945012      c
    4.52583545689861     -0.97585115608949      4.75049668273442      cl
    3.80663917558727     -0.07541859006097     -1.92163821706463      n
    1.12020949831801     -1.26331518615184     -5.24003632715075      o
    2.77077621768203     -0.77378752543158      1.23718420801436      al
   -0.33818709415505      3.09675653380296      1.19932140232875      c
   -4.65734076459232     -0.06781273039264      2.17987129847942      s
    1.62834965303657      3.16036172454468      1.94505131031944      h
   -1.42844657913855      4.15289573473359      2.60527449747832      h
   -1.16286573775269     -3.51628664831911     -1.09208270016905      h
   -6.01542230621291     -2.70707429207954      1.28689921067607      n
   -0.24308537312679      4.20564492524565     -0.55046241271179      h
    1.58833470074036     -0.99850958870202     -3.00531439491895      c
   -1.59912313311372      0.38726161224598      0.61695287723810      b
   -4.91313413399993     -3.53495260753947     -0.09300711000276      h
    5.16366690217116      0.60340116180604     -3.09099016580079      h
$user-defined bonds
$end
