$coord
        1.56050409245382        1.06867475681731        2.54257499271174      C
        3.26344297649799        0.13553029535685        0.85707954078774      C
        5.63005177074897        1.53951608732604        0.32835954953930      C
        6.87533617226006        2.92224043284991        2.23547360852504      C
        9.06631824143452        4.29257650848189        1.70745685139303      C
       10.07675709347840        4.30035615945717       -0.73720715411023      C
        8.87616863082043        2.91778824092746       -2.64559239430493      C
        6.68605947664125        1.54559797723354       -2.11815986279885      C
        6.13214857498213        2.87427274174587        4.15171307240782      H
       10.00480933861949        5.33324398689759        3.21372424190978      H
       11.79179895602937        5.35923708070391       -1.14606469462113      H
        9.64621609625084        2.91147738579163       -4.55323544352512      H
        5.75658263509034        0.48271838912208       -3.61097151137250      H
        2.84865475619897       -2.23620363486037       -0.59204503624268      C
        0.58566372684196       -2.68915193654780       -1.95456533702381      C
        0.22561012539387       -4.99793175994297       -3.22341291774851      C
        2.09895596646607       -6.84375713876141       -3.18572529402537      C
        4.35679934751540       -6.40435755188096       -1.86902249166035      C
        4.71817411093285       -4.12101202423613       -0.60162143971451      C
       -1.18715157943639       -0.69846444277255       -2.08353621822993      N
       -1.52701546701485       -5.27544494077092       -4.25733205755581      H
        1.81776331923587       -8.61445565145166       -4.19395985545490      H
        5.83396300948322       -7.83509094233948       -1.84249208780966      H
        6.46515914172640       -3.77492365691646        0.42487268068879      H
       -3.46324001701864       -1.38015136207191       -2.22533045969581      N
       -5.23102325598421        0.63563853438393       -2.37288999092767      C
       -7.78144970625779       -0.09299794469882       -2.28982360883543      C
       -9.68535141968775        1.73328352149504       -2.34624262678098      C
       -9.05014781822855        4.29529534301728       -2.49446387338587      C
       -6.50086862245138        5.02647542582053       -2.58964277293925      C
       -4.59208573251307        3.21753009888952       -2.52730404685299      C
       -8.22054654761987       -2.09656493850586       -2.15634399046437      H
      -11.65950724351233        1.16207781062937       -2.27138827783562      H
      -10.53022080863510        5.72299232715552       -2.54190688665015      H
       -6.01389219698452        7.02190330048743       -2.71082465604074      H
       -2.60991687308218        3.74890559548771       -2.58336374564291      H
        1.93340354046054        2.95718913063328        3.28111374650697      H
       -0.77789631545143       -0.09197253105558        3.46695793344756      C
       -2.85100076127060        1.48310944865963        4.02943946188668      C
       -5.15011260023003        0.47080462235418        4.82915592113382      C
       -5.41317786439460       -2.14230366258035        5.12590755625872      C
       -3.34965848794862       -3.72618925918010        4.63671304125302      C
       -1.05592773693818       -2.71635213681545        3.82550759300641      C
       -2.65881247904088        3.51597117590077        3.77508486841072      H
       -6.74105267439304        1.71930681607806        5.20355754798927      H
       -7.20568995231621       -2.93920214222064        5.74367300713895      H
       -3.53028554148676       -5.75913794947823        4.89279001413589      H
        0.53569060233414       -3.95804758661598        3.45331350311892      H
$end
