$coord
    1.15277099132417     -0.74817186524149      0.00000000000000      c
    3.48231024421871      0.22349283895287      0.00000000000000      c
   -1.15277099132417      0.74817186524149      0.00000000000000      c
   -3.48231024421871     -0.22349283895287      0.00000000000000      c
    0.91347850843438     -2.78941277442820      0.00000000000000      h
    3.79901544555770      2.24894337503529      0.00000000000000      h
    5.14347091177906     -0.97062213425382      0.00000000000000      h
   -0.91347850843438      2.78941277442820      0.00000000000000      h
   -3.79901544555770     -2.24894337503529      0.00000000000000      h
   -5.14347091177906      0.97062213425382      0.00000000000000      h
$redundant
     number_of_atoms            10
     degrees_of_freedom          9
     internal_coordinates        9
     frozen_coordinates          0
# definitions of redundant internals
   1 k  1.0000000000000 stre    1    2           val=   2.52406
   2 k  1.0000000000000 stre    1    3           val=   2.74856
   3 k  1.0000000000000 stre    2    6           val=   2.05006
   4 k  1.0000000000000 stre    1    5           val=   2.05522
   5 k  1.0000000000000 stre    2    7           val=   2.04582
   6 k -0.8164728677980 bend    6    7    2      val=   2.38295
        0.4136255073117 bend    1    7    2
        0.4028473604863 bend    1    6    2
   7 k  0.7071067811865 bend    2    5    1      val=   1.51466
       -0.7071067811865 bend    3    5    1
   8 k  0.0062227659710 bend    6    7    2      val=   0.03895
        0.7039748620283 bend    1    7    2
       -0.7101976279993 bend    1    6    2
   9 k  1.0000000000000 bend    3    2    1      val= 124.37430
         9 non zero eigenvalues  of BmBt
           1           4.451532593    1    0
         1
           2           4.077718013    2    0
         2
           3           2.623240820    3    0
         3
           4           2.507472570    4    0
         4
           5           0.900792433    5    0
         5
           6           0.661747763    6    0
         6
           7           0.384044029    7    0
         7
           8           0.319945403    8    0
         8
           9           0.106778243    9    0
         9
$user-defined bonds
$end
