$coord
    0.20326539155309     -2.36558724751024     -0.63495194135872       c
    0.47793409277708     -3.84054145930777     -2.03917530352805       h
   -0.33313585356539     -3.25534164144004      1.14130330495024       h
   -1.83160600596073     -0.70528740325999     -1.38595359647827       n
   -2.17271600989916     -0.44676549309125     -3.23516281685821       h
    2.76551620060111     -1.12292012885014     -0.20067734012286       c
    4.65007969705563     -2.43255796341582      0.08010638722000       o
   -3.59979564847825      0.11701496350567      0.31696113630858       c
   -3.39848140530655     -0.26991338518467      2.58331248954612       o
    2.75233642207676      1.43301426276031     -0.14733010096095       n
    1.06040060799106      2.28987489409000     -0.24027472166221       h
    4.99066360880505      2.86804088996451      0.48446158145191       c
    5.21782553359459      4.45152905211779     -0.80533747958686       h
    6.59743573908754      1.60540231477343      0.30535448885380       h
    4.91535326810565      3.57427854369579      2.41652350480412       h
   -5.80675306201883      1.52777577322431     -0.81424188277139       c
   -5.47197406324459      2.13935007356211     -2.74760782520766       h
   -7.45277386049152      0.29461140225852     -0.78334508077450       h
   -6.22137997227954      3.15696728844009      0.36256999378213       h
$end
