$coord
     2.744388585    -1.340331622    -0.161021662     O 
     1.065584361    -2.096511147    -0.082017887     H 
    -2.548987138    -1.684696390    -0.177707942     O 
    -2.307085204     0.139151863    -0.044822411     H 
    -0.193901004     3.037035331     0.208829840     O 
    -0.012625259     4.233812029    -1.145264657     H 
     3.741096212    -2.165110090     1.112974909     H 
    -3.772652747    -2.131556115     1.086949603     H 
     1.273679097     1.924158688     0.111363442     H 
$end
