$coord
   -0.00612448600853     -0.49107417373686      2.70428790885229      c
    0.00473388340001      0.49134558572891     -2.70450286526026      c
   -2.30643017197307      0.48168530302504      1.78846400673529      c
    2.30627734032915     -0.47909708614353     -1.78937627228209      c
    2.29921921124094      0.47895653772293      1.79852869094515      c
   -2.29917362158519     -0.48183718980562     -1.79837515065373      c
   -4.05959006896482     -0.35766136101969      2.46961409287092      h
    4.05810686974979      0.36479814998028     -2.46824356860820      h
   -2.45751381872072      2.51707776693873      1.53069206174584      h
    2.46102327735068     -2.51451789595717     -1.53424616516823      h
    2.45569802761291      2.51429608929004      1.54385778741052      h
   -2.45098292337163     -2.51727122770590     -1.54144224430288      h
    4.04805730335324     -0.36552073421323      2.48436340947962      h
   -4.04974459304793      0.35744522353256     -2.48622053835818      h
   -0.00879089033074     -2.41424333001132      3.44474328686886      h
    0.00523466096584      2.41561834237486     -3.44214444027486      h
$user-defined bonds
$redundant
     number_of_atoms            16
     degrees_of_freedom         42
     internal_coordinates       42
     frozen_coordinates          0
# definitions of redundant internals
   1 k  1.0000000000000 stre    3    9           val=   2.05721
   2 k  1.0000000000000 stre    3    7           val=   2.05962
   3 k  0.5702397458638 bend    7    9    3      val=   7.54450
       -0.4611917141489 bend    1    9    3
       -0.4976806517666 bend    1    7    3
        0.3143881800359 bend    6    9    3
        0.3400042296039 bend    6    7    3
   4 k  0.0080798140524 bend    7    9    3      val=   0.75252
        0.6816914220955 bend    1    9    3
       -0.6487106370785 bend    1    7    3
        0.2283196275739 bend    6    9    3
       -0.2495519558167 bend    6    7    3
   5 k -0.6511360958813 bend    7    9    3      val=  16.53204
       -0.0080474186541 bend    1    9    3
       -0.0337208374159 bend    1    7    3
        0.5366388729251 bend    6    9    3
        0.5355731965689 bend    6    7    3
   6 k  0.0115649159374 bend    7    9    3      val=  -1.22570
       -0.2506430603051 bend    1    9    3
        0.2265289558227 bend    1    7    3
        0.6769843911531 bend    6    9    3
       -0.6537744835562 bend    6    7    3
   7 k  1.0000000000000 stre    4   10           val=   2.05718
   8 k  1.0000000000000 stre    4    8           val=   2.05959
   9 k  0.5704265393136 bend    8   10    4      val=   7.56808
       -0.4614682650864 bend    2   10    4
       -0.4971056505189 bend    2    8    4
        0.3145355821385 bend    5   10    4
        0.3400205043169 bend    5    8    4
  10 k  0.0081458157580 bend    8   10    4      val=   0.75178
        0.6814782137662 bend    2   10    4
       -0.6491971198331 bend    2    8    4
        0.2281908659044 bend    5   10    4
       -0.2489841725209 bend    5    8    4
  11 k -0.6510224387006 bend    8   10    4      val=  16.53105
       -0.0081676596965 bend    2   10    4
       -0.0334847595305 bend    2    8    4
        0.5367681971260 bend    5   10    4
        0.5355947601281 bend    5    8    4
  12 k  0.0114838775866 bend    8   10    4      val=  -1.22476
       -0.2501798816442 bend    2   10    4
        0.2263213139964 bend    2    8    4
        0.6769110380965 bend    5   10    4
       -0.6541011058775 bend    5    8    4
  13 k  1.0000000000000 stre    5   11           val=   2.05717
  14 k  1.0000000000000 stre    5   13           val=   2.05960
  15 k  0.5705375382330 bend   13   11    5      val=   7.57031
       -0.4616014591482 bend    1   11    5
       -0.4969161507055 bend    1   13    5
        0.3144413322432 bend    4   11    5
        0.3400176438429 bend    4   13    5
  16 k  0.0082538126976 bend   13   11    5      val=   0.75580
        0.6813688489796 bend    1   11    5
       -0.6493400051288 bend    1   13    5
        0.2282299085071 bend    4   11    5
       -0.2488715186966 bend    4   13    5
  17 k -0.6508953780339 bend   13   11    5      val=  16.54412
       -0.0082019540448 bend    1   11    5
       -0.0334680038532 bend    1   13    5
        0.5368835444512 bend    4   11    5
        0.5356340982608 bend    4   13    5
  18 k  0.0115016521436 bend   13   11    5      val=  -1.23349
       -0.2501545712486 bend    1   11    5
        0.2262803688514 bend    1   13    5
        0.6768714759596 bend    4   11    5
       -0.6541655770416 bend    4   13    5
  19 k  1.0000000000000 stre    6   12           val=   2.05720
  20 k  1.0000000000000 stre    6   14           val=   2.05962
  21 k  0.5704092694968 bend   14   12    6      val=   7.54614
       -0.4611139360609 bend    2   12    6
       -0.4976943493232 bend    2   14    6
        0.3143644676490 bend    3   12    6
        0.3398271904574 bend    3   14    6
  22 k  0.0079425913923 bend   14   12    6      val=   0.74632
        0.6817155816750 bend    2   12    6
       -0.6486861184890 bend    2   14    6
        0.2283201103313 bend    3   12    6
       -0.2495536572393 bend    3   14    6
  23 k -0.6509400200139 bend   14   12    6      val=  16.55080
       -0.0081290117026 bend    2   12    6
       -0.0337002563826 bend    2   14    6
        0.5367208772744 bend    3   12    6
        0.5357294112987 bend    3   14    6
  24 k  0.0115166350305 bend   14   12    6      val=  -1.21641
       -0.2505968287399 bend    2   12    6
        0.2265770711997 bend    2   14    6
        0.6769759812939 bend    3   12    6
       -0.6537850932079 bend    3   14    6
  25 k  1.0000000000000 stre    1   15           val=   2.06079
  26 k -0.7071057369275 bend    5   15    1      val=   0.00219
        0.7071078254441 bend    3   15    1
  27 k  1.0000000000000 outp   15    3    5    1 val=  22.09818
  28 k  1.0000000000000 stre    2   16           val=   2.06081
  29 k  0.7071142756476 bend    6   16    2      val=   0.00698
       -0.7070992866461 bend    4   16    2
  30 k  1.0000000000000 outp   16    4    6    2 val= -22.16479
  31 k  1.0000000000000 stre    1    5           val=   2.66007
  32 k  1.0000000000000 stre    5    4           val=   3.71362
  33 k  1.0000000000000 stre    4    2           val=   2.66013
  34 k  1.0000000000000 stre    2    6           val=   2.66010
  35 k  1.0000000000000 stre    6    3           val=   3.71401
  36 k  1.0000000000000 stre    3    1           val=   2.66015
  37 k -0.5000000000000 bend    1    4    5      val=   8.12780
       -0.5000000000000 bend    5    2    4
        1.0000000000000 bend    4    6    2
       -0.5000000000000 bend    2    3    6
       -0.5000000000000 bend    6    1    3
        1.0000000000000 bend    3    5    1
  38 k  0.8660254037844 bend    1    4    5      val=  -0.00354
       -0.8660254037844 bend    5    2    4
        0.8660254037844 bend    2    3    6
       -0.8660254037844 bend    6    1    3
  39 k -1.0000000000000 bend    1    4    5      val=   0.00046
        1.0000000000000 bend    5    2    4
       -1.0000000000000 bend    4    6    2
        1.0000000000000 bend    2    3    6
       -1.0000000000000 bend    6    1    3
        1.0000000000000 bend    3    5    1
  40 k -0.5000000000000 tors    5    4    2    6 val=  -0.06253
       -0.5000000000000 tors    4    2    6    3
        1.0000000000000 tors    2    6    3    1
       -0.5000000000000 tors    6    3    1    5
       -0.5000000000000 tors    3    1    5    4
        1.0000000000000 tors    1    5    4    2
  41 k  0.8660254037844 tors    5    4    2    6 val=  -0.00927
       -0.8660254037844 tors    4    2    6    3
        0.8660254037844 tors    6    3    1    5
       -0.8660254037844 tors    3    1    5    4
  42 k -1.0000000000000 tors    5    4    2    6 val=  61.43939
        1.0000000000000 tors    4    2    6    3
       -1.0000000000000 tors    2    6    3    1
        1.0000000000000 tors    6    3    1    5
       -1.0000000000000 tors    3    1    5    4
        1.0000000000000 tors    1    5    4    2
        42 non zero eigenvalues  of BmBt
           1           5.936180888    1    0
         1
           2           4.406439251    2    0
         2
           3           4.356375171    3    0
         3
           4           4.326144022    4    0
         4
           5           3.953541229    5    0
         5
           6           3.744844178    6    0
         6
           7           3.481914226    7    0
         7
           8           3.171922133    8    0
         8
           9           3.021425470    9    0
         9
          10           2.950218751   10    0
        10
          11           2.837885910   11    0
        11
          12           2.304848361   12    0
        12
          13           2.186707169   13    0
        13
          14           1.895899738   14    0
        14
          15           1.727535745   15    0
        15
          16           1.507167394   16    0
        16
          17           1.247865301   17    0
        17
          18           0.989094565   18    0
        18
          19           0.856106153   19    0
        19
          20           0.836949303   20    0
        20
          21           0.780841325   21    0
        21
          22           0.740721779   22    0
        22
          23           0.675554006   23    0
        23
          24           0.622128652   24    0
        24
          25           0.514043172   25    0
        25
          26           0.419940768   26    0
        26
          27           0.368947292   27    0
        27
          28           0.363434897   28    0
        28
          29           0.357772683   29    0
        29
          30           0.326567842   30    0
        30
          31           0.303519646   31    0
        31
          32           0.285897783   32    0
        32
          33           0.277573615   33    0
        33
          34           0.246398677   34    0
        34
          35           0.225364577   35    0
        35
          36           0.217447477   36    0
        36
          37           0.116057400   37    0
        37
          38           0.094815213   38    0
        38
          39           0.094692049   39    0
        39
          40           0.088220476   40    0
        40
          41           0.074840422   41    0
        41
          42           0.053941968   42    0
        42
$end
