$coord
   -5.28870293044130     -1.61752570140778     -0.07153180526536      c
   -2.71658458860063     -1.92372673288291      1.20034905872671      c
   -0.53629382762031     -1.39053223081001     -0.65360214136823      c
    1.98627834487806     -0.56000220899834      0.49520102496329      c
    1.97376692941355      2.35215749935341      0.18002785314271      c
    0.41217991724895      3.55768775185549      1.95122051487651      o
    0.76591953945034      2.66460004210741     -2.38565830768320      c
   -5.43708881923999      0.97102222495895     -0.89840676587220      o
    3.88617426667104     -1.63932993484165     -0.96270812555837      o
   -2.59412264986244     -0.64707545951143      3.48382452219001      o
   -1.19964017484797      0.71977220692059     -2.40170627222897      o
    6.27705610122011     -1.77683548487654      0.21071566838264      c
   -5.49200477110947     -2.90881286334422     -1.67672590929402      h
   -6.78531099274104     -2.00552477509314      1.29329472767447      h
   -2.53631663286819     -3.93642463044122      1.65771873348100      h
   -0.26319260189209     -3.02550108478338     -1.88158051296286      h
    2.10982145646730     -1.10629115185274      2.49599903214024      h
    3.89861467975543      3.11341685452375      0.17755725383682      h
    1.36234497910714      4.14111609155355      3.38300632537364      h
   -0.13694082492147      4.49101293210671     -2.68477737948242      h
    2.04801591425181      2.23878378405809     -3.93671207059725      h
   -3.07717956019850      1.28199982606741     -2.04320942611750      h
   -2.44116636921731      1.15319716219055      3.25897662957058      h
    7.06701062190349      0.08955412689429      0.64115271336142      h
    6.19920325956999     -2.87655434388696      1.96365968081985      h
    7.54584974045031     -2.72072692133893     -1.10163907005169      h
   -7.02769100682678      1.36054302147893     -1.69444595205793      h
$user-defined bonds
$end
