$coord
        5.24822239137742       -0.90875544279486       -3.93067408278198      C
        6.34343532156644       -0.57106299724838       -1.63379552414650      C
        4.83902085791358       -0.35855365306114        0.57617477915399      C
        2.15749994955878       -0.44805427026732        0.39928198560417      C
        1.09298953907490       -1.44416512742205       -1.91567906025547      C
        2.62213821609235       -1.42388729813006       -4.11095849504125      C
        1.56015866246936       -2.00201697917429       -6.51989306388179      C
       -0.88442698091209       -2.72219702547314       -6.75253249383297      C
       -2.38959250883017       -3.13929703075166       -4.56079936391974      C
       -1.37310849929691       -2.62679543691313       -2.12171305717434      C
        6.02349290305925       -0.06342494453560        2.96527934853558      C
        4.61847093653965        0.15437940887937        5.10316904207557      C
        1.96091378504805        0.48136456870350        4.94201040647958      C
        0.74525175051359        0.45413449302010        2.56139205582982      C
        0.53358461700105        0.92237610070991        7.18668369920252      C
       -1.96355852582689        1.48130258848756        7.08452404143261      C
       -3.16508056506366        1.88642125407741        4.70872922428494      C
       -1.78142219159923        1.50389214877024        2.43317883315504      C
       -2.79462777469289       -3.43354791204739       -0.01390466550493      C
       -5.16033620807259       -4.46963594674491       -0.28211657585911      C
       -6.23046378166144       -4.78101474759298       -2.68837101234044      C
       -4.83998627444759       -4.16369310081561       -4.78884298194438      C
        6.37191231504787       -0.93189272713625       -5.63962086596147      H
        8.37255431124089       -0.38772972416120       -1.45337010253576      H
        2.76194601788994       -1.83769515046967       -8.16646329605265      H
       -1.69353000887337       -3.11041890126069       -8.59037871503852      H
        8.06693035716529       -0.09410088507579        3.04861841373968      H
        5.50685649866424        0.22416910499044        6.94450823276134      H
        1.49984715762491        0.78751652688081        8.98454278516922      H
       -3.04682539789905        1.76000982332721        8.79692565578585      H
       -5.67302464618257        2.78171219688760        4.59595424333840      C
       -2.91725891306166        2.30547874571003        0.15750423462363      C
       -2.00911918689657       -3.24907578881180        1.85451497204368      H
       -6.19688692227600       -5.05825774175790        1.37854225626653      H
       -8.10859992734846       -5.56457618161597       -2.88291046963702      H
       -5.58910683957328       -4.49827957536645       -6.66366786358357      H
       -6.76926936474807        3.40229171640607        2.32829144182052      C
       -5.34496476433957        3.22237678960854        0.09846074398639      C
       -6.70296464380531        3.02447666482922        6.34800223290999      H
       -8.69157146121117        4.09522311861654        2.26553306820687      H
       -6.15808363615168        3.81891949470096       -1.67976107946814      H
       -1.85496879974199        2.21331979973595       -1.57677458268320      H
$end
