$coord
        1.31631557297867       -2.27992545119317        0.00000000000000      C
        2.33819781496758       -4.04987741367036        0.00000000000000      H
       -1.31631557297867       -2.27992545119317        0.00000000000000      C
       -2.33819781496758       -4.04987741367036        0.00000000000000      H
       -2.63263114595732        0.00000000000000        0.00000000000000      C
       -4.67639562993513        0.00000000000000        0.00000000000000      H
       -1.31631557297867        2.27992545119317        0.00000000000000      C
       -2.33819781496758        4.04987741367036        0.00000000000000      H
        1.31631557297867        2.27992545119317        0.00000000000000      C
        2.33819781496758        4.04987741367036        0.00000000000000      H
        2.63263114595732        0.00000000000000        0.00000000000000      C
        4.67639562993513        0.00000000000000        0.00000000000000      H
$end
