$coord
       -3.48219157810992       -0.22339500747517        0.00000000000000      C
       -1.15253245707617        0.74804316460739        0.00000000000000      C
        1.15253245707617       -0.74804316460739        0.00000000000000      C
        3.48219157810992        0.22339500747517        0.00000000000000      C
       -3.79857014730565       -2.24894018765311        0.00000000000000      H
       -5.14360772705335        0.97033577578511        0.00000000000000      H
       -0.91345946620143        2.78930149600276        0.00000000000000      H
        0.91345946620143       -2.78930149600276        0.00000000000000      H
        3.79857014730565        2.24894018765311        0.00000000000000      H
        5.14360772705335       -0.97033577578511        0.00000000000000      H
$end
