$coord
        0.00000000000000        2.39025204400000        0.00000000000000      H
        2.39025204400000        0.00000000000000        0.00000000000000      H
        0.00000000000000       -2.39025204400000        0.00000000000000      H
       -2.39025204400000        0.00000000000000        0.00000000000000      H
        2.15832030400001        2.15832030400001        0.00000000000000      F
        2.15832030400001       -2.15832030400001        0.00000000000000      F
       -2.15832030400001       -2.15832030400001        0.00000000000000      F
       -2.15832030400001        2.15832030400001        0.00000000000000      F
$end
