$coord
       -1.31833126987513        0.00000000000000        2.28079614538384      C
       -2.31717581537803        0.00000000000000        4.06309946909060      H
       -2.63423313932546        0.00000000000000       -0.00204289319552      C
       -4.67825002929591        0.00000000000000       -0.00300037156290      H
       -1.31717145970313        0.00000000000000       -2.28411344036811      C
       -2.33849401114867        0.00000000000000       -4.05451665538578      H
        1.31717145970313        0.00000000000000       -2.28411344036811      C
        2.33849401114867        0.00000000000000       -4.05451665538578      H
        2.63423313932546        0.00000000000000       -0.00204289319552      C
        4.67825002929591        0.00000000000000       -0.00300037156290      H
        1.31833126987513        0.00000000000000        2.28079614538384      C
        2.31717581537803        0.00000000000000        4.06309946909060      H
$end
