$coord
        0.00000000000000        0.00000000000000       -1.47807934191285      C
        0.00000000000000        0.00000000000000        1.47807934191285      C
        2.14835190336600       -1.63599355693770       -2.52617919842986      C
        0.34263602905270        2.67852410305244       -2.52617919842986      C
       -2.49098793241871       -1.04253054611477       -2.52617919842986      C
        2.14835190336600        1.63599355693770        2.52617919842986      C
        0.34263602905270       -2.67852410305244        2.52617919842986      C
       -2.49098793241871        1.04253054611477        2.52617919842986      C
        3.97102774120850       -1.14578623404091       -1.69324181759085      H
        1.80733987079339       -3.64363307102096       -2.20273286072211      H
        2.29870905388168       -1.35126588264651       -4.56629756232588      H
        2.25180886617656        3.38701877689003       -2.20273286072211      H
        0.02087605469825        2.66637337789408       -4.56629756232588      H
       -0.99323388461833        4.01190402003976       -1.69324181759085      H
       -2.97779385659017       -2.86611778599883       -1.69324181759085      H
       -4.05914873696995        0.25661429413093       -2.20273286072211      H
       -2.31958510857993       -1.31510749524757       -4.56629756232588      H
        3.97102774120850        1.14578623404091        1.69324181759085      H
        1.80733987079339        3.64363307102096        2.20273286072211      H
        2.29870905388168        1.35126588264651        4.56629756232588      H
        2.25180886617656       -3.38701877689003        2.20273286072211      H
        0.02087605469825       -2.66637337789408        4.56629756232588      H
       -0.99323388461833       -4.01190402003976        1.69324181759085      H
       -2.97779385659017        2.86611778599883        1.69324181759085      H
       -4.05914873696995       -0.25661429413093        2.20273286072211      H
       -2.31958510857993        1.31510749524757        4.56629756232588      H
$end
