$coord
    -0.924227187    -2.632633969    -0.903685866     C 
     0.184134901    -0.231869379     0.133811497     N 
    -1.168719936     2.181235122    -0.553576332     C 
    -3.806682932     2.399347296     0.605109159     C 
     0.303792350    -0.418933355     2.068607453     H 
     2.016885652    -0.170831230    -0.518616401     H 
    -1.002915378    -2.477185109    -2.963657271     H 
     0.357611746    -4.157869610    -0.354134651     H 
    -2.814368918    -2.958555011    -0.136041374     H 
    -4.611517232     4.254207841     0.146945093     H 
    -5.103223934     0.957429673    -0.124891991     H 
    -3.734741064     2.236679682     2.673829996     H 
    -1.231175380     2.257617846    -2.624035716     H 
     0.061264917     3.720246866     0.092766649     H 
$end
