$coord
       -3.70184461510859        2.32658268954440        2.44227896046742      H
       -2.00444110332372        2.10758604596351        1.31629288692144      C
        0.35483917235567        1.42780790138558        2.34897748590990      C
       -2.00444110332372        2.10758604596351       -1.31629288692144      C
        4.44039798323834        0.38605450413894        0.00000000000000      H
        2.68450932094447        2.41781869285868        0.00000000000000      P
        0.35483917235567       -2.64088887847860        1.31613792933504      C
        0.71204097547236        1.50220077094800        4.36443711297690      H
        0.35483917235567       -2.64088887847860       -1.31613792933504      C
       -3.70184461510859        2.32658268954440       -2.44227896046742      H
        0.35483917235567        1.42780790138558       -2.34897748590990      C
        0.71204097547236        1.50220077094800       -4.36443711297690      H
        2.08334947474857       -3.03688110081720       -2.33778085542863      H
       -1.36123672859138       -3.08834402704456        2.33409210898143      H
        2.08334947474857       -3.03688110081720        2.33778085542863      H
       -1.36123672859138       -3.08834402704456       -2.33409210898143      H
$end
