$coord
   -2.61141764411993      0.82061559778369     -2.35712871019404      c
   -1.69340912227966     -0.56963391162390      0.00000000000000      c
    1.19799004256395     -0.80172396931377      0.00000000000000      c
    2.69298147647326      1.66030751912461      0.00000000000000      c
    5.53166751974947      1.17215666394850      0.00000000000000      c
   -2.61141764411993      0.82061559778369      2.35712871019404      c
   -2.80111534000486     -3.23540331924156      0.00000000000000      c
   -1.97215997420231      2.77757364052873     -2.38400245462934      h
   -1.92695309252798     -0.10441116833275     -4.06884315342169      h
   -4.67210655875624      0.83412458979781     -2.42261759580838      h
    1.75609090115074     -1.91229341109138     -1.65554967732065      h
    1.75609090115074     -1.91229341109138      1.65554967732065      h
    2.19582939637031      2.78576138345158     -1.65411579023833      h
    2.19582939637031      2.78576138345158      1.65411579023833      h
    6.08763929387540      0.09099539164046     -1.66263058416788      h
    6.60362742650470      2.92874523694664      0.00000000000000      h
    6.08763929387540      0.09099539164046      1.66263058416788      h
   -1.97215997420231      2.77757364052873      2.38400245462934      h
   -4.67210655875624      0.83412458979781      2.42261759580838      h
   -1.92695309252798     -0.10441116833275      4.06884315342169      h
   -2.19172042280885     -4.28232749158447     -1.66854263836861      h
   -2.19172042280885     -4.28232749158447      1.66854263836861      h
   -4.86214580096907     -3.17452528422782      0.00000000000000      h
$user-defined bonds
$redundant
     number_of_atoms            23
     degrees_of_freedom         35
     internal_coordinates       35
     frozen_coordinates          0
# definitions of redundant internals
   1 k  1.0000000000000 stre    5   16           val=   2.05784
   2 k  1.0000000000000 stre    2    7           val=   2.88675
   3 k  1.0000000000000 stre    3    4           val=   2.88038
   4 k  1.0000000000000 stre    3    2           val=   2.90070
   5 k  1.0000000000000 stre    7   23           val=   2.06193
   6 k  1.0000000000000 stre    1   10           val=   2.06177
   7 k  1.0000000000000 stre    4    5           val=   2.88035
   8 k  1.0000000000000 stre    1    9           val=   2.06255
   9 k  1.0000000000000 stre    1    8           val=   2.05890
  10 k  0.4247849842450 bend   15   16    5      val=   1.42132
        0.4247849842450 bend   17   16    5
        0.4086605972269 bend   17   15    5
       -0.3948790848001 bend    4   16    5
       -0.3976068780728 bend    4   15    5
       -0.3976068780728 bend    4   17    5
  11 k  0.4122147456134 bend   10    8    1      val=   1.32917
        0.4330318443277 bend    9    8    1
        0.4105438265759 bend    9   10    1
       -0.3978642882788 bend    2    8    1
       -0.4006121131106 bend    2   10    1
       -0.3939925566543 bend    2    9    1
  12 k  0.4167187312359 bend   22   21    7      val=   1.24099
        0.4185220924988 bend   23   21    7
        0.4185220924988 bend   23   22    7
       -0.3985283951845 bend    2   21    7
       -0.3985283951845 bend    2   22    7
       -0.3979626259856 bend    2   23    7
  13 k  1.0000000000000 stre    3   11           val=   2.07019
  14 k  1.0000000000000 stre    4   13           val=   2.06153
  15 k  1.0000000000000 stre    5   17           val=   2.05970
  16 k  1.0000000000000 stre    7   21           val=   2.06190
  17 k  1.0000000000000 stre    2    1           val=   2.88645
  18 k  0.0111358125838 bend   12   11    3      val=   0.16985
       -0.5009377025497 bend    4   11    3
       -0.5009377025497 bend    4   12    3
        0.4989984118244 bend    2   11    3
        0.4989984118244 bend    2   12    3
  19 k  0.0166387434283 bend   14   13    4      val=   0.28709
        0.4987651944818 bend    5   13    4
        0.4987651944818 bend    5   14    4
       -0.5010936607881 bend    3   13    4
       -0.5010936607881 bend    3   14    4
  20 k -0.5043558759224 bend   10    8    1      val=   0.33427
       -0.1414014377107 bend    9    8    1
        0.6541173313967 bend    9   10    1
       -0.4239690265319 bend    2    8    1
        0.0948759301122 bend    2   10    1
        0.3301668109143 bend    2    9    1
  21 k  0.4747084464802 bend   10    8    1      val=   0.43925
       -0.6675275586131 bend    9    8    1
        0.2207872465007 bend    9   10    1
       -0.1368800368097 bend    2    8    1
        0.4183955339552 bend    2   10    1
       -0.2941443077884 bend    2    9    1
  22 k -0.3345779153903 bend   15   16    5      val=   0.39302
       -0.3345779153903 bend   17   16    5
        0.6907441337562 bend   17   15    5
       -0.4491189121975 bend    4   16    5
        0.2205447590107 bend    4   15    5
        0.2205447590107 bend    4   17    5
  23 k  0.6901612332977 bend   22   21    7      val=   0.02990
       -0.3438901295954 bend   23   21    7
       -0.3438901295954 bend   23   22    7
        0.2183530296083 bend    2   21    7
        0.2183530296083 bend    2   22    7
       -0.4379503836149 bend    2   23    7
  24 k  1.0000000000000 tors    8    1    2    3 val=  56.51901
        1.0000000000000 tors    8    1    2    6
        1.0000000000000 tors    8    1    2    7
        1.0000000000000 tors   10    1    2    3
        1.0000000000000 tors   10    1    2    6
        1.0000000000000 tors   10    1    2    7
        1.0000000000000 tors    9    1    2    3
        1.0000000000000 tors    9    1    2    6
        1.0000000000000 tors    9    1    2    7
  25 k  0.9015783497395 bend   14   13    4      val=   0.81406
       -0.2241647706627 bend    5   13    4
       -0.2241647706627 bend    5   14    4
       -0.2081547386782 bend    3   13    4
       -0.2081547386782 bend    3   14    4
  26 k  0.9144656017782 bend   12   11    3      val=   5.48385
       -0.1967732363563 bend    4   11    3
       -0.1967732363563 bend    4   12    3
       -0.2077417267571 bend    2   11    3
       -0.2077417267571 bend    2   12    3
  27 k  0.5162185650357 bend    6    1    2      val=   0.25947
        0.3480460071430 bend    7    1    2
        0.3480460071430 bend    7    6    2
       -0.3574534730529 bend    3    1    2
       -0.3574534730529 bend    3    6    2
       -0.4854898311405 bend    3    7    2
  28 k -0.4949282982172 bend    6    1    2      val=   1.01889
        0.3627962255338 bend    7    1    2
        0.3627962255338 bend    7    6    2
       -0.3456294103115 bend    3    1    2
       -0.3456294103115 bend    3    6    2
        0.5028761264527 bend    3    7    2
  29 k  0.0224437351806 bend   10    8    1      val=   0.35420
       -0.3858886140622 bend    9    8    1
        0.3718912278716 bend    9   10    1
        0.5700107250145 bend    2    8    1
       -0.6209302418019 bend    2   10    1
        0.0426213456468 bend    2    9    1
  30 k -0.4382830444611 bend   10    8    1      val=   0.26825
        0.1912975065394 bend    9    8    1
        0.2482549806568 bend    9   10    1
        0.3758950688536 bend    2    8    1
        0.3119160749037 bend    2   10    1
       -0.6863628493276 bend    2    9    1
  31 k  0.2210639977127 bend   15   16    5      val=  -0.18736
        0.2210639977127 bend   17   16    5
       -0.4485835394542 bend   17   15    5
       -0.6814207394218 bend    4   16    5
        0.3440203495777 bend    4   15    5
        0.3440203495777 bend    4   17    5
  32 k -0.4376682412710 bend   22   21    7      val=   0.00279
        0.2186353297435 bend   23   21    7
        0.2186353297435 bend   23   22    7
        0.3448791490806 bend    2   21    7
        0.3448791490806 bend    2   22    7
       -0.6891737377596 bend    2   23    7
  33 k  1.0000000000000 bend    2    4    3      val= 116.67766
  34 k  1.0000000000000 bend    3    5    4      val= 111.50955
  35 k -0.5616051771698 bend    6    1    2      val=   0.91208
        0.2961520359129 bend    7    1    2
        0.2961520359129 bend    7    6    2
        0.2836202352433 bend    3    1    2
        0.2836202352433 bend    3    6    2
       -0.5901751371808 bend    3    7    2
        35 non zero eigenvalues  of BmBt
           1           4.369483062    1    0
         1
           2           4.164490354    2    0
         2
           3           3.917547137    3    0
         3
           4           3.798891269    4    0
         4
           5           3.464112717    5    0
         5
           6           3.261576864    6    0
         6
           7           3.176229837    7    0
         7
           8           3.129397234    8    0
         8
           9           3.005670737    9    0
         9
          10           2.402465460   10    0
        10
          11           2.036385514   11    0
        11
          12           1.676765826   12    0
        12
          13           1.366920043   13    0
        13
          14           0.883825276   14    0
        14
          15           0.882648910   15    0
        15
          16           0.866626723   16    0
        16
          17           0.856599463   17    0
        17
          18           0.779068351   18    0
        18
          19           0.734967189   19    0
        19
          20           0.696332085   20    0
        20
          21           0.695174514   21    0
        21
          22           0.692411214   22    0
        22
          23           0.656030414   23    0
        23
          24           0.447936605   24    0
        24
          25           0.379253804   25    0
        25
          26           0.318706284   26    0
        26
          27           0.313280844   27    0
        27
          28           0.291117340   28    0
        28
          29           0.260523471   29    0
        29
          30           0.192763048   30    0
        30
          31           0.100152290   31    0
        31
          32           0.070106689   32    0
        32
          33           0.049190732   33    0
        33
          34           0.035046090   34    0
        34
          35           0.011507125   35    0
        35
$end
