$coord
       -0.39272477466243        3.33999456384259        0.00000000000000      P
        2.06222411374771        3.71826293358845        2.99060687858564      Cl
        2.06222411374771        3.71826293358845       -2.99060687858564      Cl
       -2.06222411374771        6.84784216171263        0.00000000000000      Cl
        0.39272477466243       -3.33999456384259        0.00000000000000      P
       -2.06222411374771       -3.71826293358845        2.99060687858564      Cl
       -2.06222411374771       -3.71826293358845       -2.99060687858564      Cl
        2.06222411374771       -6.84784216171263        0.00000000000000      Cl
$end
