$coord
       -0.20567553286198        1.88737351577296       -1.11727673762584      N
       -0.48474453780907       -0.60068853171041        0.02307456024999      C
        1.94971430424279       -2.09317916383979       -0.46770069647194      C
        2.17036255207312       -3.59480740705716       -2.22021716528554      O
       -2.81334944485481       -1.96305174972988       -0.97601963326623      C
       -5.18375896812984       -0.30553178105327       -0.82249025499423      C
       -3.14912542537654       -4.44922793240013        0.44695886994094      C
       -5.76211788108837        0.72296597339145        1.80726490571433      C
       -0.63851302660222        2.09478175017945       -2.95750523889050      H
       -0.66602926888384       -0.27794582990040        2.05034127006218      H
       -2.45121623158630       -2.41939804894949       -2.95820584582738      H
       -5.01286217679413        1.27772656201989       -2.13285698218976      H
       -6.77929325720577       -1.43156319743649       -1.48930021970474      H
       -1.54281965606490       -5.69112004423037        0.12881558432665      H
       -3.33272722282436       -4.12942718061893        2.47395734439572      H
       -4.84627340270962       -5.42073358609275       -0.19773884114087      H
       -5.97744134463124       -0.79087274765922        3.18403392311989      H
       -7.51656496547543        1.79809673485998        1.79140072414145      H
       -4.27164723508444        1.97956210831323        2.47017775648719      H
        3.82119905880779       -1.52292284553737        1.18011364680855      N
        3.54106461592451        0.01611784587260        2.28070543679424      H
        6.35198484787910       -2.49192679854231        0.80708707462237      C
        7.41397617232831       -1.37535149989905       -0.56157164916239      H
        7.35216596092772       -2.48977262188349        2.59936970402206      H
        6.21684156989398       -4.41282187382738        0.09941155364093      H
        0.96800327884375        3.80638380994311        0.11269629447303      C
        1.80911540580039        3.56991344677425        2.26896139387893      O
        1.13972464711535        6.26984587817686       -1.30683936820214      C
        3.11543245879378        6.82058272552165       -1.42895804693528      H
        0.15517350060192        7.71258051068637       -0.22393240854481      H
        0.33688089732351        6.17555278275869       -3.19545759144590      H
$end
