$coord
        0.00000000000000        0.00000000000000       -1.81116685368858      C
       -0.00000000000000        1.27300711532497        2.28894784711463      C
       -0.00000000000000       -1.27300711532497        2.28894784711463      C
        0.00000000000000       -1.99121163397992       -0.21399082638418      N
        0.00000000000000        1.99121163397992       -0.21399082638418      N
       -0.00000000000000        2.59330987979161        3.84126540736379      H
       -0.00000000000000       -2.59330987979161        3.84126540736379      H
        0.00000000000000       -4.57536875794512       -1.06993883900211      C
        0.00000000000000        4.57536875794512       -1.06993883900211      C
        1.67615487660984       -5.57871076104838       -0.40875575852591      H
       -1.67615487660984       -5.57871076104838       -0.40875575852591      H
        0.00000000000000       -4.56087599647514       -3.12318864519606      H
       -1.67615487660984        5.57871076104838       -0.40875575852591      H
        1.67615487660984        5.57871076104838       -0.40875575852591      H
        0.00000000000000        4.56087599647514       -3.12318864519606      H
$end
