$coord
        0.00000000000000        0.41184310300000        0.00000000000000      C
        2.31922480300000        2.17375936600000        0.00000000000000      C
        1.73521443499999       -1.75796862500001        0.00000000000000      C
        3.81306831700001       -0.29110850900001        0.00000000000000      C
       -2.48049590899999        0.78990357400000        0.00000000000000      C
       -4.43136209400000       -1.25813610099999        0.00000000000000      C
        2.52468715100000        3.35079409600000        1.68156133400000      H
        2.52468715100000        3.35079409600000       -1.68156133400000      H
        1.44726743699999       -3.77991874300001        0.00000000000000      H
        5.81537095300000       -0.68404679299999        0.00000000000000      H
       -3.16231660499999        2.72441607100001        0.00000000000000      H
       -5.65795299900000       -1.12232527299999       -1.65704591900000      H
       -3.56767983800000       -3.12714313500000        0.00000000000000      H
       -5.65795299900000       -1.12232527299999        1.65704591900000      H
$end
