$coord
        1.22356935615370       -1.74476254479465       -0.59680924732116      N
        0.47004798804160       -1.91531687882413       -2.33472620290962      H
       -0.48921567761402       -1.64005110511351        1.54893255479104      C
       -0.23349214536066       -3.32111110461089        2.71124462406268      H
        0.05169804455145        0.66150965413437        3.22853867352047      C
       -3.24153248209952       -1.65183765276675        0.70958462499216      C
        2.02806559027232        0.57150864535732        3.78841922397772      H
       -1.10124373245228        0.48330665897615        4.92632601293787      H
       -0.52786794970830        3.22223646117971        2.00258972613375      C
       -4.87059870276948       -2.64048888471442        2.02206616911599      O
       -2.53140443274504        3.40567592949706        1.58354670823652      H
        0.00143287521729        4.70988098783029        3.32299236940956      H
        0.90675308066812        3.64962982063407       -0.40878703667064      C
        3.35927384288795        4.16100610393452        0.02214333442603      O
        0.02236391032738        3.57206050961119       -2.53103765608798      O
        3.69844408994149       -2.40672762569885       -0.27429866937920      C
        5.17547122083896       -2.75130514636523       -2.69169934735103      C
        4.64508252694586       -2.68626686506623        1.81609356368396      O
        5.47953487516254       -4.76219002841308       -3.00129429298741      H
        7.01499394070835       -1.86914498836804       -2.46325791972689      H
        4.22254359440532       -1.95675075469970       -4.33054751850242      H
       -3.75837482235087       -0.50415982213953       -1.53636922005622      N
       -6.38337389290734       -0.25213098211009       -2.29559083666526      C
       -2.52852934912923        0.81329902045670       -2.18629019847432      H
       -7.43749585806301        0.96726678878305       -1.01226270005905      H
       -6.44775415283866        0.52820328780120       -4.19192855273666      H
       -7.27664665450195       -2.09948301760169       -2.28379409456425      H
        4.13108708260294        4.36341695565463       -1.62699014781103      H
$end
