$coord
   -3.12075618293491      0.19864201363805     -0.57873189806485       n
   -2.85978584903121      0.68519160363588     -2.41208565811085       h
   -1.38696789893829      1.43437610416932      1.13065428380078       c
   -2.44225435836602      2.68335533244520      2.39324326739686       h
    0.06589858963482     -0.50635060357084      2.74152629612049       c
    0.41393993678389      2.97297229630845     -0.52003872229931       c
    1.02877012619968      0.44271703096881      4.29870602909081       h
   -1.33672377294619     -1.75295915991967      3.59316585319374       h
    1.98437833484425     -1.90481873224606      1.24454285888696       c
    0.24195699605032      2.96701898582813     -2.83430456182629       o
    1.39318908899300     -3.39187778392576     -0.79676374924084       n
    4.58943991579258     -2.00269473383442      1.37986502479797       c
   -0.36518139109975     -3.64250010307440     -1.47810375497825       h
    3.59096722096215     -4.29137701783278     -1.78652925904057       c
    5.57698253781662     -3.48919823466438     -0.49822671305839       n
    5.78130122511549     -1.09214287162981      2.75709573605824       h
    3.63795468531762     -5.50321739490262     -3.41910804239193       h
   -5.43698443352558     -0.56930627742314      0.26681297028407       c
   -7.26178716849146     -1.40096052029868     -1.76022853405199       c
   -5.96947416694222     -0.61041307165882      2.51809264129533       o
   -8.84264177547991     -0.08644213818596     -1.79086462051916       h
   -8.00287730632925     -3.25092587526699     -1.26369072439638       h
   -6.40997428193898     -1.47440700091841     -3.62810362370021       h
    2.17460157859929      4.31832857425198      0.74088638143336       n
    4.22203104660957      5.53612475606706     -0.61656154515421       c
    2.37122742503036      4.01156698573238      2.60378877663271       h
    5.13793266637517      6.88762819712322      0.62573521205179       h
    5.60325650403779      4.15958094922166     -1.27898157239760       h
    3.44931028249104      6.51959786569785     -2.24193767696774       h
$end
