$coord
    6.41199399343269     -4.04186883206108      0.65486671592265      o
    6.20979329710312     -1.84033788604282      0.07472079280883      c
    6.52915701373581     -1.02964537459060     -2.29121632686058      o
    6.43467070703975      0.83551431958967     -2.30255468366410      h
    5.66177271826596      0.21568414766350      2.02680788914948      c
    7.37764404786645      1.34385064961449      2.24790584681827      h
    5.24603296880328     -0.71406111022575      3.80692990730330      h
    3.57173561414905      1.88809177618381      1.41075716949116      n
    1.97869648325343      1.88809177618381      2.48034216129058      h
    3.78149521501431      3.69089050794468     -0.35802649185914      c
    5.64287545692674      3.89687065654210     -1.76209300936263      o
    1.55917728152292      5.50502759650909     -0.53566074844773      c
    1.96168894804814      6.81271808118259     -2.06255946465611      h
    1.39666083400569      6.54248724403185      1.23879209130432      h
   -0.81431874268218      4.24269053904969     -1.03076899553510      n
   -1.60989344506302      4.22568300384440     -2.76742731260873      h
   -2.19570854657861      3.18255417791987      0.81927288957380      c
   -1.48139206795638      3.06728088375067      3.03970109693127      o
   -4.74872855350622      2.15076370879886     -0.03299359682468      c
   -4.85266349087189      2.04871849756712     -2.79199375234971      n
   -6.67058003170413      2.00714452262085     -3.38158830613314      h
   -4.04008125328575      0.41599511785915     -3.39103693680275      h
   -6.13956698807226      3.54538159563275      0.59250575350325      h
   -5.30808748914691     -0.36446177545032      1.32571949346470      c
   -5.30808748914691     -0.01675216680881      3.35528536129612      h
   -7.20159307533601     -0.96728441217120      0.77580918849361      h
   -3.39757436775253     -2.35623312060332      0.67376397726187      c
   -3.61300314701955     -3.79242498238347     -1.53910532555992      c
   -5.28730050167378     -3.60345236899135     -2.70506635018933      h
   -1.73272564376790     -5.50640658585005     -2.22885536444118      c
   -1.92736743556179     -6.58732993445300     -3.95228559857736      h
    0.37998817395606     -5.83332920701843     -0.69439774369712      c
    1.86531291521816     -7.12968133488840     -1.22919023959683      h
    0.57085051348210     -4.48406474739865      1.56004553407093      c
    2.18845608411869     -4.78264147655821      2.76947025978053      h
   -1.29241945456425     -2.75496533486071      2.22900858547906      c
   -1.14691054225232     -1.70049815213265      3.97511553322229      h
$user-defined bonds
$redundant
     number_of_atoms            37
     degrees_of_freedom        105
     internal_coordinates      105
     frozen_coordinates          0
# definitions of redundant internals
   1 k  1.0000000000000 stre    2    1           val=   2.28565
   2 k  0.7071496705402 bend    3    1    2      val=   0.19944
       -0.7070638892313 bend    5    1    2
   3 k  1.0000000000000 outp    1    5    3    2 val=  -1.75519
   4 k  1.0000000000000 tors    4    3    2    5 val=   3.12409
   5 k  1.0000000000000 stre    3    4           val=   1.86759
   6 k  1.0000000000000 bend    2    4    3      val= 108.68775
   7 k  1.0000000000000 stre    5    7           val=   2.05088
   8 k  1.0000000000000 stre    5    6           val=   2.06540
   9 k  0.0400934200048 bend    6    7    5      val=   0.54046
       -0.5055987709335 bend    8    7    5
       -0.5038948967549 bend    8    6    5
        0.4966207752520 bend    2    7    5
        0.4921586523829 bend    2    6    5
  10 k -0.0169554509656 bend    6    7    5      val=   0.07324
        0.5372916910523 bend    8    7    5
       -0.5264855137178 bend    8    6    5
        0.4707400292745 bend    2    7    5
       -0.4607027025020 bend    2    6    5
  11 k  0.9079602732197 bend    6    7    5      val=   5.02959
       -0.1778300273886 bend    8    7    5
       -0.1979905733665 bend    8    6    5
       -0.2190294489602 bend    2    7    5
       -0.2383494429613 bend    2    6    5
  12 k -0.0006696232881 bend    6    7    5      val=   0.15276
       -0.4637687877224 bend    8    7    5
        0.4678774982315 bend    8    6    5
        0.5309015767538 bend    2    7    5
       -0.5330593077587 bend    2    6    5
  13 k  1.0000000000000 stre    8    9           val=   1.91880
  14 k  0.7072557241231 bend   10    9    8      val=  -1.57587
       -0.7069578068704 bend    5    9    8
  15 k  1.0000000000000 outp    9    5   10    8 val=   7.39886
  16 k  1.0000000000000 stre   10   11           val=   2.34063
  17 k  0.7071070290375 bend    8   11   10      val=   0.84217
       -0.7071065333355 bend   12   11   10
  18 k  1.0000000000000 outp   11   12    8   10 val=   0.12847
  19 k  1.0000000000000 stre   12   13           val=   2.05024
  20 k  1.0000000000000 stre   12   14           val=   2.06190
  21 k  0.0382992041283 bend   14   13   12      val=   0.45924
       -0.5121435037404 bend   15   13   12
       -0.4981639602330 bend   15   14   12
        0.4860223141314 bend   10   13   12
        0.5018537450602 bend   10   14   12
  22 k -0.0014774479737 bend   14   13   12      val=   0.37888
        0.5246656826270 bend   15   13   12
       -0.5331474042459 bend   15   14   12
        0.4798971093207 bend   10   13   12
       -0.4584499410323 bend   10   14   12
  23 k  0.9022014603243 bend   14   13   12      val=   3.24837
       -0.1872801261179 bend   15   13   12
       -0.2027101271541 bend   15   14   12
       -0.2380332086963 bend   10   13   12
       -0.2306674559987 bend   10   14   12
  24 k -0.0089152898002 bend   14   13   12      val=   0.90694
        0.4735450896468 bend   15   13   12
       -0.4648222079332 bend   15   14   12
       -0.5259918128387 bend   10   13   12
        0.5319290305276 bend   10   14   12
  25 k  1.0000000000000 stre   15   16           val=   1.91029
  26 k -0.7070777120642 bend   17   16   15      val=   3.22861
        0.7071358491140 bend   12   16   15
  27 k  1.0000000000000 outp   16   12   17   15 val=  -4.33099
  28 k  1.0000000000000 stre   17   18           val=   2.33535
  29 k  0.7071113819591 bend   15   18   17      val=   0.41893
       -0.7071021803840 bend   19   18   17
  30 k  1.0000000000000 outp   18   19   15   17 val=  -0.57393
  31 k  1.0000000000000 tors   21   20   19   17 val=  80.12080
        1.0000000000000 tors   21   20   19   24
        1.0000000000000 tors   22   20   19   17
        1.0000000000000 tors   22   20   19   24
  32 k  1.0000000000000 stre   20   21           val=   1.91159
  33 k  1.0000000000000 stre   20   22           val=   1.91962
  34 k  0.8627314205881 bend   22   21   20      val=   8.68506
       -0.3508900637442 bend   19   21   20
       -0.3641025392601 bend   19   22   20
  35 k  0.4813562170081 bend   22   21   20      val= 108.62405
        0.3493326817189 bend   19   21   20
        0.8039047641547 bend   19   22   20
  36 k  0.1548892774781 bend   22   21   20      val=  40.78432
        0.8688169200980 bend   19   21   20
       -0.4702833944269 bend   19   22   20
  37 k  1.0000000000000 stre   19   23           val=   2.06655
  38 k -0.7419850170059 bend   20   23   19      val=   0.49980
        0.0811979155777 bend   17   23   19
        0.6654811289921 bend   24   23   19
  39 k -0.3152143409958 bend   20   23   19      val=   3.06936
        0.8338221409102 bend   17   23   19
       -0.4531893164656 bend   24   23   19
  40 k  1.0000000000000 stre   24   25           val=   2.05914
  41 k  1.0000000000000 stre   24   26           val=   2.06183
  42 k  0.0700410575144 bend   26   25   24      val=   1.08598
       -0.5036795418453 bend   27   25   24
       -0.5072616400124 bend   27   26   24
        0.4956480795441 bend   19   25   24
        0.4882824789043 bend   19   26   24
  43 k  0.0078914818576 bend   26   25   24      val=   0.09069
       -0.5362304576543 bend   27   25   24
        0.5286547584647 bend   27   26   24
       -0.4642833078304 bend   19   25   24
        0.4662185938169 bend   19   26   24
  44 k  0.8980601819856 bend   26   25   24      val=   1.39761
       -0.1803264438260 bend   27   25   24
       -0.1850129445118 bend   27   26   24
       -0.2457668909877 bend   19   25   24
       -0.2575638345080 bend   19   26   24
  45 k -0.0032729588566 bend   26   25   24      val=   0.40231
       -0.4628001410744 bend   27   25   24
        0.4677805393978 bend   27   26   24
        0.5329403799850 bend   19   25   24
       -0.5319410075412 bend   19   26   24
  46 k  1.0000000000000 stre   28   29           val=   2.04901
  47 k  0.7071077078346 bend   30   29   28      val=   0.05669
       -0.7071058545372 bend   27   29   28
  48 k  1.0000000000000 outp   29   27   30   28 val=  -1.39303
  49 k  1.0000000000000 stre   30   31           val=   2.04365
  50 k  0.7071068430567 bend   32   31   30      val=   0.19401
       -0.7071067193164 bend   28   31   30
  51 k  1.0000000000000 outp   31   28   32   30 val=  -0.31873
  52 k  1.0000000000000 stre   32   33           val=   2.04272
  53 k  0.7071068944699 bend   30   33   32      val=   0.44869
       -0.7071066679032 bend   34   33   32
  54 k  1.0000000000000 outp   33   34   30   32 val=   0.31204
  55 k  1.0000000000000 stre   34   35           val=   2.04169
  56 k  0.7071072272023 bend   36   35   34      val=   0.58225
       -0.7071063351705 bend   32   35   34
  57 k  1.0000000000000 outp   35   32   36   34 val=   0.53284
  58 k  1.0000000000000 stre   36   37           val=   2.04498
  59 k  0.7071072220446 bend   34   37   36      val=   0.84221
       -0.7071063403282 bend   27   37   36
  60 k  1.0000000000000 outp   37   27   34   36 val=   0.41206
  61 k  1.0000000000000 tors    3    2    5    8 val=  52.88428
  62 k  1.0000000000000 stre    2    3           val=   2.52128
  63 k  1.0000000000000 bend    5    3    2      val= 115.43392
  64 k  1.0000000000000 stre   19   20           val=   2.76284
  65 k -0.6833354986965 bend   17   20   19      val=   6.36162
        0.7301045104786 bend   24   20   19
  66 k  0.7301045104786 bend   17   20   19      val= 112.53429
        0.6833354986965 bend   24   20   19
  67 k  1.0000000000000 tors    2    5    8   10 val= -74.49490
  68 k  1.0000000000000 stre    5    2           val=   2.88759
  69 k  1.0000000000000 bend    8    2    5      val= 115.23369
  70 k  1.0000000000000 tors    5    8   10   12 val= 187.86607
  71 k  1.0000000000000 stre    8    5           val=   2.74677
  72 k  1.0000000000000 bend   10    5    8      val= 121.78124
  73 k  1.0000000000000 tors    8   10   12   15 val= -57.94911
  74 k  1.0000000000000 stre   10    8           val=   2.53430
  75 k  1.0000000000000 bend   12    8   10      val= 115.34870
  76 k  1.0000000000000 tors   10   12   15   17 val=  82.89064
  77 k  1.0000000000000 stre   12   10           val=   2.87426
  78 k  1.0000000000000 bend   15   10   12      val= 113.02102
  79 k  1.0000000000000 tors   12   15   17   19 val= 174.75789
  80 k  1.0000000000000 stre   15   12           val=   2.73352
  81 k  1.0000000000000 bend   17   12   15      val= 122.20253
  82 k  1.0000000000000 tors   15   17   19   24 val= 140.79977
  83 k  1.0000000000000 stre   17   15           val=   2.54063
  84 k  1.0000000000000 bend   19   15   17      val= 114.55908
  85 k  1.0000000000000 tors   17   19   24   27 val= -62.48085
  86 k  1.0000000000000 stre   19   17           val=   2.88251
  87 k  1.0000000000000 bend   24   17   19      val= 109.95234
  88 k  1.0000000000000 tors   19   24   27   28 val=   5.82027
        1.0000000000000 tors   19   24   27   36
  89 k  1.0000000000000 stre   24   19           val=   2.91296
  90 k  1.0000000000000 bend   27   19   24      val= 111.70639
  91 k  1.0000000000000 stre   27   24           val=   2.83589
  92 k  0.7071119243265 bend   28   24   27      val=   0.40309
       -0.7071016380091 bend   36   24   27
  93 k  1.0000000000000 outp   24   36   28   27 val=   2.06657
  94 k  1.0000000000000 stre   27   28           val=   2.64686
  95 k  1.0000000000000 stre   28   30           val=   2.63608
  96 k  1.0000000000000 stre   30   32           val=   2.63154
  97 k  1.0000000000000 stre   32   34           val=   2.63429
  98 k  1.0000000000000 stre   34   36           val=   2.62851
  99 k  1.0000000000000 stre   36   27           val=   2.64754
 100 k -0.5000000000000 bend   27   30   28      val=  -0.78792
       -0.5000000000000 bend   28   32   30
        1.0000000000000 bend   30   34   32
       -0.5000000000000 bend   32   36   34
       -0.5000000000000 bend   34   27   36
        1.0000000000000 bend   36   28   27
 101 k  0.8660254037844 bend   27   30   28      val=   0.04649
       -0.8660254037844 bend   28   32   30
        0.8660254037844 bend   32   36   34
       -0.8660254037844 bend   34   27   36
 102 k -1.0000000000000 bend   27   30   28      val=  -0.46140
        1.0000000000000 bend   28   32   30
       -1.0000000000000 bend   30   34   32
        1.0000000000000 bend   32   36   34
       -1.0000000000000 bend   34   27   36
        1.0000000000000 bend   36   28   27
 103 k -0.5000000000000 tors   28   30   32   34 val=   0.56071
       -0.5000000000000 tors   30   32   34   36
        1.0000000000000 tors   32   34   36   27
       -0.5000000000000 tors   34   36   27   28
       -0.5000000000000 tors   36   27   28   30
        1.0000000000000 tors   27   28   30   32
 104 k  0.8660254037844 tors   28   30   32   34 val=   1.99578
       -0.8660254037844 tors   30   32   34   36
        0.8660254037844 tors   34   36   27   28
       -0.8660254037844 tors   36   27   28   30
 105 k -1.0000000000000 tors   28   30   32   34 val=   0.07373
        1.0000000000000 tors   30   32   34   36
       -1.0000000000000 tors   32   34   36   27
        1.0000000000000 tors   34   36   27   28
       -1.0000000000000 tors   36   27   28   30
        1.0000000000000 tors   27   28   30   32
       105 non zero eigenvalues  of BmBt
           1          10.958028202    1    0
         1
           2           6.225286552    2    0
         2
           3           5.639561756    3    0
         3
           4           5.549947558    4    0
         4
           5           5.125582964    5    0
         5
           6           4.988952344    6    0
         6
           7           4.720633425    7    0
         7
           8           4.508113835    8    0
         8
           9           4.446942688    9    0
         9
          10           4.414512449   10    0
        10
          11           4.242916754   11    0
        11
          12           4.130069632   12    0
        12
          13           3.926355855   13    0
        13
          14           3.836635404   14    0
        14
          15           3.615606127   15    0
        15
          16           3.540703418   16    0
        16
          17           3.489598407   17    0
        17
          18           3.429097081   18    0
        18
          19           3.355856141   19    0
        19
          20           3.300351895   20    0
        20
          21           3.238581386   21    0
        21
          22           3.043530925   22    0
        22
          23           3.009565867   23    0
        23
          24           2.916220209   24    0
        24
          25           2.871840596   25    0
        25
          26           2.814621794   26    0
        26
          27           2.554361457   27    0
        27
          28           2.518274570   28    0
        28
          29           2.400036060   29    0
        29
          30           2.351871720   30    0
        30
          31           2.264218121   31    0
        31
          32           2.104904117   32    0
        32
          33           2.058474784   33    0
        33
          34           1.993397567   34    0
        34
          35           1.945875858   35    0
        35
          36           1.923508973   36    0
        36
          37           1.885436888   37    0
        37
          38           1.820344019   38    0
        38
          39           1.735822582   39    0
        39
          40           1.491589572   40    0
        40
          41           1.440472408   41    0
        41
          42           1.341331306   42    0
        42
          43           1.218448297   43    0
        43
          44           1.123463444   44    0
        44
          45           1.102502614   45    0
        45
          46           1.054646197   46    0
        46
          47           1.000562573   47    0
        47
          48           0.917553509   48    0
        48
          49           0.874908330   49    0
        49
          50           0.766785098   50    0
        50
          51           0.759256794   51    0
        51
          52           0.742287798   52    0
        52
          53           0.698990907   53    0
        53
          54           0.675822956   54    0
        54
          55           0.640576837   55    0
        55
          56           0.611208002   56    0
        56
          57           0.594997450   57    0
        57
          58           0.499122133   58    0
        58
          59           0.494064710   59    0
        59
          60           0.487297806   60    0
        60
          61           0.460419006   61    0
        61
          62           0.452521781   62    0
        62
          63           0.415137603   63    0
        63
          64           0.395303971   64    0
        64
          65           0.382524716   65    0
        65
          66           0.364457186   66    0
        66
          67           0.360194537   67    0
        67
          68           0.358897091   68    0
        68
          69           0.341551619   69    0
        69
          70           0.335922016   70    0
        70
          71           0.329021460   71    0
        71
          72           0.320315196   72    0
        72
          73           0.301422314   73    0
        73
          74           0.290855201   74    0
        74
          75           0.286035607   75    0
        75
          76           0.274949006   76    0
        76
          77           0.271637018   77    0
        77
          78           0.269799403   78    0
        78
          79           0.265259324   79    0
        79
          80           0.262625270   80    0
        80
          81           0.203601556   81    0
        81
          82           0.169975281   82    0
        82
          83           0.148007892   83    0
        83
          84           0.134549304   84    0
        84
          85           0.117103670   85    0
        85
          86           0.111980983   86    0
        86
          87           0.100442128   87    0
        87
          88           0.090611014   88    0
        88
          89           0.082102062   89    0
        89
          90           0.078136689   90    0
        90
          91           0.074065596   91    0
        91
          92           0.065812205   92    0
        92
          93           0.058008435   93    0
        93
          94           0.054129151   94    0
        94
          95           0.042656177   95    0
        95
          96           0.038726791   96    0
        96
          97           0.030347897   97    0
        97
          98           0.024792232   98    0
        98
          99           0.016753059   99    0
        99
         100           0.012765840  100    0
       100
         101           0.007343057  101    0
       101
         102           0.004373818  102    0
       102
         103           0.003664353  103    0
       103
         104           0.001192148  104    0
       104
         105           0.000917742  105    0
       105
$end
