$coord
    1.65478809398991     -3.87523405458247      0.69977148387302      c
    2.05075657432191     -1.16101591184302     -0.07587867676966      c
    0.00000000000000      0.00000000000000     -1.76415405125974      c
   -2.05075657432191      1.16101591184302     -0.07587867676966      c
   -1.65478809398991      3.87523405458247      0.69977148387302      c
    3.84083088888101      0.08397356883559      0.61296677096067      o
   -3.84083088888101     -0.08397356883559      0.61296677096067      o
    1.87872378963160     -5.09934235014263     -0.95240881784022      h
   -0.27211201567215     -4.15002924037380      1.39148173275188      h
    3.02464461344307     -4.41130018473863      2.13716656209157      h
    0.88426796414603      1.45220163783040     -2.93102202943741      h
   -0.88426796414603     -1.45220163783040     -2.93102202943741      h
   -1.87872378963160      5.09934235014263     -0.95240881784022      h
    0.27211201567215      4.15002924037380      1.39148173275188      h
   -3.02464461344307      4.41130018473863      2.13716656209157      h
$redundant
     number_of_atoms            15
     degrees_of_freedom         20
     internal_coordinates       20
     frozen_coordinates          0
# definitions of redundant internals
   1 k  1.0000000000000 stre    1   10           val=   2.05669
   2 k  1.0000000000000 stre    2    6           val=   2.28667
   3 k  1.0000000000000 stre    1    9           val=   2.06565
   4 k  1.0000000000000 stre    1    8           val=   2.06840
   5 k  1.0000000000000 stre    2    1           val=   2.85051
   6 k  1.0000000000000 tors   10    1    2    3 val=  70.42508
        1.0000000000000 tors    9    1    2    3
        1.0000000000000 tors    8    1    2    3
   7 k  0.4652813319517 bend    9   10    1      val=   0.49756
        0.4248943673876 bend    8   10    1
        0.3387433981125 bend    8    9    1
       -0.3772353127632 bend    2   10    1
       -0.4146878043709 bend    2    9    1
       -0.4170833401674 bend    2    8    1
   8 k  1.0000000000000 stre    3    2           val=   2.89894
   9 k  1.0000000000000 outp    6    3    1    2 val=   1.26022
  10 k  1.0000000000000 stre    3   12           val=   2.06213
  11 k -0.1637649572669 bend    9   10    1      val=   0.62539
       -0.4239987647330 bend    8   10    1
        0.7045121105879 bend    8    9    1
       -0.4616185529579 bend    2   10    1
        0.2691070729751 bend    2    9    1
        0.1075103118361 bend    2    8    1
  12 k -0.6955763204570 bend    9   10    1      val=   0.68083
        0.5827061068691 bend    8   10    1
        0.1834786258838 bend    8    9    1
       -0.0830008109153 bend    2   10    1
       -0.2398707214604 bend    2    9    1
        0.2802421660889 bend    2    8    1
  13 k  0.7071138337500 bend    1    6    2      val=   1.14928
       -0.7070997285528 bend    3    6    2
  14 k -0.8911954527258 bend   12   11    3      val=  -0.00749
        0.2360498544860 bend    2   11    3
        0.2171768834788 bend    2   12    3
        0.2171768834788 bend    4   11    3
        0.2360498544860 bend    4   12    3
  15 k  0.2869672526729 bend    9   10    1      val=   0.64893
       -0.2394606549281 bend    8   10    1
       -0.0522462202172 bend    8    9    1
       -0.1276644444563 bend    2   10    1
       -0.5714820749447 bend    2    9    1
        0.7174181143143 bend    2    8    1
  16 k  0.1438499200152 bend    9   10    1      val=   1.30247
        0.2832617384906 bend    8   10    1
       -0.4410153300601 bend    8    9    1
       -0.6649474759230 bend    2   10    1
        0.4499094508287 bend    2    9    1
        0.2449526627524 bend    2    8    1
  17 k  1.0000000000000 tors    1    2    3    4 val=  88.82472
  18 k  1.0000000000000 bend    4    2    3      val= 108.76413
  19 k -0.0136368585241 bend   12   11    3      val=   2.14039
       -0.4924894670961 bend    2   11    3
        0.5073077397834 bend    2   12    3
        0.5073077397834 bend    4   11    3
       -0.4924894670961 bend    4   12    3
  20 k  1.0000000000000 bend    3    1    2      val= 116.20283
        20 non zero eigenvalues  of BmBt
           1           5.327024698    1    0
         1
           2           3.737349997    2    0
         2
           3           3.620753161    3    0
         3
           4           3.105488711    4    0
         4
           5           2.444637706    5    0
         5
           6           2.000612779    6    0
         6
           7           1.664000664    7    0
         7
           8           0.882911065    8    0
         8
           9           0.796500497    9    0
         9
          10           0.701815636   10    0
        10
          11           0.700912626   11    0
        11
          12           0.549334161   12    0
        12
          13           0.366183623   13    0
        13
          14           0.345122759   14    0
        14
          15           0.285359837   15    0
        15
          16           0.262479337   16    0
        16
          17           0.227990775   17    0
        17
          18           0.072196535   18    0
        18
          19           0.033339602   19    0
        19
          20           0.022545153   20    0
        20
$user-defined bonds
$end
