$coord
       -2.45086601147285        0.81323387072638       -0.04421185530150      N
       -2.53486302265754       -3.48074309184002        0.77926623434403      N
        1.50054690471061       -1.38939360930368        0.27789866537429      C
        2.81358763804802        0.83139033959462       -0.11345541119003      C
        1.47449156871208        3.07624037907674       -0.47700745254182      C
       -1.13702967533699        2.95119889424398       -0.42515543490076      C
       -1.16082837948433       -1.34920923067974        0.30361255616523      C
        4.85704896083245        0.81820495770528       -0.13942402988100      H
        2.42147395244012        4.85434039280965       -0.79453611760757      H
       -2.25957634815802        4.64071162388876       -0.70770568042419      H
        2.48729035487542       -3.15539233042644        0.56737756342270      H
       -1.62560394177070       -5.13042418314859        0.54158317655899      H
       -4.38567200073828       -3.48015801264689        0.23175778598167      H
$end
