$coord
    1.42866011213333     -1.08531100313333     -2.28195164200000      c
    1.64795227613333     -2.08256638913333     -4.05184582500000      h
    0.85757656913333      1.48643290286667     -2.28259134400000      c
    0.62896031213333      2.48264763686667     -4.05167470900000      h
    0.57288278413333      2.77309864486667      0.00000000000000      c
    0.12723956813333      4.76727233586667      0.00000000000000      h
    0.85757656913333      1.48643290286667      2.28259134400000      c
    0.62896031213333      2.48264763686667      4.05167470900000      h
    1.42866011213333     -1.08531100313333      2.28195164200000      c
    1.64795227613333     -2.08256638913333      4.05184582500000      h
    1.71495575413333     -2.37045054913333      0.00000000000000      c
    2.16251358013333     -4.36455054313333      0.00000000000000      h
   -5.23069342386667     -0.44157175113333      0.00000000000000      o
   -4.91925903086667     -2.22683657613333      0.00000000000000      h
   -3.55393777086667      0.26063214386667      0.00000000000000      h
$user-defined bonds
$end
