$coord
       -3.25682500240881       -2.47388373767380        0.91369931490928      O
       -2.90112263498900        0.46103382882103        0.32542729016590      S
       -4.58748189996625        1.22102513457747       -1.64826353208516      O
       -2.67124117354690        1.68253050508427        2.71550501000623      O
       -0.12447096330157        0.46438038473785       -1.12158615098922      O
        2.57262754387572        0.23794716220984        0.51194864984240      S
        4.30004518877631       -0.25556150106751       -1.90733691214984      O
        3.11821727557288        2.67401392141762        1.55504660666876      O
        2.53121420371266       -2.05085544511119        1.93435421752634      O
       -3.75012783371252       -3.33710534367129       -0.64332363082320      H
        4.76916529598746        1.37647509067573       -2.63547086307153      H
$end
