$coord
       -2.12934794361541       -2.91417453752069        2.47844675120365      O
       -1.44788984801827       -3.81892644178095        3.89645059193443      H
       -1.97012892470563       -1.11036744043686        2.90554915763875      H
        0.15189261781237       -3.85659344392254       -2.05342770725945      O
       -1.00115286674559       -4.85215845753006       -3.03804071909991      H
       -0.68327668227309       -3.57195376108985       -0.41548997187228      H
        1.63528666769759        4.07751284708784       -0.00968755583623      O
        1.87023129881837        2.85695293122802       -1.39367322864683      H
        3.30270724739957        4.53995243132367        0.53701024502242      H
       -1.50804094289729        2.08917245235434        3.55910344510511      O
       -0.36384472414408        2.86454641738559        2.31355859196016      H
       -2.98585648370981        3.14084500064366        3.60611227014449      H
        2.20631850860320        0.58649098920289       -3.76491724629884      O
        1.45119339275699        1.01371490502252       -5.35820260722741      H
        1.47190868302116       -1.04501389196763       -3.26279201676803      H
$end
