$coord
        1.27243943700000        0.00000000000000       -0.46131046000000      H
       -1.27243943700000        0.00000000000000       -0.46131046000000      H
        0.00000000000000        1.53060624299999        3.44190723499999      H
        0.00000000000000       -1.58572010100000       -3.27044105700000      H
        0.00000000000000        0.00000000000000       -2.20159313999999      N
        0.00000000000000        0.00000000000000        2.28440660200000      N
        0.00000000000000       -1.53060624299999        3.44190723499999      H
        0.00000000000000        1.58572010100000       -3.27044105700000      H
$end
