$coord
       -1.10318178923956        3.35804393494435        1.63745050913120      P
       -4.54552657272165        2.01232572688141       -0.44508539237121      P
       -3.70626100557459       -2.01139484381060       -1.16798717471643      P
       -0.93063638132188       -3.14745845387011        1.82219215939600      P
        2.50099886292857       -3.45899919005246       -0.64476739322966      P
        4.24818982088181        0.21448409137623        0.56233293028671      P
        1.55728440233053        2.69748641452668       -1.60148056282218      P
       -1.46962685711831        5.93689268060995        0.95735406226852      H
       -5.97564322414491        1.47644997238625        1.76437853382129      H
       -1.95921002856663       -1.52099893145184       -3.14399814103237      H
       -1.48750707561463       -5.76439895055330        1.56301658219532      H
        3.87541974085196       -4.86271711560579        1.20138421134069      H
        6.00587130478133        0.17232039399302       -1.48238886798192      H
        2.98982880252801        4.89796427062611       -1.02240145628591      H
$end
