$coord
       -0.23623464600000        2.64034405100000        3.61644421700000      C
        0.01509891100001       -0.06126491700001        2.60666913400000      C
        0.05319578700000       -0.09263436800000       -0.28648246000000      N
        1.86434697000000       -0.09348474500000       -1.00454054200001      H
       -0.85952296900000       -1.67437281700000       -0.96495078300001      H
       -0.85319238700001        1.47555474500000       -1.00542871299999      H
       -1.57699523600000       -1.26409440700000        3.25165151200001      H
        1.75391138400000       -0.96164376199999        3.23061886100000      H
       -0.05502882100000        2.58567427800001        5.67480935500000      H
        1.27792720099999        3.90474081400001        2.76311954900000      H
       -2.09852181499999        3.49102310300001        3.20404931400000      H
        4.01502522300000       -0.15590239399999       -3.46834639100000      O
        2.63276625000000        0.00224877399999       -5.52824220700001      N
        3.65741347599999       -0.14337351099999       -7.62982537799999      O
        0.24046763200000        0.35402126699999       -5.28227547200000      O
$end
