$coord
        1.01407994293583       -6.72804558136342       -0.10345973960547      B
        1.49371964504313       -6.69961570195746        2.09402427901026      H
       -1.12759940943642       -6.58193242354519       -0.78386191722860      H
        2.63420747696090       -7.17485842121280       -1.59946519079135      H
       -0.37697232934678        6.65965223511155        1.12482824394106      P
       -0.47524567634864        6.85446830108971       -1.52128647380029      H
       -0.47552089942389        9.28309181720640        1.52844555889588      H
       -2.99268305509317        6.30864746893659        1.41503457574848      H
        1.63550680426394       -2.17616871005541       -0.48964783844799      O
        0.09444431701434       -0.64164708411210       -0.71884479470305      C
       -1.42393681656867        0.89640809990210       -0.94576670301896      O
$end
