$coord
        0.51968598600000        0.14729091300001       -0.31795395700001      C
       -2.29556165399999       -0.40035545900000       -0.87089534100001      C
       -0.18579974899999        2.74578131300001        0.35966020900001      C
       -2.65935469500001        2.35649209000000       -0.08297219900000      C
       -2.65695096300001       -0.72463621800000       -2.88008791800001      H
        2.60790501500000       -1.24137801100001       -0.39703143100000      C
        2.44409411700000       -3.19817415600000       -0.99109703099999      H
        5.19714331600001       -0.32329621200000        0.27868356100000      C
        5.17324206200001        1.65246144400000        0.85725718800000      H
        6.00416780800000       -1.43081359300001        1.82495374200001      H
        6.49483894100000       -0.50322080300000       -1.31896449099999      H
        0.88797090500000        4.37124613099999        0.97421233000001      H
       -4.32133468800001        3.53434129200000        0.05643099800001      H
       -3.57241927100000       -2.42785759200001        0.71637433600000      C
       -5.61796261800000       -2.39694356399999        0.44873055400000      H
       -2.89944438200000       -4.30554413800001        0.19448681900001      H
       -3.17820353200001       -2.13879187600001        2.71888862200000      H
$end
