$coord
   -0.38198680680941    -10.21091315058972     -0.39223286208561       c
    0.13035003270973     -8.62728932322025      1.66263512258632       c
   -0.24270518592251     -6.06009542546242      1.46301148072888       c
   -1.11459101164355     -4.92434206016609     -0.76839959112505       c
   -2.05367053478190     -6.60058023323366     -2.66243382167059       c
   -1.52249652721898     -9.20505358696531     -2.50105814845239       c
   -3.83790279899194     -5.68647570029987     -4.46158202458613       c
   -4.83750604314382     -3.35664503825490     -4.12180025922439       c
   -3.77557892243273     -1.60831003839485     -2.35711973794383       c
   -1.54045976702197     -2.21434297857221     -1.00600826422314       c
   -4.95254899095739      0.77235490950277     -2.03487301956829       c
   -3.73623883497414      2.62867402575415     -0.76276730423743       c
   -1.13775505987885      2.32598555349173     -0.16680645584117       c
    0.06605157126822     -0.09706521833898     -0.19682256806887       c
    0.26530365318249      4.61110458796653     -0.08091990339083       c
    2.75416797246806      4.57294468022718     -0.67314740849508       c
    4.02938883430046      2.23311527726074     -0.91376470583444       c
    2.84540806943015     -0.05096935075076     -0.15992797823750       c
    6.50453814263770      2.21119840513506     -1.99185582131012       c
    7.84889024653685      0.04555766164810     -2.20065763710693       c
    7.03138323888877     -2.11963248622353     -0.82495109846779       c
    4.64264779971054     -2.05922136757366      0.42779462986560       c
    8.73153932479642     -4.11238089015065     -0.34362195286535       c
    8.27629539761156     -5.82823083244952      1.55387812750999       c
    6.14675110624331     -5.50416904164319      3.08997987980214       c
    4.39030502173969     -3.66980585802430      2.52282241362881       c
    0.79067098507244     -9.42132837647251      3.42646928407473       h
    9.65622822734798      0.00118342081156     -3.15551153560806       h
    9.62524128122267     -7.30983694671821      1.95616177392860       h
   10.48298870517405     -4.17579104843507     -1.39924649794240       h
    7.23168049054085      3.97541017540447     -2.73138270975660       h
    3.79223536994976      6.30218272633069     -1.01042990318088       h
   -0.74970997898848      6.37559217293151      0.10407493618524       h
   -4.58873073151436      4.46919198539283     -0.50396562560308       h
   -6.79689241961378      1.08152119162071     -2.86372142149088       h
   -4.54584195970948     -6.94904472636893     -5.90525963143988       h
   -0.01082366483884    -12.21726674937276     -0.26725690169492       h
   -2.16452710157583    -10.42330815523576     -4.01447733961267       h
   -6.41513863266186     -2.71684501900747     -5.25509803166574       h
   -0.02102373793048     -4.89103210437752      3.10364278209734       h
    2.86265499450459     -3.33270276679776      3.81518891747049       h
    5.88718411076860     -6.67288382218890      4.74605936270206       h
$end
