$coord
        1.60181524664341        0.92456682238325       -2.00740567361500      C
       -0.55481512320471       -1.00741846372762       -1.45100129333200      C
       -0.55481512320471       -1.00741846372762        1.45100129333200      C
        1.60181524664341        0.92456682238325        2.00740567361500      C
        4.03495549272941       -0.37608996218155       -1.25502609887727      C
        4.03495549272941       -0.37608996218155        1.25502609887727      C
        1.24111151769175        2.67331227660424        0.00000000000000      O
       -3.11512282206950        0.03621015166770       -2.19881210487595      C
       -3.11512282206950        0.03621015166770        2.19881210487595      C
       -4.41876984403799        0.55596783172496        0.00000000000000      N
       -3.90144252438308        0.37775058300668        4.30061588957815      O
       -3.90144252438308        0.37775058300668       -4.30061588957815      O
        1.49798212905062        1.84737864028850       -3.83961234961162      H
       -0.25101695910371       -2.82642746182378       -2.36483770533816      H
       -0.25101695910371       -2.82642746182378        2.36483770533816      H
        1.49798212905062        1.84737864028850        3.83961234961162      H
        5.35453269649677       -1.26278753329309       -2.53727435791081      H
        5.35453269649677       -1.26278753329309        2.53727435791081      H
       -6.15611794597223        1.34435433903051        0.00000000000000      H
$end
