$coord
    2.16444621446925     -1.61098337177084     -2.52683590770769      c
    0.00000000000000      0.00000000000000     -1.47865897009383      c
    0.00000000000000      0.00000000000000      1.47865897009383      c
    2.16444621446925      1.61098337177084      2.52683590770769      c
    0.31292941779323      2.67995709274085     -2.52683590770769      c
   -2.47737563226248     -1.06897372097001     -2.52683590770769      c
    0.31292941779323     -2.67995709274085      2.52683590770769      c
   -2.47737563226248      1.06897372097001      2.52683590770769      c
    3.98755110258785     -1.06089344505633     -1.74221845610004      h
    1.87624348253288     -3.61378279318526     -2.15040667799033      h
    2.26974303723682     -1.36994738670209     -4.57186678772644      h
    3.98755110258785      1.06089344505633      1.74221845610004      h
    1.87624348253288      3.61378279318526      2.15040667799033      h
    2.26974303723682      1.36994738670209      4.57186678772644      h
    2.19150596139108      3.43176591615109     -2.15040667799033      h
    0.05153772011370      2.65062882366098     -4.57186678772644      h
   -1.07501487716675      3.98376727625789     -1.74221845610004      h
   -2.91253622542110     -2.92287383120156     -1.74221845610004      h
   -4.06774944392396      0.18201687703417     -2.15040667799033      h
   -2.32128075735052     -1.28068143695889     -4.57186678772644      h
    2.19150596139108     -3.43176591615109      2.15040667799033      h
    0.05153772011370     -2.65062882366098      4.57186678772644      h
   -1.07501487716675     -3.98376727625789      1.74221845610004      h
   -2.91253622542110      2.92287383120156      1.74221845610004      h
   -4.06774944392396     -0.18201687703417      2.15040667799033      h
   -2.32128075735052      1.28068143695889      4.57186678772644      h
$user-defined bonds
$redundant
     number_of_atoms            26
     degrees_of_freedom         13
     internal_coordinates       13
     frozen_coordinates          0
# definitions of redundant internals
   1 k  1.0000000000000 stre    1    9           val=   2.05960
   2 k  1.0000000000000 stre    1   10           val=   2.05815
   3 k  1.0000000000000 stre    1   11           val=   2.06188
   4 k  1.0000000000000 stre    2    3           val=   2.95732
   5 k  0.4506580433209 bend    9   10    1      val=   1.40585
        0.4022602077978 bend   11   10    1
        0.4041277610267 bend   11    9    1
       -0.3940516220254 bend    2   10    1
       -0.3934305053168 bend    2    9    1
       -0.4021325187616 bend    2   11    1
   6 k -0.6740090040068 bend    9   10    1      val=   1.22484
        0.3349787037471 bend   11   10    1
        0.4037197505146 bend   11    9    1
       -0.2417341542738 bend    2   10    1
       -0.1978082430656 bend    2    9    1
        0.4158701615059 bend    2   11    1
   7 k  1.0000000000000 stre    2    5           val=   2.89461
   8 k -0.0374150971378 bend    9   10    1      val=   0.16942
        0.6089882008606 bend   11   10    1
       -0.5650130401087 bend   11    9    1
        0.3788888269568 bend    2   10    1
       -0.4053690746657 bend    2    9    1
        0.0247571472069 bend    2   11    1
   9 k  1.0000000000000 tors   10    1    2    3 val=  67.60872
        1.0000000000000 tors   10    1    2    5
        1.0000000000000 tors   10    1    2    6
        1.0000000000000 tors    9    1    2    3
        1.0000000000000 tors    9    1    2    5
        1.0000000000000 tors    9    1    2    6
        1.0000000000000 tors   11    1    2    3
        1.0000000000000 tors   11    1    2    5
        1.0000000000000 tors   11    1    2    6
  10 k  0.4204590474378 bend    5    1    2      val=   1.53875
        0.4204590474378 bend    6    1    2
        0.4204590474378 bend    6    5    2
       -0.3956608683721 bend    3    1    2
       -0.3956608683721 bend    3    5    2
       -0.3956608683721 bend    3    6    2
  11 k  1.0000000000000 tors    1    2    3    4 val=  73.32015
        1.0000000000000 tors    1    2    3    7
        1.0000000000000 tors    1    2    3    8
        1.0000000000000 tors    5    2    3    4
        1.0000000000000 tors    5    2    3    7
        1.0000000000000 tors    5    2    3    8
        1.0000000000000 tors    6    2    3    4
        1.0000000000000 tors    6    2    3    7
        1.0000000000000 tors    6    2    3    8
  12 k  0.4059613754005 bend    9   10    1      val=  -0.53734
       -0.3093134431024 bend   11   10    1
       -0.1128573486800 bend   11    9    1
       -0.1861638052626 bend    2   10    1
       -0.4772344202820 bend    2    9    1
        0.6814500129549 bend    2   11    1
  13 k  0.1035236546720 bend    9   10    1      val=  -0.01332
        0.3268543764338 bend   11   10    1
       -0.4336687897350 bend   11    9    1
       -0.6550450237722 bend    2   10    1
        0.4843791082090 bend    2    9    1
        0.1751380789582 bend    2   11    1
        13 non zero eigenvalues  of BmBt
           1           4.329721870    1    0
         1
           2           3.897912881    2    0
         2
           3           3.187786006    3    0
         3
           4           2.444833501    4    0
         4
           5           0.884469517    5    0
         5
           6           0.844400582    6    0
         6
           7           0.695702126    7    0
         7
           8           0.679335175    8    0
         8
           9           0.423123683    9    0
         9
          10           0.310909433   10    0
        10
          11           0.154823054   11    0
        11
          12           0.086120571   12    0
        12
          13           0.030036718   13    0
        13
$end
