$coord
    1.29564990588830     -0.25290922248998      2.56431754242113      n
   -0.96996023696616      0.50549674629225      1.15516429785031      c
   -0.91468286587696     -0.62528124039761     -1.51114207285764      c
    1.23123805397216      0.11828272675976     -3.08042914027875      n
    1.20535402237649     -2.10460898894721      3.05393736361058      h
    1.49042377094037      0.75515399090503      4.17948829732214      h
    1.10488664820657      1.97453152567851     -3.54628299013983      h
    2.84484345989598     -0.08607163992490     -2.06195544195503      h
   -2.75154922817613     -0.03520463757512      2.08717752420467      h
   -0.96236125562196      2.56883650975368      1.01250864655749      h
   -2.66115048304672     -0.12666206984714     -2.49751730737505      h
   -0.91269179159191     -2.69156370020725     -1.35526671936003      h
$redundant
     number_of_atoms            12
     degrees_of_freedom         30
     internal_coordinates       30
     frozen_coordinates          0
# definitions of redundant internals
   1 k  1.0000000000000 tors    6    1    2    3 val=  47.72161
        1.0000000000000 tors    5    1    2    3
   2 k  1.0000000000000 stre    1    6           val=   1.91387
   3 k  1.0000000000000 stre    1    5           val=   1.91747
   4 k  0.8512354342341 bend    5    6    1      val=   5.54915
       -0.3700506677525 bend    2    6    1
       -0.3721031292535 bend    2    5    1
   5 k  0.0368815490598 bend    5    6    1      val=   8.55669
       -0.6651212627024 bend    2    6    1
        0.7458240122443 bend    2    5    1
   6 k  0.5234863769414 bend    5    6    1      val= 110.04628
        0.6485955667418 bend    2    6    1
        0.5525267450175 bend    2    5    1
   7 k  1.0000000000000 tors    7    4    3    2 val= -10.39117
        1.0000000000000 tors    8    4    3    2
   8 k  1.0000000000000 stre    4    7           val=   1.91798
   9 k  1.0000000000000 stre    4    8           val=   1.91905
  10 k  0.8610603920368 bend    8    7    4      val=   8.27665
       -0.3537341784319 bend    3    7    4
       -0.3653041640532 bend    3    8    4
  11 k  0.5080864957061 bend    8    7    4      val= 108.71117
        0.5694366069241 bend    3    7    4
        0.6462120886953 bend    3    8    4
  12 k  0.0205697386137 bend    8    7    4      val=   7.76747
        0.7420337470115 bend    3    7    4
       -0.6700468671290 bend    3    8    4
  13 k  1.0000000000000 stre    2   10           val=   2.06828
  14 k  1.0000000000000 stre    2    9           val=   2.08208
  15 k  0.0553534735011 bend    9   10    2      val=   0.68770
       -0.4715184627236 bend    1   10    2
       -0.5380254503152 bend    1    9    2
        0.4972789421600 bend    3   10    2
        0.4876972429484 bend    3    9    2
  16 k  0.0298504748947 bend    9   10    2      val=   1.58198
        0.5569488321218 bend    1   10    2
       -0.5016886855932 bend    1    9    2
        0.4537161608599 bend    3   10    2
       -0.4810062948331 bend    3    9    2
  17 k  0.8962312014160 bend    9   10    2      val=  -0.15733
       -0.2173823608269 bend    1   10    2
       -0.1680070801889 bend    1    9    2
       -0.2426925998875 bend    3   10    2
       -0.2497768319439 bend    3    9    2
  18 k -0.0183255291336 bend    9   10    2      val=   2.56554
       -0.4704150129774 bend    1   10    2
        0.4634377240021 bend    1    9    2
        0.5541361753036 bend    3   10    2
       -0.5064903412101 bend    3    9    2
  19 k  1.0000000000000 stre    3   11           val=   2.06681
  20 k  1.0000000000000 stre    3   12           val=   2.07215
  21 k -0.0017649346914 bend   12   11    3      val=   0.14896
        0.5065382667827 bend    4   11    3
        0.4981267261825 bend    4   12    3
       -0.5016837635944 bend    2   11    3
       -0.4935575298775 bend    2   12    3
  22 k  0.0228998014109 bend   12   11    3      val=   0.52978
       -0.5186336576797 bend    4   11    3
        0.5155079251071 bend    4   12    3
       -0.4840990963835 bend    2   11    3
        0.4799941377242 bend    2   12    3
  23 k  0.9119330803167 bend   12   11    3      val=   4.45934
       -0.1912859763183 bend    4   11    3
       -0.2149007240733 bend    4   12    3
       -0.1960860002547 bend    2   11    3
       -0.2171536128754 bend    2   12    3
  24 k -0.0003114783581 bend   12   11    3      val=   0.03772
        0.4782379414234 bend    4   11    3
       -0.4860683744820 bend    4   12    3
       -0.5128520073620 bend    2   11    3
        0.5215445601649 bend    2   12    3
  25 k  1.0000000000000 tors    1    2    3    4 val= -60.07805
  26 k  1.0000000000000 stre    2    1           val=   2.77378
  27 k  1.0000000000000 bend    3    1    2      val= 110.19995
  28 k  1.0000000000000 stre    3    4           val=   2.76053
  29 k  1.0000000000000 bend    2    4    3      val= 115.65456
  30 k  1.0000000000000 stre    2    3           val=   2.89671
        30 non zero eigenvalues  of BmBt
           1           6.053625010    1    0
         1
           2           4.208747100    2    0
         2
           3           3.897596116    3    0
         3
           4           3.373289094    4    0
         4
           5           3.077491499    5    0
         5
           6           2.914831834    6    0
         6
           7           2.489733098    7    0
         7
           8           2.318876777    8    0
         8
           9           2.273799596    9    0
         9
          10           1.911669064   10    0
        10
          11           1.276932885   11    0
        11
          12           1.089897858   12    0
        12
          13           0.823642127   13    0
        13
          14           0.767755929   14    0
        14
          15           0.754661661   15    0
        15
          16           0.711438113   16    0
        16
          17           0.673613843   17    0
        17
          18           0.548670216   18    0
        18
          19           0.500019829   19    0
        19
          20           0.387323425   20    0
        20
          21           0.355842214   21    0
        21
          22           0.309298473   22    0
        22
          23           0.296817670   23    0
        23
          24           0.262669811   24    0
        24
          25           0.237831803   25    0
        25
          26           0.210664771   26    0
        26
          27           0.198881975   27    0
        27
          28           0.085982532   28    0
        28
          29           0.047909117   29    0
        29
          30           0.036274312   30    0
        30
$user-defined bonds
$end
