$coord
        0.00000000000000        0.00000000000000        1.39760951151058      C
        2.13833510142104       -0.75536983360465        2.75510958585065      C
        2.13916525811121       -0.75659588791965        5.37861108490261      C
        0.00000000000000        0.00000000000000        6.70304132986243      C
       -2.13916525811121        0.75659588791965        5.37861108490261      C
       -2.13833510142104        0.75536983360465        2.75510958585065      C
        0.00000000000000        0.00000000000000       -1.39760951151058      C
        2.13833510142104        0.75536983360465       -2.75510958585065      C
        2.13916525811121        0.75659588791965       -5.37861108490261      C
        0.00000000000000        0.00000000000000       -6.70304132986243      C
       -2.13916525811121       -0.75659588791965       -5.37861108490261      C
       -2.13833510142104       -0.75536983360465       -2.75510958585065      C
        3.79770664226975       -1.39126418910157        1.74217896204652      H
        3.80989424199117       -1.36497337427780        6.39115809430179      H
        0.00000000000000        0.00000000000000        8.74853040692253      H
       -3.80989424199117        1.36497337427780        6.39115809430179      H
       -3.79770664226975        1.39126418910157        1.74217896204652      H
        3.79770664226975        1.39126418910157       -1.74217896204652      H
        3.80989424199117        1.36497337427780       -6.39115809430179      H
        0.00000000000000        0.00000000000000       -8.74853040692253      H
       -3.80989424199117       -1.36497337427780       -6.39115809430179      H
       -3.79770664226975       -1.39126418910157       -1.74217896204652      H
$end
