$coord
   -2.33619927251900      0.00000000000000      6.29274336133455  c
   -0.72192527745476     -2.22185754149319      6.29274336133455  c
    1.89002491371426     -1.37318347880308      6.29274336133455  c
    1.89002491371426      1.37318347880308      6.29274336133455  c
   -0.72192527745476      2.22185754149319      6.29274336133455  c
    4.43015231296584     -4.91604218629124      1.12371070968761  c
    6.04442630803008     -2.69418464479805      1.12371070968761  c
    5.59825194922534     -1.32100116599497      3.45990998220660  c
    3.70822703551107     -2.69418464479805      4.90376053711613  c
    2.98630175805632     -4.91604218629124      3.45990998220660  c
    6.04442630803008      2.69418464479805      1.12371070968761  c
    4.43015231296584      4.91604218629124      1.12371070968761  c
    2.98630175805632      4.91604218629124      3.45990998220660  c
    3.70822703551107      2.69418464479805      4.90376053711613  c
    5.59825194922534      1.32100116599497      3.45990998220660  c
   -0.69449141210920      6.58113986874450      1.12371070968761  c
   -3.30644160327823      5.73246580605438      1.12371070968761  c
   -3.75261596208297      4.35928232725129      3.45990998220660  c
   -1.41641668956397      4.35928232725129      4.90376053711613  c
    0.47360822415029      5.73246580605438      3.45990998220660  c
   -6.47364560560848      1.37318347880308      1.12371070968761  c
   -6.47364560560848     -1.37318347880308      1.12371070968761  c
   -5.30554596934898     -2.22185754149319      3.45990998220660  c
   -4.58362069189423      0.00000000000000      4.90376053711613  c
   -5.30554596934898      2.22185754149319      3.45990998220660  c
   -3.30644160327823     -5.73246580605438      1.12371070968761  c
   -0.69449141210920     -6.58113986874450      1.12371070968761  c
    0.47360822415029     -5.73246580605438      3.45990998220660  c
   -1.41641668956397     -4.35928232725129      4.90376053711613  c
   -3.75261596208297     -4.35928232725129      3.45990998220660  c
   -0.47360822415029     -5.73246580605438     -3.45990998220660  c
    1.41641668956397     -4.35928232725129     -4.90376053711613  c
    3.75261596208297     -4.35928232725129     -3.45990998220660  c
    3.30644160327823     -5.73246580605438     -1.12371070968761  c
    0.69449141210920     -6.58113986874450     -1.12371070968761  c
    5.30554596934897     -2.22185754149319     -3.45990998220660  c
    4.58362069189423      0.00000000000000     -4.90376053711613  c
    5.30554596934897      2.22185754149319     -3.45990998220660  c
    6.47364560560848      1.37318347880308     -1.12371070968761  c
    6.47364560560848     -1.37318347880308     -1.12371070968761  c
    3.75261596208297      4.35928232725129     -3.45990998220660  c
    1.41641668956397      4.35928232725129     -4.90376053711613  c
   -0.47360822415029      5.73246580605438     -3.45990998220660  c
    0.69449141210920      6.58113986874450     -1.12371070968761  c
    3.30644160327823      5.73246580605438     -1.12371070968761  c
   -2.98630175805631      4.91604218629124     -3.45990998220660  c
   -3.70822703551107      2.69418464479805     -4.90376053711613  c
   -5.59825194922534      1.32100116599497     -3.45990998220660  c
   -6.04442630803008      2.69418464479805     -1.12371070968761  c
   -4.43015231296584      4.91604218629124     -1.12371070968761  c
   -5.59825194922534     -1.32100116599497     -3.45990998220660  c
   -3.70822703551107     -2.69418464479805     -4.90376053711613  c
   -2.98630175805631     -4.91604218629124     -3.45990998220660  c
   -4.43015231296584     -4.91604218629124     -1.12371070968761  c
   -6.04442630803008     -2.69418464479805     -1.12371070968761  c
   -1.89002491371426     -1.37318347880308     -6.29274336133455  c
   -1.89002491371426      1.37318347880308     -6.29274336133455  c
    0.72192527745475      2.22185754149319     -6.29274336133455  c
    2.33619927251900      0.00000000000000     -6.29274336133455  c
    0.72192527745475     -2.22185754149319     -6.29274336133455  c
$end
