$coord
    4.56528678960688     -1.53329516186742     -0.58450251957887      c
    2.05500076233304     -1.82800364118088      0.79690056973908      c
    0.00000000000000      0.00000000000000     -0.10006672564223      c
    0.55559721030658      2.69368468556724      0.79690056973908      c
   -0.95477083312648      4.72030191629477     -0.58450251957887      c
   -2.61059797263962     -0.86568104438636      0.79690056973908      c
   -3.61051595648040     -3.18700675442735     -0.58450251957887      c
    5.35216627924887      0.35401435935761     -0.35848603177922      h
    5.96145544674081     -2.87293676885434      0.11649905324919      h
    4.32252104690150     -1.87430767532745     -2.60153761258477      h
    2.32706545513050     -1.55047533324769      2.82788136606294      h
    1.40228509556037     -3.76926212541159      0.56128088924813      h
    0.00000000000000      0.00000000000000     -2.17404041742728      h
    2.56313420634878      3.09904557880936      0.56128088924813      h
    0.17921829896839      2.79053546703605      2.82788136606294      h
   -0.53806246210902      4.68056687267333     -2.60153761258477      h
   -0.49269149807616      6.59924024483382      0.11649905324919      h
   -2.98266856813260      4.45810478342915     -0.35848603177922      h
   -2.50628375409889     -1.24006013378836      2.82788136606294      h
   -3.96541930190915      0.67021654660223      0.56128088924813      h
   -2.36949771111627     -4.81211914278676     -0.35848603177922      h
   -5.46876394866465     -3.72630347597948      0.11649905324919      h
   -3.78445858479248     -2.80625919734588     -2.60153761258477      h
$user-defined bonds
$redundant
     number_of_atoms            23
     degrees_of_freedom         21
     internal_coordinates       21
     frozen_coordinates          0
# definitions of redundant internals
   1 k  1.0000000000000 stre    1   10           val=   2.06001
   2 k  1.0000000000000 stre    1    9           val=   2.05799
   3 k  1.0000000000000 stre    2   12           val=   2.06156
   4 k  1.0000000000000 stre    2   11           val=   2.06783
   5 k  1.0000000000000 stre    3   13           val=   2.07397
   6 k  1.0000000000000 stre    2    1           val=   2.88039
   7 k  1.0000000000000 stre    1    8           val=   2.05723
   8 k  0.4239082151509 bend    9    8    1      val=   1.52939
        0.4223259022511 bend   10    8    1
        0.4149020150736 bend   10    9    1
       -0.3961910039906 bend    2    8    1
       -0.3965454999394 bend    2    9    1
       -0.3944405280114 bend    2   10    1
   9 k  1.0000000000000 tors    8    1    2    3 val=  59.88421
        1.0000000000000 tors    9    1    2    3
        1.0000000000000 tors   10    1    2    3
  10 k  0.0098250184683 bend   11   12    2      val=   0.15345
       -0.4942840886330 bend    1   12    2
       -0.5072328221022 bend    1   11    2
        0.5067836138358 bend    3   12    2
        0.4913979463389 bend    3   11    2
  11 k  0.2981093613725 bend    9    8    1      val=   0.07713
       -0.6816970720195 bend   10    8    1
        0.3884907124829 bend   10    9    1
       -0.2519084155348 bend    2    8    1
        0.4417894827777 bend    2    9    1
       -0.1919871872454 bend    2   10    1
  12 k -0.6639498412673 bend    9    8    1      val=   0.61522
        0.0605518445816 bend   10    8    1
        0.6160394874300 bend   10    9    1
       -0.2820715153190 bend    2    8    1
       -0.0266516152688 bend    2    9    1
        0.3093942209789 bend    2   10    1
  13 k  1.0000000000000 stre    3    2           val=   2.89295
  14 k  1.0000000000000 tors    1    2    3    4 val=  45.83857
        1.0000000000000 tors    1    2    3    6
  15 k  0.9077783984486 bend   11   12    2      val=   2.91961
       -0.2061047417592 bend    1   12    2
       -0.2030397322137 bend    1   11    2
       -0.2015870989416 bend    3   12    2
       -0.2271491215423 bend    3   11    2
  16 k -0.0097409795682 bend   11   12    2      val=   0.03908
        0.5154426825492 bend    1   12    2
       -0.4957196884874 bend    1   11    2
        0.4900061620684 bend    3   12    2
       -0.4983772726605 bend    3   11    2
  17 k  1.0000000000000 bend    3    1    2      val= 113.93654
  18 k -0.2913741720520 bend    9    8    1      val=   0.64412
       -0.0060982495546 bend   10    8    1
        0.3029024821786 bend   10    9    1
        0.6376697782818 bend    2    8    1
        0.0039277411349 bend    2    9    1
       -0.6455043115418 bend    2   10    1
  19 k -0.2154448138962 bend    9    8    1      val=   0.01400
        0.4431010797214 bend   10    8    1
       -0.2281498942059 bend   10    9    1
       -0.3397266176806 bend    2    8    1
        0.6859006339372 bend    2    9    1
       -0.3454254430304 bend    2   10    1
  20 k -0.0114926128661 bend   11   12    2      val=   1.13577
       -0.4888913183422 bend    1   12    2
        0.4997269880387 bend    1   11    2
        0.5096848029719 bend    3   12    2
       -0.5013457267639 bend    3   11    2
  21 k  0.5773502691896 bend    4    2    3      val= 110.84255
        0.5773502691896 bend    6    2    3
        0.5773502691896 bend    6    4    3
        21 non zero eigenvalues  of BmBt
           1           5.726726999    1    0
         1
           2           3.884533706    2    0
         2
           3           3.596184963    3    0
         3
           4           3.079388026    4    0
         4
           5           2.691898212    5    0
         5
           6           2.292897572    6    0
         6
           7           2.110951807    7    0
         7
           8           0.883328271    8    0
         8
           9           0.788586114    9    0
         9
          10           0.765125910   10    0
        10
          11           0.692610033   11    0
        11
          12           0.689917644   12    0
        12
          13           0.524804480   13    0
        13
          14           0.422311238   14    0
        14
          15           0.312595745   15    0
        15
          16           0.265915203   16    0
        16
          17           0.254105141   17    0
        17
          18           0.173297511   18    0
        18
          19           0.053582811   19    0
        19
          20           0.044355998   20    0
        20
          21           0.016334708   21    0
        21
$end
