$coord
       -0.55905068900757       -2.99808007550440        0.00000000000000      P
       -0.15658426311980       -0.61004949836639        2.43022250435421      C
       -0.15658426311980       -0.61004949836639       -2.43022250435421      C
       -0.15658426311980        1.71850382176431        1.37751247191252      C
       -0.15658426311980        1.71850382176431       -1.37751247191252      C
        1.87393459572870       -4.14284247317901        0.00000000000000      H
       -0.18646462112322       -0.99652883668087        4.43672104758283      H
       -0.18646462112322       -0.99652883668087       -4.43672104758283      H
       -0.15780880599775        3.45853578762466        2.46118945518917      H
       -0.15780880599775        3.45853578762466       -2.46118945518917      H
$end
