$coord
   -4.19542367700000     -5.29165744660606      0.01962457503030      n
   -1.66854066400000     -5.68916886760606     -0.46534714396970      c
   -0.44318375000000     -3.40376637960606     -0.69956923196970      c
   -2.33088584400000     -1.48861790560606     -0.33626374096970      c
   -2.24026970400000      1.17926134339394     -0.36903536896970      c
   -4.46600598300000      2.50116246839394      0.04148303603030      c
   -6.77462564400000      1.21840323739394      0.48472015703030      c
   -6.89754665000000     -1.38895186660606      0.51903380103030      c
   -4.65232162700000     -2.73270956260606      0.10351140203030      c
   -5.49841809300000     -6.65316722760606      0.22828245003030      h
   -0.92514702600000     -7.57938051760606     -0.62298619596970      h
   -0.47549806500000      2.14134919039394     -0.71853830096970      h
   -8.44716164700000      2.35004674939394      0.79364878203030      h
   -8.67570321800000     -2.34229973160606      0.85453386403030      h
   -4.66322534600000      5.08116945739394      0.06175034703030      o
   -2.40189229800000      6.44643979439394     -0.38106347496970      c
   -1.61830040900000      6.01695043039394     -2.24212610196970      h
   -0.98550298400000      6.04157544939394      1.06572397103030      h
   -2.91248114300000      8.43182749339394     -0.29777569196970      h
    2.31785521000000     -2.98276188560606     -1.13918941696970      c
    3.65391416200000     -2.06834048560606      1.27369020603030      c
    6.32499460600000     -1.54937826560606      0.93036856803030      n
    7.39351182200000      0.66812258839394      0.13554414703030      c
    5.66647801100000      2.95321327039394      0.02323962103030      c
    2.60407877800000     -1.58436465260606     -2.63313308596970      h
    3.21213591000000     -4.72913704160606     -1.78057375596970      h
    3.45513010600000     -3.50617630060606      2.73750975303030      h
    2.72316175100000     -0.37885742060606      1.98713546703030      h
    7.52272183600000     -3.02922646760606      0.85905786803030      h
    9.63555832600000      0.80087016939394     -0.40488536096970      o
    4.85392607100000      3.36031316139394      1.87166565003030      h
    4.12026452100000      2.65320982139394     -1.30437792496970      h
    6.78840266200000      4.55404740039394     -0.59565886896970      h
$user-defined bonds
$end
