$coord
       -3.61707571665846       -2.21326241566734       -0.20914111039456      F
       -4.12085912923275        2.64361027892241       -0.77360733295901      H
        0.70571179547783       -1.46804568562192        0.40260319330016      C
       -1.70284271199248       -0.55881754958407       -0.07245619686109      C
       -2.22721391221737        1.98624548249273       -0.40689082126897      C
       -0.21016646823535        3.64828289401215       -0.24136575031326      C
        2.24393351740138        2.86731529508407        0.23334807696843      C
        2.63467443489280        0.29590222227677        0.54871426109541      C
       -0.65510226134586        6.12711283170948       -0.54503487549757      F
        3.78023043231610        4.20058933929303        0.35763959771485      H
        1.05737533649813       -3.45504988937756        0.68084171455529      H
        4.98699896397970       -0.51782531551223        1.02289296328971      F
$end
