$coord
   -2.55403842124459     -1.27685465349123      0.37937966525844       n
   -0.23437190851079     -0.05470098220828     -0.33354124512356       c
    1.85881230796409     -2.02591272490102     -0.04831456543481       c
    1.42636865360774     -4.12902857267703      0.84130859791635       o
    0.20604830126620      2.28509537980293      1.32982010211021       c
    2.47505454408393      4.53367089082696      0.05391087585609       s
   -2.36854928850557     -3.05812979924244      1.04061438516301       h
   -0.36504701256809      0.56846454122625     -2.29738278493240       h
   -1.58982166071823      3.24819261946156      1.56968896221686       h
    0.91777211778075      1.73210135945332      3.18128649922200       h
   -4.81167948773508     -0.28883052887113     -0.33605625339409       c
   -4.96347018507185      1.75989400660516     -1.41492949478779       o
    4.16597124722727     -1.29051276902528     -0.82759793858553       n
    6.33200511761392     -2.93435163898845     -0.50571353060085       c
    7.90179352729999     -2.17829988476813     -1.58818440964720       h
    6.88208288681186     -3.09126341275257      1.47197658049678       h
    5.87151590775953     -4.81354122828552     -1.19149271796432       h
    4.40440312693804      0.54025170963973     -1.30641511093489       h
   -7.10188351920578     -1.86292835555582      0.29397566444068       c
   -8.43786452872124     -0.69500067602549      1.32826832610336       h
   -6.64883883247388     -3.53286962615322      1.40033576823827       h
   -8.00403931301156     -2.43465007806150     -1.46254139008525       h
    1.01101402517916      5.28507826323503     -1.86632977694685       h
$end
