$coord
     0.000000000     0.486663024     0.000000000     C 
     2.910926357     0.537472087     0.000000000     C 
     0.099575332    -2.295079774     0.000000000     C 
     2.646863606    -2.335718332     0.000000000     C 
     3.775547807     1.366799125     1.680077899     H 
     3.775547807     1.366799125    -1.680077899     H 
     4.024747863    -3.842765360     0.000000000     H 
    -1.807114729     2.227705374     0.000000000     C 
    -1.926375336    -4.236576698     0.000000000     C 
    -1.141553235    -6.140103357     0.000000000     H 
    -3.137597100    -4.034141691     1.659816257     H 
    -3.137597100    -4.034141691    -1.659816257     H 
    -3.760482911     1.597464748     0.000000000     H 
    -1.361545686     5.020215831     0.000000000     C 
    -2.211327118     5.915991303    -1.656787027     H 
    -2.211327118     5.915991303     1.656787027     H 
     0.650063851     5.460015540     0.000000000     H 
$end
