$coord
   -3.73519885045000      2.00704773930000     -0.08910001320000      c
   -3.63631515845000     -0.86695526170000     -0.24174641020000      c
   -0.98660562545000     -1.94155361570000     -0.64384797520000      c
    0.87824212255000     -1.28318441870000      1.48037222380000      c
    2.58687567155000      0.97835649830000      0.91216185380000      c
    4.60542239355000      0.36723612130000     -1.05003512820000      c
   -2.93664411045000      2.86217520530000     -1.78531428320000      h
   -2.67966405245000      2.71409627730000      1.52964493880000      h
   -5.67503470445000      2.66883922930000      0.09769562080000      h
   -4.85653201745000     -1.50527068670000     -1.77778750420000      h
   -4.41749008845000     -1.66832569370000      1.49362109280000      h
   -0.25087293545000     -1.26800991870000     -2.45248015420000      h
   -1.14439963445000     -3.98955171670000     -0.82036728020000      h
    2.09162195355000     -2.90650061870000      1.87274358980000      h
   -0.18769183745000     -0.93508744270000      3.21510288780000      h
    3.50833818955000      1.58684448830000      2.65452134280000      h
    1.45042847555000      2.56991585330000      0.26291247480000      h
    5.78941887355000      2.00325316930000     -1.44537336420000      h
    3.76986870855000     -0.24121596370000     -2.83005685620000      h
    5.82623262655000     -1.15210924470000     -0.38266705620000      h
$redundant
     number_of_atoms            20
     degrees_of_freedom         54
     internal_coordinates       54
     frozen_coordinates          0
# definitions of redundant internals
   1 k  1.0000000000000 tors    8    1    2    3 val=  57.00965
        1.0000000000000 tors    9    1    2    3
        1.0000000000000 tors    7    1    2    3
   2 k  1.0000000000000 stre    1    8           val=   2.05777
   3 k  1.0000000000000 stre    1    9           val=   2.05811
   4 k  1.0000000000000 stre    1    7           val=   2.06060
   5 k  0.4179274333729 bend    9    8    1      val=   1.47773
        0.4239960860683 bend    7    8    1
        0.4178502459842 bend    7    9    1
       -0.3966403861537 bend    2    8    1
       -0.3976523673925 bend    2    9    1
       -0.3943528244390 bend    2    7    1
   6 k  0.3633242351428 bend    9    8    1      val=   0.12668
       -0.6838432571423 bend    7    8    1
        0.3290789739282 bend    7    9    1
       -0.2117120260897 bend    2    8    1
        0.4397739657412 bend    2    9    1
       -0.2320297519769 bend    2    7    1
   7 k -0.6306821348623 bend    9    8    1      val=   0.22747
       -0.0204732012686 bend    7    8    1
        0.6524489510277 bend    7    9    1
       -0.3006602990746 bend    2    8    1
        0.0106318962225 bend    2    9    1
        0.2926116990848 bend    2    7    1
   8 k -0.2389000808750 bend    9    8    1      val=  -0.01254
        0.4402991255532 bend    7    8    1
       -0.2025434232582 bend    7    9    1
       -0.3094688809558 bend    2    8    1
        0.6865367237440 bend    2    9    1
       -0.3754143467698 bend    2    7    1
   9 k -0.2846396626219 bend    9    8    1      val=   0.33689
       -0.0205626763141 bend    7    8    1
        0.3078757125084 bend    7    9    1
        0.6594794262080 bend    2    8    1
       -0.0381113836186 bend    2    9    1
       -0.6224181820125 bend    2    7    1
  10 k  1.0000000000000 stre    2   10           val=   2.06296
  11 k  1.0000000000000 stre    2   11           val=   2.06493
  12 k  0.0104957849546 bend   11   10    2      val=   0.17117
       -0.5006486062122 bend    1   10    2
       -0.5008879726311 bend    1   11    2
        0.5008357932392 bend    3   10    2
        0.4975093553693 bend    3   11    2
  13 k  0.0058406719656 bend   11   10    2      val=   0.07122
       -0.5071615400384 bend    1   10    2
        0.5035871144093 bend    1   11    2
       -0.4946321476522 bend    3   10    2
        0.4944614399189 bend    3   11    2
  14 k  0.9084966157379 bend   11   10    2      val=   3.20712
       -0.2015939578923 bend    1   10    2
       -0.2059090310430 bend    1   11    2
       -0.2100344231731 bend    3   10    2
       -0.2179008658802 bend    3   11    2
  15 k -0.0014855881398 bend   11   10    2      val=   0.14491
       -0.4931819773569 bend    1   10    2
        0.4959423738983 bend    1   11    2
        0.5052112309479 bend    3   10    2
       -0.5055413970532 bend    3   11    2
  16 k  1.0000000000000 stre    3   13           val=   2.06164
  17 k  1.0000000000000 stre    3   12           val=   2.06546
  18 k  0.0235473755610 bend   12   13    3      val=   0.42305
        0.4944001023478 bend    2   13    3
        0.5028178623696 bend    2   12    3
       -0.5012426251085 bend    4   13    3
       -0.5009431983360 bend    4   12    3
  19 k  0.0063613641196 bend   12   13    3      val=   0.39254
        0.4948951021424 bend    2   13    3
       -0.4879006789651 bend    2   12    3
        0.5077742496547 bend    4   13    3
       -0.5090742674454 bend    4   12    3
  20 k  0.9074523733110 bend   12   13    3      val=   2.66129
       -0.2255245612482 bend    2   13    3
       -0.2164357856377 bend    2   12    3
       -0.1985436512138 bend    4   13    3
       -0.1985065029267 bend    4   12    3
  21 k -0.0037801040698 bend   12   13    3      val=   0.36409
       -0.5089283537835 bend    2   13    3
        0.5079017776509 bend    2   12    3
        0.4949446868317 bend    4   13    3
       -0.4878966927174 bend    4   12    3
  22 k  1.0000000000000 stre    4   14           val=   2.06432
  23 k  1.0000000000000 stre    4   15           val=   2.06559
  24 k  0.0098987008577 bend   15   14    4      val=   0.18766
        0.4897567723721 bend    5   14    4
        0.5091867412575 bend    5   15    4
       -0.5053267618533 bend    3   14    4
       -0.4953928198100 bend    3   15    4
  25 k  0.0112416910446 bend   15   14    4      val=   0.39996
        0.5041573606605 bend    5   14    4
       -0.4891920660599 bend    5   15    4
        0.4960780198908 bend    3   14    4
       -0.5101928074361 bend    3   15    4
  26 k  0.9091012701200 bend   15   14    4      val=   3.28491
       -0.2257223912856 bend    5   14    4
       -0.1999140990274 bend    5   15    4
       -0.2003295773118 bend    3   14    4
       -0.2061230123074 bend    3   15    4
  27 k -0.0127562607443 bend   15   14    4      val=   1.20805
       -0.5002172802405 bend    5   14    4
        0.5058705055586 bend    5   15    4
        0.5043214505524 bend    3   14    4
       -0.4892594980981 bend    3   15    4
  28 k  1.0000000000000 stre    5   17           val=   2.06061
  29 k  1.0000000000000 stre    5   16           val=   2.06281
  30 k  0.0049207239122 bend   16   17    5      val=   0.10278
        0.5037699834083 bend    6   17    5
        0.4958934513537 bend    6   16    5
       -0.5043796284832 bend    4   17    5
       -0.4958653704067 bend    4   16    5
  31 k  0.0209261969692 bend   16   17    5      val=   0.48168
       -0.5005769838032 bend    6   17    5
        0.4974818470816 bend    6   16    5
       -0.5018574427556 bend    4   17    5
        0.4996355637281 bend    4   16    5
  32 k  0.9039764324123 bend   16   17    5      val=   1.62888
       -0.2059411587935 bend    6   17    5
       -0.2257097594134 bend    6   16    5
       -0.2010877185633 bend    4   17    5
       -0.2214355046202 bend    4   16    5
  33 k -0.0001617025936 bend   16   17    5      val=   0.01809
       -0.4966633749515 bend    6   17    5
        0.5050263453451 bend    6   16    5
        0.4951057475379 bend    4   17    5
       -0.5031343310651 bend    4   16    5
  34 k  1.0000000000000 tors   18    6    5    4 val=  59.28057
        1.0000000000000 tors   19    6    5    4
        1.0000000000000 tors   20    6    5    4
  35 k  1.0000000000000 stre    6   18           val=   2.05784
  36 k  1.0000000000000 stre    6   19           val=   2.05836
  37 k  1.0000000000000 stre    6   20           val=   2.06014
  38 k  0.4246580604417 bend   19   18    6      val=   1.49917
        0.4207979369106 bend   20   18    6
        0.4148713024383 bend   20   19    6
       -0.3952291400206 bend    5   18    6
       -0.3972713395547 bend    5   19    6
       -0.3955323501988 bend    5   20    6
  39 k -0.3012499857524 bend   19   18    6      val=   0.16938
       -0.3748033320050 bend   20   18    6
        0.6860582425351 bend   20   19    6
       -0.4462485402653 bend    5   18    6
        0.2452473274751 bend    5   19    6
        0.1970050378269 bend    5   20    6
  40 k -0.6602297535155 bend   19   18    6      val=   0.41232
        0.6193708544436 bend   20   18    6
        0.0478196652590 bend   20   19    6
       -0.0216997528306 bend    5   18    6
       -0.2862737997653 bend    5   19    6
        0.3094610300962 bend    5   20    6
  41 k  0.2138958387672 bend   19   18    6      val=  -0.06421
        0.2295122415614 bend   20   18    6
       -0.4465154275286 bend   20   19    6
       -0.6830431667135 bend    5   18    6
        0.3471959144855 bend    5   19    6
        0.3392693671421 bend    5   20    6
  42 k -0.2966609792806 bend   19   18    6      val=   0.47259
        0.3007779354303 bend   20   18    6
       -0.0006410246578 bend   20   19    6
        0.0100041192254 bend    5   18    6
        0.6348527130757 bend    5   19    6
       -0.6468279804684 bend    5   20    6
  43 k  1.0000000000000 tors    1    2    3    4 val=  60.68370
  44 k  1.0000000000000 stre    2    1           val=   2.87975
  45 k  1.0000000000000 bend    3    1    2      val= 114.22429
  46 k  1.0000000000000 tors    6    5    4    3 val= -72.40437
  47 k  1.0000000000000 stre    5    6           val=   2.88066
  48 k  1.0000000000000 bend    4    6    5      val= 112.46301
  49 k  1.0000000000000 tors    2    3    4    5 val= 262.28187
  50 k  1.0000000000000 stre    3    2           val=   2.88746
  51 k  1.0000000000000 bend    4    2    3      val= 113.78385
  52 k  1.0000000000000 stre    4    5           val=   2.89082
  53 k  1.0000000000000 bend    3    5    4      val= 114.41717
  54 k  1.0000000000000 stre    3    4           val=   2.90231
        54 non zero eigenvalues  of BmBt
           1           5.927242795    1    0
         1
           2           5.621795860    2    0
         2
           3           4.335609847    3    0
         3
           4           4.197343612    4    0
         4
           5           4.012904512    5    0
         5
           6           3.861132821    6    0
         6
           7           3.479067727    7    0
         7
           8           3.343811006    8    0
         8
           9           3.287719872    9    0
         9
          10           3.036750104   10    0
        10
          11           2.954322038   11    0
        11
          12           2.909192504   12    0
        12
          13           2.663100531   13    0
        13
          14           2.379091457   14    0
        14
          15           2.288307177   15    0
        15
          16           2.053092771   16    0
        16
          17           1.866722612   17    0
        17
          18           1.668845273   18    0
        18
          19           0.883585048   19    0
        19
          20           0.882872698   20    0
        20
          21           0.823826299   21    0
        21
          22           0.809674147   22    0
        22
          23           0.771990360   23    0
        23
          24           0.762377816   24    0
        24
          25           0.717184427   25    0
        25
          26           0.708669993   26    0
        26
          27           0.692735535   27    0
        27
          28           0.692280201   28    0
        28
          29           0.669273093   29    0
        29
          30           0.659036382   30    0
        30
          31           0.517549233   31    0
        31
          32           0.489709676   32    0
        32
          33           0.449331587   33    0
        33
          34           0.438395980   34    0
        34
          35           0.390937683   35    0
        35
          36           0.378718467   36    0
        36
          37           0.354896375   37    0
        37
          38           0.336883755   38    0
        38
          39           0.298520642   39    0
        39
          40           0.294862944   40    0
        40
          41           0.270301506   41    0
        41
          42           0.264979766   42    0
        42
          43           0.249912915   43    0
        43
          44           0.245383952   44    0
        44
          45           0.226400553   45    0
        45
          46           0.170655351   46    0
        46
          47           0.164500843   47    0
        47
          48           0.080256026   48    0
        48
          49           0.071646284   49    0
        49
          50           0.049425203   50    0
        50
          51           0.039249171   51    0
        51
          52           0.018258171   52    0
        52
          53           0.015171988   53    0
        53
          54           0.009924131   54    0
        54
$user-defined bonds
$end
