$coord
   -3.41355215356517      0.68661309312267     -0.51362567319218       c
   -3.38630608218123      0.82674951395907     -2.56785813512392       h
   -5.42667173374985     -1.00607885479152      0.06227214525698       o
   -0.86259761869991     -0.23539751519517      0.44186143356972       c
   -0.93747612698937     -0.42085712760270      2.50265313490870       h
   -0.48685770251986     -2.10809343617124     -0.32541272980904       h
    1.27417430126401      1.56809663479464     -0.27464901670133       c
    0.92034575959476      3.43988170777467      0.52619613142814       h
    1.34801157045425      1.78677763261830     -2.32641538602965       h
   -5.48724690493950     -1.17608050743204      1.86913000776332       h
   -3.80977670102570      2.57767337265813      0.23249489585505       h
    3.84405066389785      0.66901029419484      0.62933738376104       c
    5.27994016870968      2.08865760289451      0.18524985280678       h
    3.81208216690782      0.40828666936674      2.68280072715669       h
    4.38911949021512     -1.65675313631897     -0.61947301334738       o
    5.99524686343408     -2.25028398931409     -0.01876875995182       h
$end
