$coord
        3.28088935200000       -1.72026103300000       -0.30698409699999      C
        0.43358062100000       -2.09860307300001        0.20712530700001      C
        3.78565028200001        1.11560729700000        0.18510810899999      C
       -0.64680029400001        0.53996463500000       -0.01533512600000      C
        1.20192998100000        2.26892407700000       -0.02826085199999      C
       -3.32824210599999        1.08758832999999       -0.09878353599999      C
       -5.16952308100000       -0.63228152900000        0.01614959800000      C
        3.67937020300001       -2.14657565700000       -2.28301576400000      H
        4.46761270800001       -2.95140428700000        0.83704467900001      H
        0.08240906100000       -2.84641300100001        2.10354470700000      H
       -0.43308740199999       -3.42078576699999       -1.11617043600000      H
        5.14216362800001        1.92158488100000       -1.14447475200000      H
        4.56803085700000        1.43837438600000        2.07569581500000      H
        0.88389665500000        4.28774291900001       -0.10133466700001      H
       -3.82881918300000        3.07020002200000       -0.25942725299999      H
       -4.76948509600001       -2.63006394199999        0.18243981600000      H
       -7.13700373700000       -0.08828043899999       -0.04842989800000      H
$end
