$coord
       -3.23194758100000       -4.76968263800000        5.88537484699999      H
       -4.38356961500000       -5.34359957700001        4.27419030099999      C
       -6.37563854400000       -4.99132338699999        4.69262917699999      H
       -4.10912944700000       -7.37808561700000        4.01259986300000      H
       -3.44309203900000       -3.98095165499999        1.93186549100000      C
       -1.17769575100000       -3.78411749899999        1.44950043299999      O
       -5.25788596599999       -2.94784619399999        0.41043710499999      N
       -7.07988519100000       -3.39161703499999        0.77949039100000      H
       -4.68532092200001       -2.04830412100000       -2.14738813800000      C
       -3.89399017900001       -3.59614081600001       -3.27163395700000      H
       -7.09118258200001       -1.05787227200000       -3.41316901800001      C
       -7.91796000700001        0.51716199300000       -2.35500970099999      H
       -6.65149318500000       -0.39566659599999       -5.31789211400001      H
       -8.50965710299999       -2.55747066000000       -3.57268507400000      H
       -2.58125099000000       -0.03484444300000       -2.15023805200000      C
       -0.85834390699999       -0.13055003600000       -3.69037002300000      O
       -2.82015047500000        1.84708590800000       -0.41571066099999      N
       -4.44757057300001        1.98854283099999        0.57723033899999      H
       -1.11998006099999        4.01704413200000       -0.36062719600000      C
       -1.22882487300001        5.08900609000001       -2.12471490099999      H
       -1.84009910200000        5.73300318500000        1.84069932300000      C
       -1.83532879099999        4.64071718000000        3.61166407099999      H
       -0.39899760400001        7.21741906200000        1.99452797400000      H
       -4.27010241400000        6.76268676800001        1.30649220399999      O
       -4.70732979300000        7.91568857700000        2.65023176300001      H
        1.68098149000000        3.22205358600000       -0.08718634000000      C
        3.34009111900001        4.35910042100000       -1.21464238800000      O
        2.13179567200000        1.45984135800001        1.75209339600000      N
        0.66865094900000        0.30116795900000        2.19621229800001      H
        4.67017491499999        0.42514615699999        2.14505263700001      C
        5.93483570800000        2.00664259900000        2.54262687199999      H
        4.63679999700000       -1.40983329800000        4.38198439200000      C
        3.33794973200000       -2.98209409199999        4.02967662500000      H
        6.53069825899999       -2.17965569799999        4.67576307300000      H
        4.05126900999999       -0.43702313900001        6.11277113699999      H
        5.85822778099999       -0.83640254699999       -0.21076131900000      C
        8.10707427600000       -0.53004288600000       -0.67338017100000      O
        4.32733391200001       -2.46768772600000       -1.48504718100000      N
        2.44941756200000       -2.41015394800000       -1.14225228600000      H
        5.13008511400001       -3.66700961700000       -3.81954288299999      C
        7.15295999399999       -3.33518981399999       -4.03170707299999      H
        4.77739333099999       -5.70680408000000       -3.75353247500001      H
        4.12910334300001       -2.86953669300000       -5.44670320100000      H
$end
