$coord
   -1.49229420652408      1.49229420652408     -0.17650517704319      c
   -1.49229420652408     -1.49229420652408      0.17650517704319      c
    1.49229420652408     -1.49229420652408     -0.17650517704319      c
    1.49229420652408      1.49229420652408      0.17650517704319      c
   -3.03789096243378      3.03789096243378      1.73746656115297      c
   -2.35645843552459      2.35645843552459     -2.81770554446334      c
   -2.35645843552459     -2.35645843552459      2.81770554446334      c
   -3.03789096243378     -3.03789096243378     -1.73746656115297      c
    2.35645843552459     -2.35645843552459     -2.81770554446334      c
    3.03789096243378     -3.03789096243378      1.73746656115297      c
    2.35645843552459      2.35645843552459      2.81770554446334      c
    3.03789096243378      3.03789096243378     -1.73746656115297      c
   -2.58376752033735      2.58376752033735      3.69513126841058      h
   -2.69650177468462      5.06046026935648      1.45386884072574      h
   -5.06046026935648      2.69650177468462      1.45386884072574      h
   -1.38278136761875      1.38278136761875     -4.34953323346243      h
   -4.38503651212115      2.01748745680890     -3.03978716334110      h
   -2.01748745680890      4.38503651212115     -3.03978716334110      h
   -1.38278136761875     -1.38278136761875      4.34953323346243      h
   -4.38503651212115     -2.01748745680890      3.03978716334110      h
   -2.01748745680890     -4.38503651212115      3.03978716334110      h
   -2.58376752033735     -2.58376752033735     -3.69513126841058      h
   -2.69650177468462     -5.06046026935648     -1.45386884072574      h
   -5.06046026935648     -2.69650177468462     -1.45386884072574      h
    1.38278136761875     -1.38278136761875     -4.34953323346243      h
    4.38503651212115     -2.01748745680890     -3.03978716334110      h
    2.01748745680890     -4.38503651212115     -3.03978716334110      h
    2.58376752033735     -2.58376752033735      3.69513126841058      h
    2.69650177468462     -5.06046026935648      1.45386884072574      h
    5.06046026935648     -2.69650177468462      1.45386884072574      h
    1.38278136761875      1.38278136761875      4.34953323346243      h
    4.38503651212115      2.01748745680890      3.03978716334110      h
    2.01748745680890      4.38503651212115      3.03978716334110      h
    2.58376752033735      2.58376752033735     -3.69513126841058      h
    2.69650177468462      5.06046026935648     -1.45386884072574      h
    5.06046026935648      2.69650177468462     -1.45386884072574      h
$redundant
     number_of_atoms            36
     degrees_of_freedom         16
     internal_coordinates       16
     frozen_coordinates          0
# definitions of redundant internals
   1 k  0.0184159046597 bend    6    5    1      val=   0.33445
       -0.4958918209397 bend    4    5    1
        0.5039064686555 bend    4    6    1
       -0.4958918209397 bend    2    5    1
        0.5039064686555 bend    2    6    1
   2 k  1.0000000000000 stre    1    4           val=   3.00539
   3 k  1.0000000000000 stre    1    6           val=   2.91024
   4 k  1.0000000000000 stre    5   13           val=   2.06032
   5 k  1.0000000000000 stre    6   16           val=   2.05975
   6 k  1.0000000000000 stre    1    5           val=   2.90534
   7 k  0.4289535596116 bend   17   16    6      val=   1.34579
        0.4289535596116 bend   18   16    6
        0.3983629968119 bend   18   17    6
       -0.3993281710358 bend    1   16    6
       -0.3961323150043 bend    1   17    6
       -0.3961323150043 bend    1   18    6
   8 k  0.4328555259454 bend   14   13    5      val=   1.35409
        0.4328555259454 bend   15   13    5
        0.3903398597124 bend   15   14    5
       -0.3957825399060 bend    1   13    5
       -0.3976576180223 bend    1   14    5
       -0.3976576180223 bend    1   15    5
   9 k  1.0000000000000 stre    5   14           val=   2.07069
  10 k  1.0000000000000 stre    6   17           val=   2.06866
  11 k -1.0000000000000 tors    4    3    2    1 val= -13.39842
        1.0000000000000 tors    3    2    1    4
       -1.0000000000000 tors    2    1    4    3
        1.0000000000000 tors    1    4    3    2
  12 k -0.3255229528274 bend   17   16    6      val=   1.21430
       -0.3255229528274 bend   18   16    6
        0.6932740480245 bend   18   17    6
       -0.4541034833739 bend    1   16    6
        0.2249785935245 bend    1   17    6
        0.2249785935245 bend    1   18    6
  13 k -0.3199914210981 bend   14   13    5      val=   1.23717
       -0.3199914210981 bend   15   13    5
        0.6964132401821 bend   15   14    5
       -0.4597772342767 bend    1   13    5
        0.2222886350977 bend    1   14    5
        0.2222886350977 bend    1   15    5
  14 k -0.8461686096030 bend    6    5    1      val=  17.12967
        0.2607400274569 bend    4    5    1
        0.2720551049751 bend    4    6    1
        0.2607400274569 bend    2    5    1
        0.2720551049751 bend    2    6    1
  15 k -0.2193329975111 bend   14   13    5      val=   0.98173
       -0.2193329975111 bend   15   13    5
        0.4624493839537 bend   15   14    5
        0.6713325584045 bend    1   13    5
       -0.3458606914008 bend    1   14    5
       -0.3458606914008 bend    1   15    5
  16 k -0.2186421338140 bend   17   16    6      val=   1.34772
       -0.2186421338140 bend   18   16    6
        0.4602030954058 bend   18   17    6
        0.6740827891520 bend    1   16    6
       -0.3451208042053 bend    1   17    6
       -0.3451208042053 bend    1   18    6
        16 non zero eigenvalues  of BmBt
           1           5.730852352    1    0
         1
           2           4.304942921    2    0
         2
           3           3.267696135    3    0
         3
           4           3.093519940    4    0
         4
           5           2.609480511    5    0
         5
           6           2.318731382    6    0
         6
           7           0.879809820    7    0
         7
           8           0.877964589    8    0
         8
           9           0.691175836    9    0
         9
          10           0.685668655   10    0
        10
          11           0.354428442   11    0
        11
          12           0.351718597   12    0
        12
          13           0.144859459   13    0
        13
          14           0.138182356   14    0
        14
          15           0.039958741   15    0
        15
          16           0.006785471   16    0
        16
$user-defined bonds
$end
