$coord
       -2.71917984494087       -0.20752027528285        1.00546847325060      C
       -4.67203605874782        0.14092254690767        1.55880485139924      H
       -2.78267275327971       -2.04761653074050       -0.94949478519453      O
       -1.50841530406585        2.27539278044174        0.16448554205863      C
       -2.75340278520743        3.20148519720660       -1.19469808929323      H
       -1.38131232436796        3.51716961688355        1.81394055605239      H
        1.11801489254687        1.99582102716424       -1.02763874024161      C
        1.91355179996906        3.87859674733313       -1.32266467383386      H
        0.95153568941804        1.12670574303200       -2.89218238268041      H
       -1.10756281730588       -2.76348258440024       -0.95231803603707      H
       -1.73246123438077       -0.95567985882745        2.66075707181658      H
        2.98711088523981        0.44991355662194        0.53231317492028      C
        4.92488708450632        0.89204144157640       -0.02104399021580      H
        2.79893006720091        0.88679745155763        2.53699890737391      H
        2.57138247436174       -2.22913417443485        0.31405169629813      O
        3.48300525812712       -2.79218752435878       -1.15183910059938      H
$end
