$coord
        3.81193047087311        2.40759459693118        0.03808822459399      N
        2.92432720556858        0.13219706448426        0.75162605091175      C
        0.48127735895478       -0.16302841088898        1.72108826517412      C
       -1.28453941760722        1.85136928341442        1.85984908726387      C
       -4.03465567030864        1.17167463457188        2.78270623419235      C
       -0.90876065815010        4.09861985047897        1.27483486941706      O
       -5.88315663048339        0.75405573038265        0.47532159921376      C
       -8.57361910784797       -0.39734104179541        1.14374519081623      C
      -10.52928092979064        0.04090172646412       -1.01591825564236      C
      -13.16773452916792       -1.18051480130965       -0.57617148634454      C
        4.58430592335683       -2.12685095776944        0.57723503317028      C
        7.05567537063978       -2.07835354880433        1.55270036829924      C
        8.57050283063005       -4.23520406020786        1.45734534199058      C
        7.64160320929960       -6.46178209097262        0.37270278496592      C
        5.18491689216845       -6.52470020710326       -0.60165265813692      C
        3.65873867741335       -4.37383366549686       -0.49151047828721      C
        7.76260327087360       -0.35450735145078        2.41882599524651      H
       10.47096199289123       -4.18342977732488        2.24072452110854      H
        8.82515439028318       -8.14134297683503        0.29478060398681      H
        4.45441283801169       -8.25021061082360       -1.44786666406394      H
        1.74821521101459       -4.41106134678474       -1.24793670173154      H
        5.98422705699076        2.96656409790836       -1.60235504119460      C
        5.01845396892356        4.10132724406758       -4.09470583289021      C
        7.81323941869818        4.76230861309571       -0.24758331382822      C
        6.94592484684398        1.18268415240099       -2.00357874924831      H
        9.42606314026711        5.19623697170187       -1.47644065573448      H
        6.85662951769786        6.54230435733171        0.22460872936275      H
        8.51966187710852        3.91636093247158        1.50705446192428      H
        6.61639619923821        4.53097632879769       -5.34459100520445      H
        3.74849045850568        2.77853563591424       -5.05907156763536      H
        3.98224032018887        5.86256937600351       -3.73149361458751      H
        2.52420686215414        3.83930087634851        0.27804796809596      H
       -0.05844731426316       -2.02262346997744        2.37795285722244      H
       -4.06574991395506       -1.00451171848186        4.20535576463183      F
       -4.93817075986030        3.08186624991287        4.24647113911069      F
       -6.26430207410779        3.02699463970606       -0.68560978661360      F
       -4.72406431629210       -0.83030221034588       -1.19450511772967      F
       -9.46803082746743        0.77709086610729        3.25970014400294      F
       -8.30659849128436       -2.90150537336113        1.64573358862886      F
      -10.82346639294451        2.08197406060635       -1.20178594119955      H
       -9.58348622064197       -0.90547679304529       -3.25739090849257      F
      -14.69450355534915       -0.53013450277667       -2.53064734327799      F
      -13.07008358067177       -3.71909177354486       -0.46958694560206      F
      -14.23150891840232       -0.30770060000121        1.57390324411461      F
$end
