$coord
        0.61840126814607        0.37786048607401        0.53544464706298      C
        3.18237847378900        1.67490928322708        0.89475516787103      C
       -1.00585783291716        2.62549197452997       -0.32306990416244      C
       -0.32655284234137       -0.83797542507709        2.97399671343906      C
        0.79831125619318       -1.64292045545565       -1.53656838987493      C
       -1.67426996352333       -3.08272928778803       -1.91080496178891      C
       -2.57145332278000       -4.25162058769464        0.56682213486468      C
       -2.82158841799906       -2.24085137015932        2.61780529476979      C
        3.43875002636859        3.49039354094628       -1.35692332956645      C
        0.69097081461509        4.12176550721004       -2.14791662768492      C
        4.73183994502418        0.32071504827380        1.02695362841389      H
        3.13419915738798        2.74211366005210        2.66366057443628      H
       -2.79487730052266        2.07781670650580       -1.18098019355271      H
       -1.44812468064834        3.77430852529794        1.33677361291093      H
       -0.51241606422564        0.62001173504481        4.42667927548876      H
        1.10209418948937       -2.17728155581127        3.64656999092451      H
        1.40276193452222       -0.78987484872550       -3.31648957950687      H
        2.27479323501956       -2.98821545139028       -0.99291930131443      H
       -1.42049445912375       -4.54472165582183       -3.34309973404790      H
       -3.12963869694070       -1.80511815122340       -2.62808923665343      H
       -4.36418369062435       -5.23260974814326        0.29302035629113      H
       -1.19658223397892       -5.66947922306523        1.18017353243083      H
       -4.30050119811367       -0.89964747989054        2.08710580049394      H
       -3.40993003141073       -3.10124570326201        4.39716489318376      H
        4.50715696116762        5.17519195210287       -0.85662059900180      H
        4.44608665203070        2.58390397720561       -2.90566355504382      H
        0.30149729498806        6.13946081940769       -2.05538326569206      H
        0.34722952640803        3.54034772763000       -4.09239694469087      H
$end
