$coord
       -6.62894107159322       -4.44812348691525       -6.97365922083050      H
       -6.27683749859322       -3.55687863191525       -5.41018591883051      O
       -7.64515407359322       -1.21376977091526       -5.45628219383050      C
       -9.64955392759322       -1.54483426791526       -5.86591601783052      H
       -6.87635722659322        0.06818198008474       -6.89673357783051      H
       -7.38266508559323        0.06868899308476       -2.91833105583051      C
       -8.33651467359323        1.90834782808474       -3.02356951883051      H
       -8.57649040959322       -1.42820321491525       -0.94439622983051      O
       -7.21052862259322       -1.20009155591524        1.34915607916949      C
       -8.43892024759322       -0.54460815991525        2.86897028516950      H
       -6.29725296459323       -3.75239686391526        2.11491197916949      N
       -5.86953635159322       -5.62264884991524        0.37030314916949      C
       -6.26830047259322       -5.09739081791525       -1.57291134583051      H
       -5.03891693059323       -7.95665301091524        1.03221237016950      C
       -4.72879588759321       -9.39919972291525       -0.38375988183052      H
       -4.56989638859322       -8.54771810491526        3.64686616316949      C
       -3.81722381759322      -10.58867792091525        4.50668733116949      O
       -5.04558369459321       -6.52307928491524        5.29443491716949      N
       -4.72983032359321       -6.83566093991524        7.16451796216949      H
       -5.88607221059322       -4.13303832291524        4.68552476316948      C
       -6.23863158559322       -2.47020568491524        6.27380582116949      O
       -4.67354162259323        0.47806071308475       -1.98645709183051      C
       -3.45523244259323       -1.10924524691526       -2.50417152683050      H
       -5.02812772859322        0.65659030808475        0.88806067016950      C
       -3.33579212159322        0.14090676208475        1.96147662216950      H
       -5.87394678359321        3.13395002808474        1.55379393916950      O
       -5.19034785559321        4.25750532408476        0.25335273216948      H
       -3.69800535159323        2.78058298408475       -3.01378073783050      O
       -0.68993177159323        2.90569021408476       -3.90038329183051      P
       -0.41035474859321        5.50439169608476       -4.98929839883051      O
       -0.01756480759321        0.55991532808475       -5.32717479183051      O
        0.82198999440678        2.68859339008475       -1.21643683683051      O
        0.66914668840679        4.72904146908475        0.58589669616949      C
       -0.63961517159322        4.18736871008475        2.09296129916948      H
       -0.00517122859322        6.45754132908476       -0.33197968883051      H
        3.27840096740678        5.21939531708476        1.65254440616949      C
        3.15152892140677        6.77583411408475        3.02164124816949      H
        4.23768049340677        2.99060278408475        2.90959089016949      O
        6.90200497840678        2.74159529108475        2.48457035016949      C
        7.89538442040678        2.78338828208474        4.28815167016949      H
        7.42850550540679        0.23445197808475        1.41076228016948      N
        6.79321950040678       -0.31903307991525       -1.04940811383050      C
        5.89613425840678        1.20225001008476       -2.08146722383052      H
        7.21057587840678       -2.60025020191526       -2.12641681283051      C
        6.69941539140678       -2.95439146691524       -4.07352603383051      H
        8.31706449240678       -4.60635307791526       -0.65044519483051      C
        8.79973943840677       -6.77172961991525       -1.38015627183051      O
        8.79271891740678       -3.92812116091525        1.86849454416949      N
        9.52747480740679       -5.29179656791525        3.00544648516949      H
        8.39920766840677       -1.62415343791524        3.02073682516949      C
        8.84912100240679       -1.25882310591525        5.26902774016949      O
        5.24228736440678        5.88578470008474       -0.36438093083051      C
        4.82703614140677        4.88006270108475       -2.12124009783051      H
        7.73763670940677        4.95689461308475        0.80774788216949      C
        9.14098351240678        4.37825843608474       -0.60157347883051      H
        8.74272319240678        6.87517417508475        2.41982909416950      O
        8.15540372540679        8.47191761408475        1.68685691616948      H
        5.21436345040679        8.54919890408475       -0.80556524183051      O
        5.79988767840678        8.85690960108475       -2.51872638583051      H
$eht charge=-1 unpaired=0
$end
