$coord
   -4.77113461867124      0.51921475758691     -0.02227545826337      n
   -2.19604031741465      1.60743242600343     -0.06191093579691      n
   -3.04068070232779     -2.05762521765496     -2.06693712080406      h
   -0.09290106020388     -2.46999326860004     -3.03442840385113      f
   -0.59812664741059     -1.98509239606299      1.76124600573536      h
    4.69545652063269      1.00475507388473      2.02283235441832      h
   -1.58265296473335      1.71741096330492     -1.90557671433315      h
    2.98421139377606      1.41884430242964      0.57599937241164      b
    2.69220467161312      3.59932020182625      0.00599256113336      h
   -0.03138464521918      0.32184357481265      1.75217917635981      b
   -0.32750384668821      1.02636660625371      3.87195175957206      h
    2.06546608375037     -2.26672292101151     -0.59446715243159      al
    3.65576711322340     -4.66942394116901      0.06237695093514      h
   -4.76008849702644     -1.64045275175894     -1.37746065425525      o
    3.74606052126127      0.45053251417757     -1.54563200857096      h
   -2.43865300456156      3.42359007597762      0.55611026774069      h
$user-defined bonds
$end
