$coord
    0.43584076611035     -2.53154515775439      0.00000000000000       n
   -0.43584076611035      2.53154515775439      0.00000000000000       n
    0.43584076611035     -5.20140315062695      0.00000000000000       f
   -0.43584076611035      5.20140315062695      0.00000000000000       f
    1.53072919024296     -2.11222437749773      1.52402066247121       h
   -1.53072919024296      2.11222437749773      1.52402066247121       h
    1.53072919024296     -2.11222437749773     -1.52402066247121       h
   -1.53072919024296      2.11222437749773     -1.52402066247121       h
$end
