$coord
       -0.00802755600000        8.04811622600000        0.00000000000000      N
        0.87477872700000        8.74842033199999        1.54225640299999      H
        0.87477872700000        8.74842033199999       -1.54225640299999      H
       -1.79536252299999        8.72181677000000        0.00000000000000      H
        0.00489628000000        2.04490083999999        0.00000000000000      I
        0.00000000000000       -1.92187967799999        0.00000000000000      C
        2.27104434900000       -3.23462130100000        0.00000000000000      C
        2.25932426900000       -5.85622682900000        0.00000000000000      C
       -0.00737182100001       -7.16983772600000        0.00000000000000      C
       -2.27039239399999       -5.84988112899999        0.00000000000000      C
       -2.27469341000000       -3.22827938100000        0.00000000000000      C
        4.04544036300000       -2.21807722000000        0.00000000000000      H
        4.03588023900001       -6.87105315000001        0.00000000000000      H
       -0.01026121200000       -9.21523934400001        0.00000000000000      H
       -4.04977539400000       -6.85973180100000        0.00000000000000      H
       -4.04624538600000       -2.20678232700001        0.00000000000000      H
$end
