$coord
    3.45918211025454     -3.58451989615006     -1.31139961582374      h
    4.16172098351545     -2.17687843584134     -0.40934146960123      o
    2.60888639324145     -1.29419099564017      0.28404435957829      h
    0.00000000000000      0.00000000000000      3.06247670988633      h
   -0.18364091704726      2.90645738995474      0.28404435957829      h
    1.37469423530944      4.78799953187212     -1.31139961582374      h
   -0.19562846536859      4.69259531310781     -0.40934146960123      o
    0.00000000000000      0.00000000000000      1.24761346765369      o
   -2.42524547619419     -1.61226639431457      0.28404435957829      h
   -3.96609251814686     -2.51571687726647     -0.40934146960123      o
   -4.83387634556398     -1.20347963572206     -1.31139961582374      h
$redundant
     number_of_atoms            11
     degrees_of_freedom          9
     internal_coordinates        9
     frozen_coordinates          0
# definitions of redundant internals
   1 k  1.0000000000000 outp    9    5    3    8 val=  51.80167
   2 k  1.0000000000000 stre    8    4           val=   1.81486
   3 k  1.0000000000000 stre    2    1           val=   1.81348
   4 k  1.0000000000000 stre    2    3           val=   1.91604
   5 k  1.0000000000000 tors    1    2    8    5 val= 118.73740
        1.0000000000000 tors    1    2    8    9
   6 k  1.0000000000000 stre    3    8           val=   3.06752
   7 k  1.0000000000000 bend    3    1    2      val= 102.92242
   8 k  1.0000000000000 linp    8    2    3    1 val=   0.00000
   9 k  1.0000000000000 linc    8    2    3    1 val=   0.00000
         9 non zero eigenvalues  of BmBt
           1           4.662392435    1    0
         1
           2           2.866610215    2    0
         2
           3           2.550746818    3    0
         3
           4           1.795653816    4    0
         4
           5           1.207089987    5    0
         5
           6           0.888323044    6    0
         6
           7           0.510381042    7    0
         7
           8           0.235953268    8    0
         8
           9           0.082202506    9    0
         9
$user-defined bonds
$end
