$coord
    2.69299655582198      0.12170595603672     -0.45598996406123      c
    4.73625028265587      0.34847882483795     -0.46027208468075      h
    1.37237241538777      0.19646732229851     -2.62262205502905      c
    2.31924641631291      0.51361069960213     -4.41932314407474      h
   -1.37237241538777     -0.19646732229851     -2.62262205502905      c
   -2.31924641631291     -0.51361069960213     -4.41932314407474      h
   -2.69299655582198     -0.12170595603672     -0.45598996406123      c
   -4.73625028265587     -0.34847882483795     -0.46027208468075      h
   -1.38290575181018      0.45243457832431      2.01773215836032      c
   -1.44248316433067      2.51327788094216      2.33244534717467      h
   -2.40394018591811     -0.39659315541758      3.60802974231077      h
    1.38290575181018     -0.45243457832431      2.01773215836032      c
    1.44248316433067     -2.51327788094216      2.33244534717467      h
    2.40394018591811      0.39659315541758      3.60802974231077      h
$user-defined bonds
$redundant
     number_of_atoms            14
     degrees_of_freedom         19
     internal_coordinates       19
     frozen_coordinates          0
# definitions of redundant internals
   1 k -1.0000000000000 tors    3    5    7    9 val= -15.39535
        1.0000000000000 tors    5    7    9   12
       -1.0000000000000 tors    7    9   12    1
        1.0000000000000 tors    9   12    1    3
       -1.0000000000000 tors   12    1    3    5
        1.0000000000000 tors    1    3    5    7
   2 k  1.0000000000000 outp    4    5    1    3 val=  -1.01872
   3 k  1.0000000000000 outp    2   12    3    1 val=   3.49062
   4 k  1.0000000000000 stre    9   10           val=   2.08559
   5 k  1.0000000000000 stre    7    9           val=   2.85749
   6 k  1.0000000000000 stre    1    2           val=   2.05580
   7 k  1.0000000000000 stre    1    3           val=   2.53849
   8 k  1.0000000000000 stre    3    5           val=   2.77273
   9 k  1.0000000000000 stre    9   11           val=   2.07181
  10 k  1.0000000000000 stre    9   12           val=   2.91007
  11 k  1.0000000000000 stre    3    4           val=   2.05555
  12 k -0.5000000000000 tors    3    5    7    9 val=  20.99317
       -0.5000000000000 tors    5    7    9   12
        1.0000000000000 tors    7    9   12    1
       -0.5000000000000 tors    9   12    1    3
       -0.5000000000000 tors   12    1    3    5
        1.0000000000000 tors    1    3    5    7
  13 k  0.7072587256218 bend    3    2    1      val=   1.09450
       -0.7069548040942 bend   12    2    1
  14 k -0.0037219212932 bend   10   11    9      val=   0.03750
        0.5170569760983 bend    7   11    9
        0.4850301079297 bend    7   10    9
       -0.5036244361449 bend   12   11    9
       -0.4937068487366 bend   12   10    9
  15 k  0.0538536799431 bend   10   11    9      val=   0.97712
       -0.5051871602433 bend    7   11    9
        0.5063817822559 bend    7   10    9
       -0.5035012179230 bend   12   11    9
        0.4816115949926 bend   12   10    9
  16 k  0.7071172252380 bend    1    4    3      val=   1.09190
       -0.7070963369808 bend    5    4    3
  17 k  0.9018342917492 bend   10   11    9      val=   0.91250
       -0.1806428061845 bend    7   11    9
       -0.2444621914000 bend    7   10    9
       -0.1950376722145 bend   12   11    9
       -0.2371953418432 bend   12   10    9
  18 k -0.5000000000000 bend    1    5    3      val=   2.04933
       -0.5000000000000 bend    3    7    5
        1.0000000000000 bend    5    9    7
       -0.5000000000000 bend    7   12    9
       -0.5000000000000 bend    9    1   12
        1.0000000000000 bend   12    3    1
  19 k -0.0077450945534 bend   10   11    9      val=   0.86267
        0.4859261594953 bend    7   11    9
       -0.4997262439153 bend    7   10    9
       -0.4928419262812 bend   12   11    9
        0.5207651081535 bend   12   10    9
        19 non zero eigenvalues  of BmBt
           1           9.689689495    1    0
         1
           2           4.669776071    2    0
         2
           3           4.131081056    3    0
         3
           4           3.617580607    4    0
         4
           5           3.579135984    5    0
         5
           6           2.730599188    6    0
         6
           7           1.969278684    7    0
         7
           8           1.622633334    8    0
         8
           9           1.369456206    9    0
         9
          10           0.773026981   10    0
        10
          11           0.543365192   11    0
        11
          12           0.388349808   12    0
        12
          13           0.376332484   13    0
        13
          14           0.325539890   14    0
        14
          15           0.298465131   15    0
        15
          16           0.243246086   16    0
        16
          17           0.205548277   17    0
        17
          18           0.133659908   18    0
        18
          19           0.061847276   19    0
        19
$end
