$coord
    0.00000000000000      0.00000000000000      4.21919121900000      pb
    1.87580965603846      1.87580965603846      2.33146833800000      h
   -1.87580965603846     -1.87580965603846      2.33146833800000      h
    1.87931327185140     -1.87931327185140      6.10058162800000      h
   -1.87931327185140      1.87931327185140      6.10058162800000      h
    0.00000000000000      0.00000000000000     -4.21919121900000      pb
    1.87931327185140      1.87931327185140     -6.10058162800000      h
   -1.87931327185140     -1.87931327185140     -6.10058162800000      h
    1.87580965603846     -1.87580965603846     -2.33146833800000      h
   -1.87580965603846      1.87580965603846     -2.33146833800000      h
$redundant
     number_of_atoms            10
     degrees_of_freedom          5
     internal_coordinates        8
     frozen_coordinates          0
# definitions of redundant internals
   1 k  1.0000000000000 stre    1    4           val=   3.25627
   2 k -0.8936259458612 bend    5    4    1      val=   0.32454
        0.2244062548614 bend    2    4    1
        0.2244062548614 bend    2    5    1
        0.2244062548614 bend    3    4    1
        0.2244062548614 bend    3    5    1
   3 k  1.0000000000000 stre    1    2           val=   3.25589
   4 k  1.0000000000000 bend    3    2    1      val= 109.12887
   5 k  1.0000000000000 stre    2    9           val=   5.98478
   6 k  0.8906192983604 bend    9    1    2      val=  45.23191
       -0.4547496733238 bend   10    9    2
   7 k  0.4547496733238 bend    9    1    2      val=  67.01394
        0.8906192983604 bend   10    9    2
   8 k  1.0000000000000 tors    3    9    2    1 val=  16.73116
        1.0000000000000 tors    3    9    2   10
        1.0000000000000 tors    6    9    2    1
        1.0000000000000 tors    6    9    2   10
         5 non zero eigenvalues  of BmBt
           1           1.769331622    1    0
         1
           2           0.345383577    2    0
         2
           3           1.270293744    3    0
         3
           4           0.287027940    4    0
         4
           5           1.043361353    0    0
         0.000000000         0.000000000         0.000000000         0.000000000
         0.964836530         0.214642171        -0.099152097        -0.114839328
$user-defined bonds
$end
