$coord
       -0.11205381068927        6.27785298128854        0.37383085356673      C
       -2.28634341778256        4.54929344677217       -0.19835456728059      N
       -1.30901563939262        2.32689584957041       -1.38290122183286      B
        1.40736237297604        2.34018890581136       -1.60128104981426      N
        2.29179384160094        4.45323483651628       -0.15044865350088      B
       -2.73286233606222        0.05420920942878       -1.61287903019318      N
       -5.00666766208642       -0.23421615343842       -0.16308263632399      B
       -6.10954458253749        2.02669338891216        0.82669591667969      N
       -4.72124397997992        4.40394259766309        0.94589521358574      B
       -1.35515425779367       -2.28813699426169       -1.38798628938411      B
       -2.78172774950183       -4.23558744624609       -0.18064153990101      N
       -5.36645290720930       -3.22194765344646        0.39172616046864      C
        2.66518873277036       -0.03194271166413       -1.39739384553960      B
        5.07821715598384       -0.30545837607049       -0.21494098482729      N
        6.14994826727018        1.86267485211819        0.97163550446434      B
        4.79010959359361        4.25631083848764        0.86175956629520      N
        1.32385754732595       -2.39433006720056       -1.62809943787136      N
        2.71475343924130       -4.21810679153187       -0.17847249071904      B
        5.49058593200222       -3.05225600958200        0.35180192097913      C
       -1.43928633104212       -6.26605960208673        0.97333892102973      B
        1.31241411130160       -6.29291435864718        0.83414878003006      N
        5.51915412341347        5.68273678927663        1.89007009075889      H
        8.04682512006535        1.73265277449654        2.18253773889191      H
       -0.23103091555002        6.96152473964945        2.31596611685610      H
       -5.58402551825112        6.11934871274580        2.12764451256936      H
       -7.72190031511610        1.94054864190158        1.83322307226980      H
       -6.78200361016184       -4.11567418636087       -0.82206931967570      H
       -2.49325862947187       -7.85125008857805        2.17928688779842      H
        2.20021988368558       -7.63597576757052        1.84816284353404      H
        6.14044950565911       -3.29864432484812        2.29352548870894      H
       -5.89683907302622       -3.65415132952175        2.33679763133791      H
       -0.16327341589724        7.94552455381462       -0.84838124114660      H
        6.96181586301897       -3.83698692657674       -0.87083332525569      H
$end
