$coord
    2.34992311536364      5.62558892154545      0.01091236557576      n
   -0.09042745463636      4.93671576854545      0.61472139357576      c
   -0.28394862363636      2.34490743954545      0.71064955457576      c
    2.18439823636364      1.37993964954545      0.12571321957576      c
    3.18993466436364     -1.07631107545455     -0.05888277342424      c
    5.71685547136364     -1.35181611745455     -0.67336119442424      c
    7.28535638936364      0.76385496154545     -1.10904130142424      c
    6.34438811936364      3.20143897254545     -0.92252156642424      c
    3.78853560736364      3.48362041654545     -0.29861341342424      c
    2.97328702836364      7.40802949854545     -0.16019287342424      h
   -1.52168513263636      6.35002671854545      0.93760753557576      h
    2.04497047336364     -2.74315711345455      0.24906697357576      h
    9.23665532236364      0.44567612754545     -1.62831910642424      h
    7.54878797236364      4.81824695554545     -1.26838488642424      h
    6.70933578236364     -3.75827256145455     -0.94412491442424      o
    8.20937948636364     -4.49452870545455      1.16730750857576      c
    9.80881521936364     -3.21743487345455      1.43343006157576      h
    7.07822352436364     -4.52120596645455      2.89478729557576      h
    8.90489691736363     -6.38570411545455      0.76853564057576      h
   -2.62145463663636      0.83226871154545      1.19992040057576      c
   -3.74776912163636     -0.19911160845455     -1.26740978742424      c
   -6.00476524763636     -1.71149144445455     -0.85972975142424      n
   -8.28884114763637     -0.61071660645455     -0.41232011542424      c
  -10.45550837163636     -2.41421817945455      0.09353118657576      c
   -2.19690501563636     -0.74981177745455      2.45946245657576      h
   -4.04967363563636      1.99480357454545      2.12357311057576      h
   -4.25256784563636      1.38045932354545     -2.48552338142424      h
   -2.36333318363636     -1.35809945645455     -2.25842367142424      h
   -5.84972078863636     -3.59445788545455     -0.70103623142424      h
   -8.58147277563636      1.68335783354545     -0.42615290942424      o
  -11.98524156063636     -1.97731919945455     -1.20822923942424      h
   -9.93425013363636     -4.39358521145455     -0.11121306642424      h
  -11.14617865463636     -2.09169297545455      2.00426148057576      h
$user-defined bonds
$end
