$coord
        0.00000000000000        0.00000000000000        4.36540186724830      C
       -2.35680748761141        1.36070343740057        3.39126649376063      C
       -4.05788684471592        0.41961236383193        4.09425188425031      H
       -2.35689513594309        1.36075404118847        0.50339359797618      C
       -2.39233838917845        3.30442691129070        4.09425188425031      H
        0.00000000000000       -2.72140687480114        3.39126649376063      C
        0.00000000000000        0.00000000000000        6.42986403491104      H
        2.35680748761141        1.36070343740057        3.39126649376063      C
       -2.35689513594309       -1.36075404118847       -0.50339359797618      C
        0.00000000000000        2.72150808237693       -0.50339359797618      C
       -4.04442819621808        2.33505170780462       -0.19643553515235      H
       -4.04442819621808       -2.33505170780462        0.19643553515235      H
        0.00000000000000        0.00000000000000       -4.36540186724830      C
       -2.35680748761141       -1.36070343740057       -3.39126649376063      C
        0.00000000000000        2.72140687480114       -3.39126649376063      C
       -1.66554845553746        3.72403927512263       -4.09425188425031      H
        0.00000000000000        4.67010341560924        0.19643553515235      H
       -1.66554845553746       -3.72403927512263        4.09425188425031      H
        1.66554845553746       -3.72403927512263        4.09425188425031      H
        0.00000000000000       -2.72150808237693        0.50339359797618      C
        4.05788684471592        0.41961236383193        4.09425188425031      H
        2.39233838917845        3.30442691129070        4.09425188425031      H
        2.35689513594309        1.36075404118847        0.50339359797618      C
       -2.39233838917845       -3.30442691129070       -4.09425188425031      H
        4.05788684471592       -0.41961236383193       -4.09425188425031      H
        0.00000000000000       -4.67010341560924       -0.19643553515235      H
        4.04442819621808        2.33505170780462       -0.19643553515235      H
        2.35689513594309       -1.36075404118847       -0.50339359797618      C
       -4.05788684471592       -0.41961236383193       -4.09425188425031      H
        2.35680748761141       -1.36070343740057       -3.39126649376063      C
        1.66554845553746        3.72403927512263       -4.09425188425031      H
        0.00000000000000        0.00000000000000       -6.42986403491104      H
        4.04442819621808       -2.33505170780462        0.19643553515235      H
        2.39233838917845       -3.30442691129070       -4.09425188425031      H
$end
