$coord
   -3.63867380643750      0.17864590893750      0.01815427181250      c
   -2.30916069943750      2.01795030793750      0.47122111481250      o
   -2.74595649943750     -2.09322578906250     -0.52659928818750      o
   -0.86806175343750     -2.03123358706250     -0.49896577718750      h
   -6.46706183443750      0.26445695093750      0.02608605081250      c
   -7.10497697643750      2.16346939293750      0.44571675281250      h
   -7.17469142543750     -0.34055653506250     -1.80553629018750      h
   -7.18286010943750     -1.05389033606250      1.43071893381250      h
    3.63876992756250     -0.17798569306250     -0.02129611018750      c
    2.30912401556250     -2.01728337806250     -0.47442897418750      o
    2.74601360556250      2.09428771093750      0.52252634581250      o
    0.86802557256250      2.03211906393750      0.49531333881250      h
    6.46714634056250     -0.26472930506250     -0.02500827918750      c
    7.10507921656250     -2.15694820906250     -0.47386638018750      h
    7.18807405656250      1.07764310593750     -1.40350461418750      h
    7.16921036956250      0.30728039093750      1.81946890481250      h
$user-defined bonds
$end
