$coord
        0.00000000000000       -0.00000000000000       -1.42963583412027      C
        0.00000000000000        0.00000000000000        1.42963583412027      C
        1.65685026824220        0.95658295894638       -2.17672167527619      H
       -0.00000000000000       -1.91316591789273       -2.17672167527619      H
       -1.65685026824220        0.95658295894638       -2.17672167527619      H
       -1.65685026824220       -0.95658295894638        2.17672167527619      H
        1.65685026824220       -0.95658295894638        2.17672167527619      H
       -0.00000000000000        1.91316591789273        2.17672167527619      H
$end
