$coord
     0.000000000     1.477648562     2.477408097     C 
     0.000000000    -1.477648562     2.477408097     C 
     0.000000000     1.397051748    -0.403212724     C 
     0.000000000    -1.397051748    -0.403212724     C 
     0.000000000     3.153829846    -2.193344486     C 
     0.000000000    -3.153829846    -2.193344486     C 
     1.672622930     2.340110055     3.312098177     H 
    -1.672622930     2.340110055     3.312098177     H 
     1.672622930    -2.340110055     3.312098177     H 
    -1.672622930    -2.340110055     3.312098177     H 
     0.000000000     5.145973316    -1.733156523     H 
     0.000000000     2.652719867    -4.176148930     H 
     0.000000000    -2.652719867    -4.176148930     H 
     0.000000000    -5.145973316    -1.733156523     H 
$end
