$coord
        3.84508434409254        0.67051640592276        0.61990576063181      C
        3.81154359495995        0.40223576628924        2.67181763887236      H
        4.39510236315183       -1.65007673389148       -0.63786382807262      O
        1.27381903275101        1.56805317109359       -0.28214744999663      C
        0.93473224464442        3.45395827773853        0.49130044865827      H
        1.34109139335563        1.75432725546439       -2.33773484556564      H
       -0.86152992343482       -0.21494500925895        0.48424043182581      C
       -0.97581489077336       -0.33055845406890        2.54249801042059      H
       -0.47323277710175       -2.11082786988554       -0.21684229429636      H
        5.96833905302791       -2.27806485319364        0.01258368631890      H
        5.28013858995363        2.09282444901753        0.18082411420357      H
       -3.39847591847701        0.65722974148242       -0.52252817300421      C
       -3.80458751306480        2.57200797371173        0.15320576677143      H
       -3.34580358197509        0.71326012132250       -2.59063878365585      H
       -5.27245874294959       -1.07584187443926        0.34178909647663      O
       -6.87093461505650       -0.54693209628429       -0.33523552624778      H
$end
