$coord
    5.86215640562712     -9.59316011298305      3.49742246781356      h
    5.03615566262712     -8.02347641598305      3.03109062781356      o
    3.14253192362712     -7.49075774598305      4.90071787081356      c
    3.91587790762712     -7.69881563198305      6.81192248681356      h
    1.52887732562712     -8.78147687998305      4.69718833381356      h
    2.18148077962712     -4.82305329698305      4.55458998881356      c
    0.58441797662712     -4.51681223998305      5.83910912081356      h
    4.18425150162712     -3.02815205598305      5.19541912681356      o
    4.07720041362712     -0.89089690498305      3.58969249681356      c
    4.03251746462712      0.84739419201695      4.69572908781356      h
    6.42939696762712     -0.78093601698305      2.03055290381356      n
    7.84065189562712     -2.89619494698305      1.53252279981356      c
    7.12785575662712     -4.62977816998305      2.36885826381356      h
    9.97560800662712     -2.82478881498305      0.11227220881356      c
   11.04805415062712     -4.52812168298305     -0.24623753618644      h
   10.84570134662712     -0.46898968798305     -0.93510237518644      c
   12.75120598262712     -0.13787265598305     -2.25048999218644      o
    9.28197066462712      1.59189974501695     -0.34055016918644      n
    9.79955962162712      3.30553048601695     -1.03951219218644      h
    7.10136349862712      1.58517080901695      1.08975829881356      c
    5.84444097962712      3.49608629701695      1.49824165881356      o
    1.42635024262712     -4.06501201498305      1.87560255281356      c
    2.76817739362712     -4.82148123398305      0.49512804881356      h
    1.69540753962712     -1.16498767598305      1.95518798481356      c
    1.94152394062712     -0.33624135098305      0.08032620181356      h
   -0.30683708337288      0.04017203501695      3.30289917681356      o
   -1.76510102437288      0.19558064401695      2.18777357081356      h
   -1.04452261537288     -4.99832198098305      1.35029765581356      o
   -2.13091758337288     -4.84877738098305     -1.56561568718644      p
   -3.93712543237288     -7.01169784498305     -1.83192305518644      o
   -0.01501709237288     -4.36200569798305     -3.37746266818644      o
   -3.73241519537288     -2.18534692498305     -1.42463891618644      o
   -5.90376516037288     -2.09206022398305      0.22453156981356      c
   -5.32819695337288     -2.47093233198305      2.17777578581356      h
   -7.29006833637288     -3.51693081698305     -0.35090284418644      h
   -7.06437042437288      0.50156167501695      0.02166664981356      c
   -8.77378065037288      0.56272020001695      1.19377070781356      h
   -5.25202606737288      2.34077529001695      0.98726239581356      o
   -5.49634628437288      4.67138569201695     -0.32941382518644      c
   -5.83902295937288      6.21944865701695      0.98535811881356      h
   -3.07287966037288      5.24132724001695     -1.63689841918644      n
   -1.47170405637288      3.36355187601695     -2.43604332118644      c
   -2.09507685137288      1.45648179201695     -2.01317669018644      h
    0.72254674162712      3.85040538501695     -3.66373499118644      c
    1.94955111862712      2.32923378801695     -4.26290190718644      h
    1.43617927462712      6.42023374401695     -4.21396121618644      c
    3.36811588462712      7.13142664001695     -5.31608607518644      o
   -0.35495442037288      8.20909560901695     -3.41028664218644      n
    0.03090098162712     10.05244300001695     -3.79391802518644      h
   -2.59732406737288      7.77656510901695     -2.15881654918644      c
   -4.07608246537288      9.47316696201695     -1.57226563318644      o
   -7.67958035837288      1.46641230201695     -2.62744421818644      c
   -6.20221072037288      0.91191038301695     -3.96344969018644      h
   -7.67099930137288      4.34698153401695     -2.22156849118644      c
   -7.34262936437288      5.42290099501695     -3.95901620418644      h
   -9.96433580337288      5.10568667701695     -1.02425076518644      o
  -11.26889831437288      3.97984708001695     -1.69530814918644      h
  -10.07774827537288      0.50362090901695     -3.39467070218644      o
  -10.17609282837288      0.58806199201695     -5.22702121018644      h
$user-defined bonds
$end
