$coord
        0.00000000000000        0.00000000000000        4.37096267200000      C
        0.00000000000000        0.00000000000000        0.34046437300001      I
        0.00000000000000        1.94321090499999        5.02240791299999      H
        1.68286902500000       -0.97160450800000        5.02240791299999      H
       -1.68286902500000       -0.97160450800000        5.02240791299999      H
        0.00000000000000       -1.78058108600000       -6.41761150900000      H
        1.54202774700000        0.89028959800000       -6.41761150900000      H
       -1.54202774700000        0.89028959800000       -6.41761150900000      H
        0.00000000000000        0.00000000000000       -5.72638942600001      N
$end
