$coord
        0.00000000000000        0.00000000000000       -1.45457713804063      C
        0.00000000000000        0.00000000000000        1.45457713804063      C
        2.03877623463154        1.17708800788192       -2.31153780753863      F
       -0.00000000000000       -2.35417601576384       -2.31153780753863      F
       -2.03877623463154        1.17708800788192       -2.31153780753863      F
        2.03877623463154       -1.17708800788192        2.31153780753863      F
       -0.00000000000000        2.35417601576384        2.31153780753863      F
       -2.03877623463154       -1.17708800788192        2.31153780753863      F
$end
