$coord
       -2.77096581459045        1.91272330284119        0.00000000000000      O
       -1.12858808040618       10.36780929565430        0.00000000000000      O
        2.77096581459045       -1.91272330284119        0.00000000000000      O
        1.12858808040618      -10.36780929565430        0.00000000000000      O
        2.41299867630004        7.57057809829713        0.00000000000000      C
       -0.24301978945732        8.24328041076660        0.00000000000000      C
       -1.18702495098114        3.61744284629822        0.00000000000000      C
        1.18702495098114       -3.61744284629822        0.00000000000000      C
       -3.09297037124634       -5.11223316192627        0.00000000000000      C
       -2.41299867630004       -7.57057809829713        0.00000000000000      C
        0.24301978945732       -8.24328041076660        0.00000000000000      C
        3.09297037124634        5.11223316192627        0.00000000000000      C
        1.36156558990480        3.19036650657654        0.00000000000000      N
       -1.84762918949127        6.12204027175902        0.00000000000000      N
       -1.36156558990480       -3.19036650657654        0.00000000000000      N
        1.84762918949127       -6.12204027175902        0.00000000000000      N
        1.93366563320160        1.33449089527131        0.00000000000000      H
       -3.72281217575074        6.48626947402954        0.00000000000000      H
        3.79901266098023        9.05909347534180        0.00000000000000      H
        5.04379749298097        4.51331281661987        0.00000000000000      H
       -3.79901266098023       -9.05909347534180        0.00000000000000      H
       -1.93366563320160       -1.33449089527131        0.00000000000000      H
        3.72281217575074       -6.48626947402954        0.00000000000000      H
       -5.04379749298097       -4.51331281661987        0.00000000000000      H
$end
