$coord
       -1.76699093300001        2.57597204700001        0.68421403400000      C
       -1.68216302300000       -0.34073233600000        0.17500544500000      C
        1.20739714700000       -0.07336445400000        0.36357061900000      C
        0.63988030700000        2.79790921500000       -0.27036120800000      C
        2.17722984699999        4.88253360700000       -1.49654525500000      C
        3.48413089400001        6.65331551999999        0.42868963199999      C
        4.20842393800000        3.66069706399999       -3.19279656300000      C
        0.45978960900001        6.48726529699999       -3.23317188100000      C
       -3.95213778800000        4.22137498600000        1.49738504900001      C
       -3.02444011799999        6.65151574500001        2.81480223200000      C
       -5.66784099000000        4.93822553300000       -0.76730585300000      C
       -5.55769339800000        2.68521087000001        3.39499951100001      C
       -1.20489326000000       -3.23281623500000        0.46343526800001      C
        1.19183071800000       -2.92347564900000       -0.55101027299999      C
        2.48222047300000       -0.14887091300001        3.18502468699999      C
        1.67023923000001        2.04340379899999        4.93005775899999      C
        5.36116813100000        0.04415949500000        2.77966976899999      C
        1.96604937800000       -2.57663779700001        4.73304607700000      C
        2.95921433600000       -4.61547828600000       -2.01637164700000      C
        4.36733005200000       -6.49809890700000       -0.27415823400000      C
        1.39353156600000       -6.12556512800000       -3.97988255600000      C
        4.88594191700000       -2.99408166999999       -3.47632538100001      C
       -2.59123101700000       -0.38078526700000       -2.62883372999999      C
       -1.36525446300000        0.04377833700001       -4.52615433999999      O
       -5.07126677800000       -1.01884463400000       -2.66652771600001      O
       -6.22680965500001       -1.18089695200001       -5.14338363500000      C
       -2.86143046499999       -5.28727134100001        1.24980618899999      C
       -4.99800852700000       -5.00058951400000        2.06157445900000      O
       -1.69822777300000       -7.60718324800000        1.10642757500000      O
       -3.21329139700000       -9.72155967600000        1.94431015900000      C
        4.46017021100000        8.17037885200000       -0.59946303600000      H
        2.10782569200000        7.51283678800001        1.71367930600001      H
        4.88961195400001        5.63973604000001        1.56145866500000      H
        5.49181036900000        2.46560656900001       -2.09838122000001      H
        3.30811539099999        2.48817197600000       -4.63974898200000      H
        5.31876475800000        5.14967037600000       -4.11909923600001      H
       -0.54138287500001        5.26394059499999       -4.56990848899999      H
       -0.92863743000001        7.56926079399999       -2.15069223600001      H
        1.62876711400000        7.83264022000000       -4.29796482500001      H
       -1.78391966500001        6.19256479600001        4.40764546600000      H
       -1.99261117700000        7.88756208200000        1.51761002999999      H
       -4.66184838300000        7.70453021500000        3.53430803299999      H
       -4.60794697200000        5.94477750000000       -2.23016541900000      H
       -6.51303038799999        3.24457977899999       -1.59841339100000      H
       -7.20054955300000        6.16727799500000       -0.09391919300000      H
       -4.46245621299999        2.23290004100001        5.09666658499999      H
       -7.21473893900001        3.79802515300000        3.96395934600001      H
       -6.19297146500000        0.90818057900001        2.54240182100000      H
        2.66891160600000        1.83381334500000        6.73812207600000      H
        2.11740679200000        3.90176695199999        4.16186222400000      H
       -0.36509714000001        1.97650825500001        5.30131370600000      H
        6.32005440399999        0.06477376000001        4.62096245999999      H
        6.08102390899999       -1.57174897899999        1.70864205300001      H
        5.87254971600000        1.77638476099999        1.77301859200000      H
       -0.05958287200000       -2.80354003200000        5.11169973300000      H
        2.64428167300001       -4.29656850600000        3.81700329299999      H
        2.94367587500000       -2.39450128200000        6.55509852300000      H
        5.61519946000000       -5.51152361199999        1.05189367400000      H
        3.02348637400001       -7.64952728300000        0.79622924300001      H
        5.53387793700001       -7.74545015299999       -1.45405060800000      H
        0.03666125100000       -7.37190915000000       -3.04634393199999      H
        0.38189548100000       -4.82127984000000       -5.23135113600000      H
        2.68446216100001       -7.27920278300000       -5.12564780100001      H
        6.06056138900001       -1.86412606100000       -2.20439560300001      H
        6.12238282999999       -4.24035804000000       -4.58224386399999      H
        3.90378158900000       -1.70893590499999       -4.76525418900000      H
       -6.14542973899999        0.65889227300000       -6.09329295499999      H
       -5.24355725400000       -2.58920183000000       -6.30124142600001      H
       -8.18127538999999       -1.74734269600001       -4.79292620300000      H
       -2.01452443999999      -11.38521850199999        1.69122973899999      H
       -3.74033162900001       -9.48820308200000        3.93481221299999      H
       -4.93808437100001       -9.87525109000000        0.80569733700001      H
$end
