$coord
   -2.40980982271429     -1.89085802175000     -2.48905633208571      c
   -1.79599495691429     -3.81495349145000     -1.99302914048571      h
   -1.56761785271429     -1.41989848915000     -4.33163421628571      h
   -4.47184256681428     -1.93224528065000     -2.73271129738571      h
   -1.62931900661428      0.01504825415000     -0.45850160528571      c
   -2.33060293601429      1.91124879975000     -0.96257756038571      h
   -2.52111120491428     -0.46640694975000      1.35982277361429      h
    1.25015653828572      0.13836827675000     -0.09389039008571      c
    2.15267481988572      0.58699884525000     -1.92098011738571      h
    1.96193443238572     -1.73880731435000      0.45193438771429      h
    3.28486336778572      1.49811213335000      3.94345952021429      c
    4.38112980158572      0.96088491615000      5.79859142471429      o
    2.06563154558572      2.07776825915000      1.85330999461429      c
    1.62990784118572      4.07474006255000      1.57526255851429      h
$redundant
     number_of_atoms            14
     degrees_of_freedom         36
     internal_coordinates       36
     frozen_coordinates          0
# definitions of redundant internals
   1 k  1.0000000000000 stre   12   11           val=   2.22079
   2 k  1.0000000000000 linc   12   13   11   14 val=  -0.56287
   3 k  1.0000000000000 linp   12   13   11   14 val=   0.24705
   4 k  1.0000000000000 tors    4    1    5    8 val=  60.64973
        1.0000000000000 tors    2    1    5    8
        1.0000000000000 tors    3    1    5    8
   5 k  1.0000000000000 stre    1    4           val=   2.07679
   6 k  1.0000000000000 stre    1    2           val=   2.07965
   7 k  1.0000000000000 stre    1    3           val=   2.07995
   8 k  0.4213421443486 bend    2    4    1      val=   1.58586
        0.4219029466429 bend    3    4    1
        0.4193649257789 bend    3    2    1
       -0.3957052771578 bend    5    4    1
       -0.3950578258420 bend    5    2    1
       -0.3949030360818 bend    5    3    1
   9 k -0.3494599238362 bend    2    4    1      val=   0.02896
       -0.3312735170533 bend    3    4    1
        0.6828190228230 bend    3    2    1
       -0.4488519732747 bend    5    4    1
        0.2182059452272 bend    5    2    1
        0.2298083378763 bend    5    3    1
  10 k  0.6335739112463 bend    2    4    1      val=   0.02597
       -0.6441745807746 bend    3    4    1
        0.0114297619562 bend    3    2    1
       -0.0055940443494 bend    5    4    1
        0.3055577448223 bend    5    2    1
       -0.3001595246873 bend    5    3    1
  11 k  0.2282191617682 bend    2    4    1      val=   0.02693
        0.2192461906283 bend    3    4    1
       -0.4491541713869 bend    3    2    1
       -0.6814947692134 bend    5    4    1
        0.3353402673348 bend    5    2    1
        0.3481658183411 bend    5    3    1
  12 k -0.3011123453169 bend    2    4    1      val=  -0.01628
        0.3046492652793 bend    3    4    1
       -0.0036258002085 bend    3    2    1
       -0.0082589654632 bend    5    4    1
        0.6430965799652 bend    5    2    1
       -0.6347169546829 bend    5    3    1
  13 k  1.0000000000000 stre    5    7           val=   2.08168
  14 k  1.0000000000000 stre    5    6           val=   2.08362
  15 k  0.0254068265079 bend    6    7    5      val=   0.41138
       -0.5041927593874 bend    1    7    5
       -0.4992406395575 bend    1    6    5
        0.4981081757749 bend    8    7    5
        0.4977862830458 bend    8    6    5
  16 k  0.0072694366380 bend    6    7    5      val=   0.12482
       -0.5111438605670 bend    1    7    5
        0.5121347183385 bend    1    6    5
       -0.4901241789398 bend    8    7    5
        0.4859788355335 bend    8    6    5
  17 k  0.9043669005468 bend    6    7    5      val=   1.54672
       -0.1959212228115 bend    1    7    5
       -0.2054905415551 bend    1    6    5
       -0.2228018070139 bend    8    7    5
       -0.2277462969407 bend    8    6    5
  18 k -0.0016091028080 bend    6    7    5      val=   0.17319
        0.4874672039471 bend    1    7    5
       -0.4886391322421 bend    1    6    5
       -0.5096193933431 bend    8    7    5
        0.5137051763749 bend    8    6    5
  19 k  1.0000000000000 stre    8   10           val=   2.08047
  20 k  1.0000000000000 stre    8    9           val=   2.08664
  21 k  0.0036543656596 bend    9   10    8      val=   0.00241
       -0.5049222544659 bend   13   10    8
       -0.4968588458192 bend   13    9    8
        0.5021923716139 bend    5   10    8
        0.4959579334789 bend    5    9    8
  22 k  0.0209435347618 bend    9   10    8      val=   0.35214
       -0.5075779709016 bend   13   10    8
        0.5037663618454 bend   13    9    8
       -0.4970168325169 bend    5   10    8
        0.4910394003285 bend    5    9    8
  23 k  0.9064880698820 bend    9   10    8      val=   2.23559
       -0.1976906189446 bend   13   10    8
       -0.2199443808388 bend   13    9    8
       -0.2029491636871 bend    5   10    8
       -0.2227866796716 bend    5    9    8
  24 k -0.0007247419898 bend    9   10    8      val=   0.07369
        0.4908736276983 bend   13   10    8
       -0.4973596902994 bend   13    9    8
       -0.5018906043970 bend    5   10    8
        0.5096878614041 bend    5    9    8
  25 k  1.0000000000000 tors   11   13    8    5 val=  28.62418
        1.0000000000000 tors   14   13    8    5
  26 k  1.0000000000000 stre   13   11           val=   2.48822
  27 k  1.0000000000000 stre   13   14           val=   2.06278
  28 k -0.7926980433408 bend   14   11   13      val=   2.48140
        0.2273519853102 bend    8   11   13
        0.5656331734076 bend    8   14   13
  29 k  0.1959293981923 bend   14   11   13      val=  -2.00618
       -0.7836098566567 bend    8   11   13
        0.5895483555014 bend    8   14   13
  30 k  1.0000000000000 outp   11    8   14   13 val=  -0.59465
  31 k  1.0000000000000 tors    1    5    8   13 val= 178.17282
  32 k  1.0000000000000 stre    5    1           val=   2.89220
  33 k  1.0000000000000 bend    8    1    5      val= 112.55513
  34 k  1.0000000000000 stre    8   13           val=   2.86668
  35 k  1.0000000000000 bend    5   13    8      val= 113.32391
  36 k  1.0000000000000 stre    5    8           val=   2.90509
        36 non zero eigenvalues  of BmBt
           1           5.607742013    1    0
         1
           2           4.281767756    2    0
         2
           3           4.019334743    3    0
         3
           4           3.849667691    4    0
         4
           5           3.736587769    5    0
         5
           6           3.252848086    6    0
         6
           7           3.087949657    7    0
         7
           8           2.713111934    8    0
         8
           9           2.518659424    9    0
         9
          10           2.442841227   10    0
        10
          11           2.184235020   11    0
        11
          12           1.932370849   12    0
        12
          13           1.516055176   13    0
        13
          14           1.015897889   14    0
        14
          15           0.878197822   15    0
        15
          16           0.845498999   16    0
        16
          17           0.778154618   17    0
        17
          18           0.753245466   18    0
        18
          19           0.711725656   19    0
        19
          20           0.679990112   20    0
        20
          21           0.665820483   21    0
        21
          22           0.508472501   22    0
        22
          23           0.443906983   23    0
        23
          24           0.433854834   24    0
        24
          25           0.399703664   25    0
        25
          26           0.347643184   26    0
        26
          27           0.304768002   27    0
        27
          28           0.288698139   28    0
        28
          29           0.259203880   29    0
        29
          30           0.219897418   30    0
        30
          31           0.171787890   31    0
        31
          32           0.110591894   32    0
        32
          33           0.096684706   33    0
        33
          34           0.063931642   34    0
        34
          35           0.033989595   35    0
        35
          36           0.024623251   36    0
        36
$user-defined bonds
$end
