$coord
        0.00000000000000        0.00000000000000        5.69975373799999      C
        0.00000000000000        0.00000000000000        1.67666505400000      I
        0.00000000000000        1.94688453200000        6.33546512000001      H
       -1.68605132300000       -0.97344321099999        6.33546512000001      H
        1.68605132300000       -0.97344321099999        6.33546512000001      H
        0.00000000000000        0.00000000000000       -5.44848821100000      P
        0.00000000000000        0.00000000000000       -8.33082301400001      C
        0.00000000000000        0.00000000000000      -10.35593464300000      H
$end
