$coord
        0.60638982073333       -0.42210357413332       -4.03958877793334      N
       -2.94065195326666        0.03977324386667       -1.73677200793332      N
       -2.60238581926667        0.70204705286666        3.96516396506667      N
        1.75243645873333        0.40741393386667        3.40942878006668      N
        3.74650353173332       -0.20384965913334       -0.66076359793334      N
       -2.26254850626667        0.43868798086667        5.81761432506667      H
       -4.25242763726668        0.01545055086667        3.30808656706667      H
        5.57019466173334        0.14388972086667        2.74792542706668      H
        1.70565491873333       -0.79856639013332       -5.54641658293332      H
       -3.05730205726666       -0.46773419713333       -5.73197364693333      H
       -0.84686082626667        0.11311234286668       -0.20278532093333      C
        1.39235967373332       -0.17717559313332       -1.57956877293333      C
        3.73565143373333        0.11640392786667        1.84267415106666      C
       -0.57551705826666        0.38981875286667        2.42560674906666      C
       -1.97149664126667       -0.29716809313333       -4.01863125693332      C
$end
