$coord
   -3.26466358874667     -1.36207030681333     -2.68469021969333      c
   -2.64018790314667     -3.32751257851333     -2.95039381079333      h
   -2.31505064934666     -0.20140737371333     -4.12222722159333      h
   -5.30977505134667     -1.29455064181333     -3.04573596179333      h
   -2.63994936004667     -0.41621666511333     -0.00903556499333      c
   -3.29888083654667      1.54546135318667      0.22180872700667      h
   -3.70938731034667     -1.56297886601333      1.36884535420667      h
    0.12842372705333     -0.56237418991333      0.59811045020667      c
    0.98071147165333     -2.45235114041333      0.50675772040667      h
    1.60539262535333      1.40084631238667      1.19977600640667      c
    0.74905910355333      3.28728929388667      1.28252478630667      h
    4.37253730425333      1.25305536228667      1.78829749900667      c
    5.48866039055333      2.42407175608667      0.47620301810667      h
    4.77866047395333      1.96660011858667      3.70265443270667      h
    5.07444960315333     -0.69786243411333      1.66710478450667      h
$redundant
     number_of_atoms            15
     degrees_of_freedom         39
     internal_coordinates       39
     frozen_coordinates          0
# definitions of redundant internals
   1 k  1.0000000000000 tors    3    1    5    8 val=  58.10663
        1.0000000000000 tors    4    1    5    8
        1.0000000000000 tors    2    1    5    8
   2 k  1.0000000000000 stre    1    3           val=   2.07736
   3 k  1.0000000000000 stre    1    4           val=   2.07783
   4 k  1.0000000000000 stre    1    2           val=   2.07931
   5 k  0.4267131617958 bend    4    3    1      val=   1.42506
        0.4126349872870 bend    2    3    1
        0.4189899076013 bend    2    4    1
       -0.3970362012142 bend    5    3    1
       -0.3944284989972 bend    5    4    1
       -0.3986027047693 bend    5    2    1
   6 k -0.3657448775350 bend    4    3    1      val=   0.13038
        0.6893777348541 bend    2    3    1
       -0.3101852146109 bend    2    4    1
        0.2021673463349 bend    5    3    1
       -0.4454724596068 bend    5    4    1
        0.2354926913705 bend    5    2    1
   7 k -0.6218550939990 bend    4    3    1      val=  -0.03357
       -0.0308791190160 bend    2    3    1
        0.6595943589661 bend    2    4    1
       -0.3077764435305 bend    5    3    1
        0.0154828088708 bend    5    4    1
        0.2869005875447 bend    5    2    1
   8 k  0.2313719748061 bend    4    3    1      val=   0.11435
       -0.4437859932729 bend    2    3    1
        0.2104686011911 bend    2    4    1
        0.3285886635451 bend    5    3    1
       -0.6842300548248 bend    5    4    1
        0.3592807977417 bend    5    2    1
   9 k  0.2934194500619 bend    4    3    1      val=   0.29582
        0.0080695753685 bend    2    3    1
       -0.3018148076833 bend    2    4    1
       -0.6501455694475 bend    5    3    1
        0.0208656668247 bend    5    4    1
        0.6321574903594 bend    5    2    1
  10 k  1.0000000000000 stre    5    6           val=   2.08222
  11 k  1.0000000000000 stre    5    7           val=   2.08742
  12 k  0.0101378652630 bend    7    6    5      val=   0.06696
       -0.5039473389205 bend    8    6    5
       -0.4997090353326 bend    8    7    5
        0.5061821371296 bend    1    6    5
        0.4899028754159 bend    1    7    5
  13 k  0.0262416600351 bend    7    6    5      val=   0.58070
       -0.5162393485950 bend    8    6    5
        0.5067799765812 bend    8    7    5
       -0.4870790383775 bend    1    6    5
        0.4886065656030 bend    1    7    5
  14 k  0.9050892573416 bend    7    6    5      val=   2.02713
       -0.1963136297522 bend    8    6    5
       -0.2169863214056 bend    8    7    5
       -0.2024685007496 bend    1    6    5
       -0.2328042902211 bend    1    7    5
  15 k -0.0044354280688 bend    7    6    5      val=   0.44895
       -0.4811135968222 bend    8    6    5
        0.4950543507265 bend    8    7    5
        0.5082013910282 bend    1    6    5
       -0.5149393846993 bend    1    7    5
  16 k  1.0000000000000 stre    8    9           val=   2.07527
  17 k  0.7071131797235 bend   10    9    8      val=   1.27157
       -0.7071003825917 bend    5    9    8
  18 k  1.0000000000000 outp    9    5   10    8 val=   0.72680
  19 k  1.0000000000000 stre   10   11           val=   2.07336
  20 k  0.7071070458310 bend    8   11   10      val=   1.02892
       -0.7071065165420 bend   12   11   10
  21 k  1.0000000000000 outp   11   12    8   10 val=  -0.15219
  22 k  1.0000000000000 tors   15   12   10    8 val= 120.04478
        1.0000000000000 tors   13   12   10    8
        1.0000000000000 tors   14   12   10    8
  23 k  1.0000000000000 stre   12   15           val=   2.07688
  24 k  1.0000000000000 stre   12   13           val=   2.08293
  25 k  1.0000000000000 stre   12   14           val=   2.08299
  26 k  0.4366261649066 bend   13   15   12      val=   1.64992
        0.4359161515163 bend   14   15   12
        0.3905345580258 bend   14   13   12
       -0.3843436714518 bend   10   15   12
       -0.3993676834470 bend   10   13   12
       -0.3995032610466 bend   10   14   12
  27 k -0.3148510799068 bend   13   15   12      val=   0.52888
       -0.3160197542938 bend   14   15   12
        0.6885045722700 bend   14   13   12
       -0.4779172107747 bend   10   15   12
        0.2224335556927 bend   10   13   12
        0.2215405590141 bend   10   14   12
  28 k -0.6507836009454 bend   13   15   12      val=  -0.00050
        0.6505536646152 bend   14   15   12
        0.0010080356808 bend   14   13   12
       -0.0005142665274 bend   10   15   12
       -0.2768312990646 bend   10   13   12
        0.2768100168861 bend   10   14   12
  29 k  0.2295380457223 bend   13   15   12      val=   0.68744
        0.2305170286392 bend   14   15   12
       -0.4699551551194 bend   14   13   12
       -0.6639589297125 bend   10   15   12
        0.3417381611808 bend   10   13   12
        0.3401321891528 bend   10   14   12
  30 k  0.2770400947669 bend   13   15   12      val=   0.03034
       -0.2766010271481 bend   14   15   12
       -0.0004387922811 bend   14   13   12
       -0.0009062898975 bend   10   15   12
       -0.6500715760215 bend   10   13   12
        0.6512653758808 bend   10   14   12
  31 k  1.0000000000000 tors    1    5    8   10 val= 119.64253
  32 k  1.0000000000000 stre    5    1           val=   2.90586
  33 k  1.0000000000000 bend    8    1    5      val= 112.95086
  34 k  1.0000000000000 tors   12   10    8    5 val= 180.43479
  35 k  1.0000000000000 stre   10   12           val=   2.83289
  36 k  1.0000000000000 bend    8   12   10      val= 125.40140
  37 k  1.0000000000000 stre    8   10           val=   2.52936
  38 k  1.0000000000000 stre    8    5           val=   2.83794
  39 k  1.0000000000000 bend    5   10    8      val= 125.48802
        39 non zero eigenvalues  of BmBt
           1           6.977068748    1    0
         1
           2           5.098128637    2    0
         2
           3           4.381392450    3    0
         3
           4           4.105942276    4    0
         4
           5           3.688224524    5    0
         5
           6           3.598904762    6    0
         6
           7           3.227194821    7    0
         7
           8           3.092528549    8    0
         8
           9           3.044215566    9    0
         9
          10           2.668900499   10    0
        10
          11           2.443204913   11    0
        11
          12           2.153403684   12    0
        12
          13           2.146772845   13    0
        13
          14           1.429268008   14    0
        14
          15           1.223566874   15    0
        15
          16           0.878201022   16    0
        16
          17           0.871119431   17    0
        17
          18           0.770026147   18    0
        18
          19           0.713711241   19    0
        19
          20           0.682968985   20    0
        20
          21           0.678918482   21    0
        21
          22           0.677620567   22    0
        22
          23           0.670651637   23    0
        23
          24           0.569650083   24    0
        24
          25           0.457437289   25    0
        25
          26           0.408061500   26    0
        26
          27           0.346970086   27    0
        27
          28           0.330241263   28    0
        28
          29           0.300758154   29    0
        29
          30           0.296347155   30    0
        30
          31           0.266344807   31    0
        31
          32           0.262351058   32    0
        32
          33           0.246637670   33    0
        33
          34           0.166203307   34    0
        34
          35           0.101865558   35    0
        35
          36           0.079681455   36    0
        36
          37           0.038086699   37    0
        37
          38           0.034951728   38    0
        38
          39           0.021838410   39    0
        39
$user-defined bonds
$end
