$coord
       -9.48824464964407        4.95598422716950        1.78682265877966      H
       -8.01251170364407        4.13641289916950        1.07062425677967      O
       -8.49031663664407        3.71289166816949       -1.56639236522034      C
       -9.36210543964408        5.38153218916949       -2.43155956822034      H
       -9.75541977964408        2.08868106016949       -1.83606552322035      H
       -6.03601440864407        3.13756704616949       -2.90438998722033      C
       -6.47715979164407        2.65934750716950       -4.87304869822035      H
       -4.38794071964407        5.34991197116950       -2.90329130022035      O
       -1.83912176764407        4.60318221116950       -2.61243469122034      C
       -0.65761235464406        5.50606286416949       -4.04090710222033      H
       -0.89291744464408        5.49768608716948       -0.09766293222033      N
       -2.50210756464407        6.28755526816949        1.77482308777966      C
       -4.49465090064406        6.14192825916950        1.31635024077966      H
       -1.66334058964406        7.16704564916949        4.03237101477966      C
       -2.98085962864407        7.78158132916948        5.46975140477966      H
        1.00341143735593        7.32706840216950        4.53284793577967      C
        2.02267483435593        8.12541187116948        6.47627332477965      O
        2.50738369235593        6.43242506416949        2.53046441877966      N
        4.41165452635593        6.50740202216948        2.77494053777965      H
        1.71276336235593        5.50733049316948        0.22604864177966      C
        3.18179269435593        4.79497125716949       -1.43114184122034      O
       -4.39365770764406        1.04263174216949       -1.77239517422034      C
       -4.40546018064407        1.11933383016948        0.29450150877967      H
       -1.78024300764406        1.71834692316950       -2.82226041622034      C
       -0.20197031664408        0.87805569516950       -1.79046624622035      H
       -1.62960576864407        1.10412153616948       -5.44937166122034      O
       -2.73466272564408       -0.34907812783051       -5.70964173222033      H
       -5.29018037864407       -1.37215007883051       -2.59793085522034      O
       -4.93756468964406       -3.81886581283052       -0.66907279722035      P
       -6.38532855764406       -5.90346299383050       -1.91954209022034      O
       -5.38135323264406       -2.99598463083050        1.99845590777967      O
       -1.89240807264408       -4.38999713283051       -0.82859250422034      O
       -0.84635289564407       -5.28996326183051       -3.17813512722033      C
       -1.34876584064407       -4.01013650783051       -4.72319097022033      H
       -1.59438014164407       -7.17131852183052       -3.60832085522034      H
        1.99399087235594       -5.44830491383051       -2.95083189222035      C
        2.73421128235594       -6.20504304183051       -4.73585610322034      H
        3.04622167335594       -2.94362750483051       -2.54366264922034      O
        5.22061031735593       -3.09239032483052       -0.98724615122033      C
        6.83720910835592       -2.20069628183052       -1.90157325322034      H
        4.74778764735593       -1.65202435683052        1.38840700477966      N
        2.35733359135593       -1.34054403383052        2.34252342077966      C
        0.86069517335593       -2.16956588083051        1.21179831577966      H
        1.89769156935593       -0.08672954783052        4.53006984977965      C
       -0.01083530464407        0.12911873416949        5.23088380377965      H
        3.96554842335593        0.94743037016949        5.97123328177966      C
        3.82153259435593        2.10564853216949        7.99156107077966      O
        6.34295637835593        0.52209481316948        4.86280864477967      N
        7.87396210835593        1.19141043616950        5.81251311777967      H
        6.86990495835592       -0.73226674883051        2.64123259677966      C
        9.03208370535592       -1.05805172983050        1.84899653377965      O
        3.03234541535594       -7.02611934683050       -0.76388960922034      C
        1.90244952235592       -6.75025544583051        0.94620583177967      H
        5.69614663535593       -5.90009266683051       -0.43738350922034      C
        6.49242822335593       -6.19507435883052        1.45053835977966      H
        7.33461068935593       -6.87703413883051       -2.34352365922034      O
        6.75858951535594       -8.60902980383051       -2.64579818122034      H
        3.07395604835594       -9.62599812783052       -1.48167991722034      O
        3.14114620035594      -10.64636663683051        0.04421259277967      H
$eht charge=-1 unpaired=0
$end
