$coord
   -1.16035813436154      0.33696244837692      0.24111281384615      c
   -2.02445948816154     -0.32126919532308      2.01552749504615      h
    1.66430449623846     -0.30052891882308      0.28893268554615      c
    2.57312379343846      0.32763133967692     -1.47925500915385      h
    2.59069613873846      0.72657697887692      1.84037960494615      h
    2.16718940493846     -2.96467684302308      0.66547048094615      n
    1.70975882563846     -4.94992110802308     -0.37158871465385      c
    1.40816242763846     -7.01285548232308     -1.18061712405385      o
   -2.06697367686154     -0.73421203362308     -1.29695450105385      h
   -1.62225808786154      3.16983986597692     -0.11207448505385      c
   -0.75973189856154      4.27648478507692      1.42235806564615      h
   -0.82567708036154      3.85132233137692     -1.90743115285385      h
   -3.65377672046154      3.59464583177692     -0.12586015915385      h
$redundant
     number_of_atoms            13
     degrees_of_freedom         33
     internal_coordinates       33
     frozen_coordinates          0
# definitions of redundant internals
   1 k  1.0000000000000 stre    8    7           val=   2.23633
   2 k  1.0000000000000 linc    8    6    7    3 val=  -7.16444
   3 k  1.0000000000000 linp    8    6    7    3 val=  -0.10756
   4 k  1.0000000000000 stre    1    2           val=   2.08050
   5 k  1.0000000000000 stre    1    9           val=   2.08207
   6 k  0.0345515450406 bend    9    2    1      val=   0.58614
       -0.5036665129201 bend   10    2    1
       -0.5005920552286 bend   10    9    1
        0.4967499224431 bend    3    2    1
        0.4977683630896 bend    3    9    1
   7 k  0.0033901881695 bend    9    2    1      val=   0.02393
       -0.5132715207259 bend   10    2    1
        0.5142247206094 bend   10    9    1
       -0.4875760716455 bend    3    2    1
        0.4841315562002 bend    3    9    1
   8 k  0.9020943423328 bend    9    2    1      val=   1.13753
       -0.1957433391735 bend   10    2    1
       -0.2012164261318 bend   10    9    1
       -0.2308744955322 bend    3    2    1
       -0.2326354656279 bend    3    9    1
   9 k -0.0013316697004 bend    9    2    1      val=   0.14845
        0.4859446080113 bend   10    2    1
       -0.4857611352738 bend   10    9    1
       -0.5126408784228 bend    3    2    1
        0.5148703854641 bend    3    9    1
  10 k  1.0000000000000 stre    3    5           val=   2.07849
  11 k  1.0000000000000 stre    3    4           val=   2.08495
  12 k  0.0225893186259 bend    4    5    3      val=   0.66691
        0.4918123334651 bend    6    5    3
        0.5107541728568 bend    6    4    3
       -0.4967496354107 bend    1    5    3
       -0.4999803255774 bend    1    4    3
  13 k  0.0158125226314 bend    4    5    3      val=   0.84793
        0.5155834221939 bend    6    5    3
       -0.5021519460265 bend    6    4    3
        0.4898316842139 bend    1    5    3
       -0.4917642149739 bend    1    4    3
  14 k  0.9055575604500 bend    4    5    3      val=   2.50196
       -0.2311578763691 bend    6    5    3
       -0.2117955435318 bend    6    4    3
       -0.2039901275096 bend    1    5    3
       -0.2001554808718 bend    1    4    3
  15 k -0.0060599509827 bend    4    5    3      val=   0.66220
       -0.4934899656682 bend    6    5    3
        0.4880334151735 bend    6    4    3
        0.5170755689007 bend    1    5    3
       -0.5008863868175 bend    1    4    3
  16 k  1.0000000000000 tors    7    6    3    1 val=  59.89562
  17 k  1.0000000000000 stre    6    7           val=   2.28603
  18 k  1.0000000000000 bend    3    7    6      val= 138.25150
  19 k  1.0000000000000 tors   13   10    1    3 val=  60.46902
        1.0000000000000 tors   12   10    1    3
        1.0000000000000 tors   11   10    1    3
  20 k  1.0000000000000 stre   10   13           val=   2.07550
  21 k  1.0000000000000 stre   10   12           val=   2.07901
  22 k  1.0000000000000 stre   10   11           val=   2.07921
  23 k  0.4183122977634 bend   12   13   10      val=   1.56319
        0.4178008243148 bend   11   13   10
        0.4258745712138 bend   11   12   10
       -0.3976711192582 bend    1   13   10
       -0.3943045971787 bend    1   12   10
       -0.3942964720701 bend    1   11   10
  24 k  0.3508053106181 bend   12   13   10      val=   0.21603
        0.3415625715441 bend   11   13   10
       -0.6804391227155 bend   11   12   10
        0.4436153145877 bend    1   13   10
       -0.2212348180892 bend    1   12   10
       -0.2270106869044 bend    1   11   10
  25 k -0.6340776514386 bend   12   13   10      val=   0.01482
        0.6401500267991 bend   11   13   10
       -0.0054047861591 bend   11   12   10
        0.0027343638672 bend    1   13   10
       -0.3081744029338 bend    1   12   10
        0.3051971888015 bend    1   11   10
  26 k -0.2259967002793 bend   12   13   10      val=  -0.11404
       -0.2201068265428 bend   11   13   10
        0.4446952089919 bend   11   12   10
        0.6849247615210 bend    1   13   10
       -0.3370265577384 bend    1   12   10
       -0.3464329919423 bend    1   11   10
  27 k  0.3051838944378 bend   12   13   10      val=  -0.00222
       -0.3081866448949 bend   11   13   10
        0.0028379094894 bend   11   12   10
        0.0057960438708 bend    1   13   10
       -0.6398898722983 bend    1   12   10
        0.6343367291584 bend    1   11   10
  28 k  1.0000000000000 stre    3    6           val=   2.73722
  29 k  1.0000000000000 bend    1    6    3      val= 113.30997
  30 k  1.0000000000000 tors   10    1    3    6 val= 178.97831
  31 k  1.0000000000000 stre    1   10           val=   2.89193
  32 k  1.0000000000000 bend    3   10    1      val= 111.92683
  33 k  1.0000000000000 stre    1    3           val=   2.89610
        33 non zero eigenvalues  of BmBt
           1           5.705429911    1    0
         1
           2           4.173013081    2    0
         2
           3           3.914201466    3    0
         3
           4           3.744419978    4    0
         4
           5           3.477398229    5    0
         5
           6           3.124976228    6    0
         6
           7           2.828923301    7    0
         7
           8           2.669573284    8    0
         8
           9           2.437204549    9    0
         9
          10           2.233540391   10    0
        10
          11           1.947787101   11    0
        11
          12           1.611579129   12    0
        12
          13           1.211362339   13    0
        13
          14           0.877684772   14    0
        14
          15           0.794700291   15    0
        15
          16           0.767655012   16    0
        16
          17           0.743928008   17    0
        17
          18           0.704106944   18    0
        18
          19           0.680803766   19    0
        19
          20           0.649237634   20    0
        20
          21           0.465412484   21    0
        21
          22           0.441735640   22    0
        22
          23           0.389291629   23    0
        23
          24           0.330403073   24    0
        24
          25           0.318242742   25    0
        25
          26           0.286603173   26    0
        26
          27           0.261760606   27    0
        27
          28           0.243871419   28    0
        28
          29           0.166957074   29    0
        29
          30           0.116305282   30    0
        30
          31           0.062498007   31    0
        31
          32           0.029868437   32    0
        32
          33           0.022964589   33    0
        33
$user-defined bonds
$end
