$coord
        2.25849640630515        0.53938426954608       -0.36628849644344      C
        0.11992264073772       -0.86745257982419        0.33150620543444      C
        0.20165287159792       -3.47371500926639        0.36906314927755      C
        2.41211367560842       -4.69437005808855       -0.33112189913538      C
        4.53971734050013       -3.33784478870245       -1.06195930965915      C
        4.47123356098830       -0.73600729247863       -1.07034539141470      C
        2.26564475857778        3.26975795227997       -0.31999022225833      C
       -1.98945661034700        0.43288517029817        1.07331458877727      O
        0.50376441562442        4.63028366381017        0.59672675228227      O
        4.17726037488572        4.40294707777553       -1.24071575158889      O
       -4.31837018660521       -0.08190467190268        0.00192082534211      C
        4.10635660990707        6.23644875585377       -1.11035580064533      H
       -4.53524245894487       -1.54265453775816       -1.68862907059782      O
       -6.32142871795147        1.43794525973915        1.25947128179741      C
       -1.42152575647610       -4.56505220140434        0.96185318846012      H
        2.47118318792448       -6.73903366215880       -0.29095375123278      H
        6.25299187867589       -4.31460393186519       -1.59877590730296      H
        6.14557117687749        0.31132129490537       -1.59810510302365      H
       -6.43539105847583        0.94280236478399        3.25811594929111      H
       -8.13467004805897        1.08046082261855        0.36564498890528      H
       -5.90097236167021        3.45367158032928        1.14388378020802      H
       -0.86885169968089        3.61473052150929        1.31573999352681      H
$eht charge=1 unpaired=0
$end
