$coord
    0.50401534672727      4.37463177500000     -0.76147001251515      n
   -1.50873558527273      2.88583383100000     -1.48688101851515      c
   -0.77669353027273      0.38851369100000     -1.59930459651515      c
    1.84594189872727      0.33864760200000     -0.89175150151515      c
    3.61927777472727     -1.61697502400000     -0.65925851351515      c
    6.06790534472727     -1.02843876100000      0.08611366848485      c
    6.77657526872727      1.49468180700000      0.60080699748485      c
    5.04233782172727      3.45674272900000      0.37299675048485      c
    2.58598883172727      2.86103306700000     -0.37575237151515      c
    0.43529924072727      6.25093504200000     -0.49951619551515      h
   -3.32231695627273      3.72925444500000     -1.87252873951515      h
    3.14057994572727     -3.56681319800000     -1.04435443451515      h
    8.68101277572727      1.93793971500000      1.17812395648485      h
    5.60898349872727      5.38170833000000      0.76912111248485      h
    7.69477800872727     -3.03755386000000      0.27535082848485      o
   10.21178153472727     -2.50084333300000      1.01637852948485      c
   11.14683685172727     -1.24811184900000     -0.33134947951515      h
   10.28351364372727     -1.65698808200000      2.89866466948485      h
   11.18441783272727     -4.30739870300000      1.04794262348485      h
   -2.33466111627273     -1.85169599900000     -2.38195162351515      c
   -5.17291617027273     -1.36222106300000     -2.34085764251515      c
   -5.99380180227273     -0.75934556000000      0.21067495648485      n
   -8.48516363527273     -0.72844854000000      0.85068924448485      c
   -9.05488389627273      0.03626687700000      3.55234356648485      c
   -1.80225160527273     -2.44279284100000     -4.28871160351515      h
   -1.91424243627273     -3.44532271400000     -1.13540332251515      h
   -5.66383107727273      0.16741008100000     -3.64181304351515      h
   -6.20244455827273     -3.02917859500000     -2.96711850451515      h
   -4.70602723827273     -0.06967872100000      1.42407935348485      h
  -10.15549243827273     -1.30352617400000     -0.64124375551515      o
  -10.06256138327273     -1.50407145500000      4.46928963948485      h
   -7.37002687927273      0.48534325100000      4.64385307748485      h
  -10.30319531127273      1.67046222900000      3.52283738448485      h
$user-defined bonds
$end
