$coord
    0.04186141882201      1.76162256255350      0.00000000000000  c
   -0.15993193562374     -6.82783469142527      0.00000000000000  li
   -1.77801298052885      2.77017096115281      0.00000000000000  h
    1.00909495590353      2.57350022608377     -1.65103451249575  h
    1.00909495590353      2.57350022608377      1.65103451249575  h
    2.19915963685212     -1.47504122300604      0.00000000000000  li
   -2.32126605132866     -1.37591806144251      0.00000000000000  li
$user-defined bonds
$redundant
     number_of_atoms             7
     degrees_of_freedom         10
     internal_coordinates       10
     frozen_coordinates          0
# definitions of redundant internals
   1 k  1.0000000000000 stre   2    6           val=   5.84959
   2 k  1.0000000000000 stre   7    2           val=   5.86470
   3 k  1.0000000000000 stre   1    7           val=   3.92792
   4 k  1.0000000000000 stre   7    3           val=   4.18153
   5 k  1.0000000000000 stre   3    1           val=   2.08065
   6 k  1.4142135623731 stre   1    5           val=   2.07861
   7 k -0.6516663558962 bend   5    4    1      val=  48.35319
        0.3752584737346 bend   7    4    1
        0.3752584737346 bend   7    5    1
        0.3832056343360 bend   3    4    1
        0.3832056343360 bend   3    5    1
   8 k  0.5534069258665 bend   5    4    1      val=  77.17955
       -0.1102755488512 bend   7    4    1
       -0.1102755488512 bend   7    5    1
        0.5785410015954 bend   3    4    1
        0.5785410015954 bend   3    5    1
   9 k  0.7071067811865 bend   3    2    7      val= 136.14932
        0.7071067811865 bend   1    2    7
  10 k  1.0000000000000 bend   7    6    2      val=  45.40926
        10 non zero eigenvalues  of BmBt
           1           4.148954458    1    0
         1
           2           2.503499278    2    0
         2
           3           2.341307916    3    0
         3
           4           1.913533651    4    0
         4
           5           1.781003562    5    0
         5
           6           0.850624977    6    0
         6
           7           0.813680749    7    0
         7
           8           0.443275710    8    0
         8
           9           0.108747130    9    0
         9
          10           0.026543275   10    0
        10
$end
