$coord
       -1.95551647678988       -1.75376552896676       -0.39423746098570      N
       -1.91644320331392       -3.09789464304490       -1.74463271907330      H
        0.45987400323568       -1.12410177663265        0.73636846819641      C
        0.05339140292547       -0.00334180768461        2.40517517642917      H
        1.86642693142553       -3.52603763992020        1.44755505447878      C
        2.03926411711776        0.35098371923426       -1.17874686426642      C
        3.66116478607347       -3.06959857262461        2.34437902240689      H
        0.73935075343685       -4.65155804911349        2.74764693445837      H
        2.26310832839085       -4.62712666492313       -0.24541134770667      H
        2.38101211490904       -0.52315843705604       -3.29921789587557      O
       -3.72638021028698        0.11052911150071       -0.65293969404915      C
       -5.93797949775141       -0.53553417569933       -2.32894426606194      C
       -7.64146756627280        0.27160175573181       -1.51947545511118      H
       -6.17329766428631       -2.56113998377180       -2.57713222098261      H
       -5.63321138595266        0.33076050133695       -4.17092545951266      H
       -3.53123737527919        2.15433348848327        0.41984792339723      O
        3.07873399695338        2.55677235807315       -0.40292454308349      N
        4.07814835229995        3.44512133141086       -1.75891184333584      H
        2.45088801986036        3.93925785039745        1.88649543668060      C
        3.28474803943292        5.80918247735094        1.74573821617921      H
        0.41495662313163        4.14191143879494        2.08893392641995      H
        3.22811383808006        3.03170960638075        3.56251180698608      H
$end
