$coord
        0.07417455700001       -0.19110245799999        0.00000000000000      C
       -2.74967309099999        0.08548631499999        0.00000000000000      C
        1.23001065100000       -2.15160160100000        0.00000000000000      O
        1.23623730700000        2.08837537300000        0.00000000000000      O
        3.02680976200000        1.73628639400000        0.00000000000000      H
       -3.61820349199999       -1.77196251300001        0.00000000000000      H
       -3.33714105599999        1.14897071300001        1.66217463499999      H
       -3.33714105599999        1.14897071300001       -1.66217463499999      H
$end
