$coord
   -1.99704360965294     -3.01908365124118     -1.23025924077647      c
    0.62358711634706     -2.41167236644118     -2.13709769207647      c
    2.08853376834706     -0.64160453164118     -1.08257774437647      c
    1.30255512014706      0.98836028085882      1.11685101192353      c
   -1.32507300635294      0.35388429535882      2.01528905222353      c
   -2.79949849625294     -1.41249758404118      0.96800221092353      c
    1.33757568494706     -3.50073519714118     -3.74192619637647      h
   -3.36232649795294     -2.81096044384118     -2.80264451997647      h
   -2.12228198205294     -5.04435125244118     -0.71696351287647      h
    2.63300672054706      0.62995889555882      2.69734721652353      h
   -2.03748832215294      1.45238087025882      3.61641575472353      h
   -4.69297340635294     -1.74051396004118      1.72847909802353      h
    3.98134472914706     -0.30368406374118     -1.84499548127647      h
    1.54663096844706      3.82719249285882      0.47504397842353      c
    1.05444547964706      5.00335996595882      2.11701285362353      h
    3.49170711494706      4.29640519805882     -0.08832971597647      h
    0.27729861824706      4.33356105165882     -1.08964707267647      h
$redundant
     number_of_atoms            17
     degrees_of_freedom         45
     internal_coordinates       45
     frozen_coordinates          0
# definitions of redundant internals
   1 k  1.0000000000000 stre    2    7           val=   2.06672
   2 k  0.7071072834511 bend    3    7    2      val=   1.25076
       -0.7071062789216 bend    1    7    2
   3 k  1.0000000000000 outp    7    1    3    2 val=  -0.20156
   4 k  1.0000000000000 stre    1    8           val=   2.09278
   5 k  1.0000000000000 stre    1    9           val=   2.09305
   6 k  0.0002905149303 bend    9    8    1      val=   0.00431
       -0.5001816095793 bend    6    8    1
       -0.4998594299638 bend    6    9    1
        0.5001444289512 bend    2    8    1
        0.4998143390350 bend    2    9    1
   7 k  0.0007607330438 bend    9    8    1      val=   0.01624
       -0.5002237658689 bend    6    8    1
        0.5000998656175 bend    6    9    1
       -0.4998961617675 bend    2    8    1
        0.4997795085881 bend    2    9    1
   8 k  0.9071516131803 bend    9    8    1      val=   1.02941
       -0.2098927737681 bend    6    8    1
       -0.2106295589842 bend    6    9    1
       -0.2101697008296 bend    2    8    1
       -0.2109143427071 bend    2    9    1
   9 k -0.0000034219386 bend    9    8    1      val=   0.00033
       -0.4996735182432 bend    6    8    1
        0.5000023995559 bend    6    9    1
        0.5000002411478 bend    2    8    1
       -0.5003236297092 bend    2    9    1
  10 k  1.0000000000000 stre    4   10           val=   2.09679
  11 k -0.7092925812398 bend    3   10    4      val=   0.02719
        0.7048985479507 bend    5   10    4
        0.0046980096998 bend   14   10    4
  12 k -0.3999256805705 bend    3   10    4      val=  -0.06374
       -0.4078890065201 bend    5   10    4
        0.8207837768744 bend   14   10    4
  13 k  1.0000000000000 stre    5   11           val=   2.06829
  14 k  0.7071130729838 bend    6   11    5      val=   1.53439
       -0.7071004893333 bend    4   11    5
  15 k  1.0000000000000 outp   11    4    6    5 val=   0.69093
  16 k  1.0000000000000 stre    6   12           val=   2.06668
  17 k  0.7071074916886 bend    5   12    6      val=   1.25813
       -0.7071060706838 bend    1   12    6
  18 k  1.0000000000000 outp   12    1    5    6 val=   0.23961
  19 k  1.0000000000000 stre    3   13           val=   2.06838
  20 k  0.7071119425455 bend    2   13    3      val=   1.53162
       -0.7071016197899 bend    4   13    3
  21 k  1.0000000000000 outp   13    4    2    3 val=  -0.62620
  22 k  1.0000000000000 tors   17   14    4    3 val=  59.90952
        1.0000000000000 tors   17   14    4    5
        1.0000000000000 tors   16   14    4    3
        1.0000000000000 tors   16   14    4    5
        1.0000000000000 tors   15   14    4    3
        1.0000000000000 tors   15   14    4    5
  23 k  1.0000000000000 stre   14   17           val=   2.07747
  24 k  1.0000000000000 stre   14   16           val=   2.07867
  25 k  1.0000000000000 stre   14   15           val=   2.07886
  26 k  0.4192530609762 bend   16   17   14      val=   1.20638
        0.4184371184720 bend   15   17   14
        0.4151975118590 bend   15   16   14
       -0.3974070041082 bend    4   17   14
       -0.3992187736227 bend    4   16   14
       -0.3992997855821 bend    4   15   14
  27 k  0.3429175692906 bend   16   17   14      val=   0.07244
        0.3462243353450 bend   15   17   14
       -0.6927312272934 bend   15   16   14
        0.4356161183057 bend    4   17   14
       -0.2166362066842 bend    4   16   14
       -0.2143992734245 bend    4   15   14
  28 k -0.6202060035719 bend   16   17   14      val=   0.01783
        0.6187250731160 bend   15   17   14
        0.0024055809318 bend   15   16   14
       -0.0011041894687 bend    4   17   14
       -0.3406106929818 bend    4   16   14
        0.3413226432622 bend    4   15   14
  29 k  0.2165281945190 bend   16   17   14      val=   0.25126
        0.2179483189828 bend   15   17   14
       -0.4338988266796 bend   15   16   14
       -0.6910871046396 bend    4   17   14
        0.3469929901242 bend    4   16   14
        0.3454567383082 bend    4   15   14
  30 k  0.3411084381389 bend   16   17   14      val=  -0.00413
       -0.3408271274694 bend   15   17   14
       -0.0005255932170 bend   15   16   14
       -0.0010003182581 bend    4   17   14
       -0.6188097489216 bend    4   16   14
        0.6201250844516 bend    4   15   14
  31 k  1.0000000000000 stre    4   14           val=   2.92069
  32 k  0.7074598418487 bend    3   14    4      val=   0.07411
       -0.7067535441520 bend    5   14    4
  33 k  0.7067535441520 bend    3   14    4      val= 111.29626
        0.7074598418487 bend    5   14    4
  34 k  1.0000000000000 stre    1    6           val=   2.83856
  35 k  1.0000000000000 stre    6    5           val=   2.52801
  36 k  1.0000000000000 stre    5    4           val=   2.84854
  37 k  1.0000000000000 stre    4    3           val=   2.84816
  38 k  1.0000000000000 stre    3    2           val=   2.52809
  39 k  1.0000000000000 stre    2    1           val=   2.83884
  40 k -0.5000000000000 bend    1    5    6      val=  -5.79658
       -0.5000000000000 bend    6    4    5
        1.0000000000000 bend    5    3    4
       -0.5000000000000 bend    4    2    3
       -0.5000000000000 bend    3    1    2
        1.0000000000000 bend    2    6    1
  41 k  0.8660254037844 bend    1    5    6      val=  -0.00268
       -0.8660254037844 bend    6    4    5
        0.8660254037844 bend    4    2    3
       -0.8660254037844 bend    3    1    2
  42 k -1.0000000000000 bend    1    5    6      val=   0.43535
        1.0000000000000 bend    6    4    5
       -1.0000000000000 bend    5    3    4
        1.0000000000000 bend    4    2    3
       -1.0000000000000 bend    3    1    2
        1.0000000000000 bend    2    6    1
  43 k -0.5000000000000 tors    6    5    4    3 val=   0.03050
       -0.5000000000000 tors    5    4    3    2
        1.0000000000000 tors    4    3    2    1
       -0.5000000000000 tors    3    2    1    6
       -0.5000000000000 tors    2    1    6    5
        1.0000000000000 tors    1    6    5    4
  44 k  0.8660254037844 tors    6    5    4    3 val=  -0.21176
       -0.8660254037844 tors    5    4    3    2
        0.8660254037844 tors    3    2    1    6
       -0.8660254037844 tors    2    1    6    5
  45 k -1.0000000000000 tors    6    5    4    3 val=   0.75454
        1.0000000000000 tors    5    4    3    2
       -1.0000000000000 tors    4    3    2    1
        1.0000000000000 tors    3    2    1    6
       -1.0000000000000 tors    2    1    6    5
        1.0000000000000 tors    1    6    5    4
        45 non zero eigenvalues  of BmBt
           1          10.595253661    1    0
         1
           2           6.038015330    2    0
         2
           3           4.677501421    3    0
         3
           4           4.590538511    4    0
         4
           5           4.273744314    5    0
         5
           6           3.749641882    6    0
         6
           7           3.714424421    7    0
         7
           8           3.563821449    8    0
         8
           9           3.291654324    9    0
         9
          10           3.138579433   10    0
        10
          11           3.033544592   11    0
        11
          12           2.972691009   12    0
        12
          13           2.549269982   13    0
        13
          14           2.024441008   14    0
        14
          15           1.972464918   15    0
        15
          16           1.925767859   16    0
        16
          17           1.784877286   17    0
        17
          18           1.612209802   18    0
        18
          19           1.468292495   19    0
        19
          20           1.178485574   20    0
        20
          21           1.071617157   21    0
        21
          22           0.855904342   22    0
        22
          23           0.733888741   23    0
        23
          24           0.687243995   24    0
        24
          25           0.685927429   25    0
        25
          26           0.513692513   26    0
        26
          27           0.468790642   27    0
        27
          28           0.457178572   28    0
        28
          29           0.371686814   29    0
        29
          30           0.361388691   30    0
        30
          31           0.358503744   31    0
        31
          32           0.341112167   32    0
        32
          33           0.328461603   33    0
        33
          34           0.301823453   34    0
        34
          35           0.292503096   35    0
        35
          36           0.271457485   36    0
        36
          37           0.254373775   37    0
        37
          38           0.240028269   38    0
        38
          39           0.218130727   39    0
        39
          40           0.194759390   40    0
        40
          41           0.131783807   41    0
        41
          42           0.110653623   42    0
        42
          43           0.082639051   43    0
        43
          44           0.048641945   44    0
        44
          45           0.014303636   45    0
        45
$user-defined bonds
$end
