$coord
       -1.78094026343036       -0.73878504195977        0.00000000000000      C
        0.61937282051406        0.82211314862585        0.00000000000000      C
        2.72362037506151       -0.87507998289005        0.00000000000000      O
        4.26110344707729        0.09866739322706        0.00000000000000      H
       -3.44008116935429        0.49030292315825        0.00000000000000      H
       -1.86175995859820       -1.94413051240789       -1.67202625173651      H
       -1.86175995859820       -1.94413051240789        1.67202625173651      H
        0.67022235366408        2.04552129232724        1.67543420464659      H
        0.67022235366408        2.04552129232724       -1.67543420464659      H
$end
