$coord
   -0.12264184293939      4.65187204375758     -0.96590812900000      n
    1.76640195706061      3.16424005975758     -1.97459095100000      c
    1.04994069306061      0.66408722175758     -1.93628242500000      c
   -1.43155865993939      0.60706284975758     -0.83446445800000      c
   -3.15331068693939     -1.35125641424242     -0.29967578300000      c
   -5.44827140793939     -0.73697074624242      0.79453981700000      c
   -6.08786806693939      1.78950597575758      1.37179630500000      c
   -4.43340729293939      3.75228877275758      0.85033397600000      c
   -2.11080932893939      3.13501544775758     -0.25665239100000      c
   -0.08113023193939      6.54368240175758     -0.84444032200000      h
    3.49389119206061      3.99712734175758     -2.66276301600000      h
   -2.73150494793939     -3.30970040124242     -0.71075732600000      h
   -7.88899614393939      2.16304622275758      2.26330666600000      h
   -4.92542580093939      5.68553893275758      1.30290256400000      h
   -7.12462276793939     -2.64907109224242      1.40713418100000      o
   -9.14088669993940     -2.85488303924242     -0.36699727100000      c
  -10.23503615893939     -1.10729845824242     -0.46276669400000      h
   -8.41672858293940     -3.29772898724242     -2.24924372600000      h
  -10.34856522693939     -4.38288335024242      0.28499788000000      h
    2.61421807406061     -1.54551268724242     -2.74758147700000      c
    3.51481423806061     -3.13731581624242     -0.48856901300000      c
    4.87182647106061     -1.65361824224242      1.38032841700000      n
    7.27217532206061     -0.83135500024242      0.93346302300000      c
    8.33584539006061      0.97702017575758      2.88366402400000      c
    1.53802290206061     -2.76989261324242     -4.01783261100000      h
    4.27261892606061     -0.89106656224242     -3.77990477100000      h
    1.91034238606061     -4.01039757024242      0.46139813200000      h
    4.77100014106061     -4.62593612724242     -1.15072900000000      h
    3.85732896306061     -0.75556564924242      2.70986403500000      h
    8.50250032506061     -1.51968769224242     -0.90042156500000      o
    8.59657277506061      2.81752636375758      1.99998846700000      h
    7.12933282406061      1.18695739575758      4.53614625500000      h
   10.18393126806061      0.29516924375758      3.46971718700000      h
$user-defined bonds
$end
