$coord
    0.00000000000000      1.97724879873024      0.00000000000000       p
   -0.44100916708379     -4.05684516481757      0.00000000000000       p
    0.69986007331420      4.97286912074642      0.00000000000000       f
    1.04692717487998     -6.28049535401477      0.00000000000000       h
    1.69419994936823      1.22304209156039      1.94296349750130       h
   -2.05945944441530     -4.86373554684614      1.96850881536565       h
    1.69419994936823      1.22304209156039     -1.94296349750130       h
   -2.05945944441530     -4.86373554684614     -1.96850881536565       h
$end
