$coord
       -2.73119077935625       -1.21528227088125       -2.36063342775624      C
       -1.97094220355625       -0.35779973508125       -4.11110122135625      H
       -4.81314171385625       -1.03012231178125       -2.40964218305625      H
       -1.69236082875625        0.17351109821874       -0.06563305745624      C
       -2.46717115195625        2.10935893111875       -0.08282799575625      H
       -2.43659955445625       -0.75156435598125        1.64769990094375      H
        1.20017541924375        0.25861874361874        0.02334529054376      C
        1.93167877624375        1.24899919191875       -1.65788087705625      H
        1.96262651074374       -1.67366983428126       -0.03290911845624      H
        2.18910304664376        1.58761023701875        2.37094974074376      C
        1.53021642234376        0.58178224151876        4.08341122944375      H
        1.43626375534375        3.53958379931874        2.45866087804375      H
       -2.01172222295624       -3.82470409458125       -2.18159085175625      O
       -2.54834252645626       -4.67024199268124       -3.71972983615625      H
        4.89811654324375        1.61285332211876        2.25363824874375      O
        5.52329050754375        2.41106703041875        3.78424328034374      H
$end
