$coord
       -0.86768595455555       -0.65747248222222       -0.34311385488889      C
       -1.97208294855556       -2.49810421522222       -1.24967392888889      O
       -2.08483496355556        1.39239497877779        0.54098793811111      N
       -4.01255459055554        1.47637021477778        0.47616784811111      H
       -1.10591142255556        2.84363121877778        1.25931181011112      H
        1.98012956744444       -0.61158165822222       -0.18206179588890      C
        2.72065850244444        1.08850941477779        0.70078797011111      H
        2.74274019644444       -0.77701779022223       -2.08271098688890      H
        2.59954161344443       -2.25672968122222        0.88030500011112      H
$end
