$coord
       -0.08977015908530        1.79868701909185        0.00000000000000      C
        0.10455850739309       -2.28375433945689        1.27017343652875      C
        0.10455850739309       -2.28375433945689       -1.27017343652875      C
       -0.01290536195774        0.21433137037113       -1.99534951029807      N
       -0.01290536195774        0.21433137037113        1.99534951029807      N
        0.18231252273164       -3.83351452605484        2.59089257596769      H
        0.18231252273164       -3.83351452605484       -2.59089257596769      H
       -0.05082663396655        1.06866328158568       -4.58025790898699      C
       -0.05082663396655        1.06866328158568        4.58025790898699      C
        1.62599487409121        0.43301619231794       -5.59613523733595      H
       -1.72362770525740        0.38016895456560       -5.56880064368045      H
       -0.08062112349160        3.12174555712551       -4.57276590524000      H
       -1.72362770525740        0.38016895456560        5.56880064368045      H
        1.62599487409121        0.43301619231794        5.59613523733595      H
       -0.08062112349160        3.12174555712551        4.57276590524000      H
$end
