$coord
   -0.05939168260606      4.71483622527273     -0.67994494315152      n
    1.90939666339394      3.39256282427273     -1.76388799115152      c
    1.23110786539394      0.90887516827273     -2.12716702615152      c
   -1.31854445560606      0.68024288927273     -1.21213902515152      c
   -3.02991810760606     -1.34125747372727     -1.07886420915152      c
   -5.42429164460606     -0.92180255472727     -0.08347372115152      c
   -6.14375946160606      1.49792543627273      0.78627644584848      c
   -4.47330215760606      3.52453561827273      0.66585932584848      c
   -2.07058170060606      3.09929813727273     -0.33150214715152      c
   -0.06297649260606      6.57603491227273     -0.31987466315152      h
    3.66640719739394      4.32249887427273     -2.21183997815151      h
   -2.55238057060606     -3.21431797072727     -1.74516647615152      h
   -8.00588411460606      1.81169742927273      1.55493005084848      h
   -5.04849128560606      5.37119664327273      1.33166648484848      h
   -6.98753723460606     -2.98976372072727     -0.01762810815152      o
   -9.45536253060606     -2.61829650372727      0.95397828884849      c
   -9.40951966760606     -2.00673015072727      2.92487367984848      h
  -10.50979939760606     -1.24142891872727     -0.16510610415152      h
  -10.38615273660606     -4.44317843572727      0.83407517484848      h
    2.87701573939394     -1.15515347872727     -3.13571189715151      c
    3.64909163839394     -3.04708477972727     -1.06898094215152      c
    4.86536086039394     -1.83590647972727      1.07376235084848      n
    7.28876814639394     -0.97552746472727      0.91095678684849      c
    8.19910017939394      0.56384899627273      3.14880431984849      c
    1.90319269339394     -2.19137905672727     -4.63541545115152      h
    4.59051722239394     -0.35321801872727     -3.95195258315151      h
    1.99689664639394     -4.04941245172727     -0.35860459715152      h
    4.96457714339394     -4.42374071472727     -1.84736663715152      h
    3.75206280739394     -1.09801005472727      2.42298702284848      h
    8.65371534039394     -1.43009916172727     -0.90018494815152      o
    8.50225947139394      2.50400988427273      2.53192405784849      h
    6.87953853539394      0.55642615327273      4.72657434384849      h
   10.00888509039394     -0.18768180172727      3.76814311584848      h
$user-defined bonds
$end
