$coord
        0.00000000000000        0.00000000000000        3.04531680755856      N
       -2.15808058148727        0.00000000000000        1.71904206426773      C
       -3.88480306135348        0.00000000000000        2.81758383826799      H
       -2.25715990916624        0.00000000000000       -0.91117856468623      C
       -4.06196471926140        0.00000000000000       -1.86681784838727      H
        0.00000000000000        0.00000000000000       -2.25960639525594      C
        0.00000000000000        0.00000000000000       -4.30277291184068      H
        2.25715990916624        0.00000000000000       -0.91117856468623      C
        4.06196471926140        0.00000000000000       -1.86681784838727      H
        2.15808058148727        0.00000000000000        1.71904206426773      C
        3.88480306135348        0.00000000000000        2.81758383826799      H
$end
