$coord
   -3.73630318619171      0.44950672139922     -2.34147938666513      o
   -2.82540290750432     -0.51191717940541      0.86286301588825      p
   -4.78850043386656     -2.28891532561600      1.46117910793676      o
   -0.10120558459501     -1.55287237412471      0.24001233810831      o
    2.62830940875837     -0.09831804226906      0.51323761607283      p
    2.25419076161974      2.22790498031878      1.98061940649254      o
    4.47544360028506     -2.13608237122759      1.54349891247285      o
    3.21431712628125      0.10002600839117     -2.37894780605560      o
   -2.56633473522546      2.09067249697245      2.09850147559826      o
   -5.00135453518052     -0.63241236840329     -3.13372852712318      h
    4.91997438218650     -2.10885643744302      3.31657947688356      h
    4.87614385454507      0.62944188187180     -2.92536144768681      h
   -0.77851612545463      2.70330984310989      2.35626877970017      h
   -2.57076162565776      1.12851216642582     -3.59324296162287      h
$user-defined bonds
$end
