$coord
     3.787352925    -0.023487404    -0.437537707     P 
    -3.018202322    -0.024878243    -0.833922852     B 
     4.739523491     3.213257949    -0.872108545     C 
     3.544394634    -0.778294988     2.857426324     C 
     6.095280947    -2.088765160    -1.876684991     C 
     6.534120675     3.558172626     0.083327468     H 
     4.941310322     3.607745808    -2.885381041     H 
     3.259427734     4.411913034    -0.086953852     H 
     7.924641530    -1.874683772    -0.950267612     H 
     5.454348252    -4.038667585    -1.682003530     H 
     6.285120930    -1.638889432    -3.879301323     H 
     5.368360050    -0.434924216     3.760441337     H 
     2.990861766    -2.751488285     3.045917043     H 
     2.069100671     0.396961511     3.681590631     H 
    -1.681104021     2.772776049     1.120934435     CL
    -1.991784422    -3.115037551     0.741768474     CL
    -6.463558306     0.195187908    -1.065174290     CL
     1.514396173    -0.416138450    -1.695841994     H 
    -2.016551171     0.079769114    -2.868621061     H 
$end
