$coord
       -1.52829315548396       -0.81289722378001        0.12640035014600      C
        1.25109229921774       -0.11646950066531        0.13272786815600      C
        1.67744930337888        2.50893411818385        0.30855338038533      O
       -1.75440354510812       -2.86260908729668        0.07168713268563      H
       -2.48167524944034       -0.11445251821357        1.81673292128149      H
       -2.49689658448488       -0.03847621619330       -1.52454497539941      H
        2.16930520002212       -0.92138685421466       -1.54415333705035      H
        2.17359091149427       -0.96530956822367        1.77375001160338      H
        0.98983082040426        3.32266685040341       -1.16115335180802      H
$end
