$coord
       -0.44439560355707        0.00394214445772        0.25087093292194      C
       -0.45009043687771        0.00224742294395        2.88297316141977      C
        1.80628669656214       -0.00404002093306        4.23813263608945      C
        4.09212013640929       -0.00874024036735        2.93333073269727      C
        4.12503977791542       -0.00716486828694        0.30042272686609      C
        1.85390640427241       -0.00080517262097       -1.03186335907196      C
       -3.30504620495679        0.00805116496109        4.49468251540444      Cl
        1.75899971104233       -0.00522194069425        6.27943434838019      H
        5.84615607925193       -0.01363901521616        3.98195956816537      H
        5.90371732623225       -0.01085796573762       -0.70356980224458      H
        1.86249996220760        0.00047910982538       -3.07546653102543      H
       -2.21642248562661        0.00888123472386       -0.76348392833568      H
$end
