$coord
   -0.65330374237010     -0.32671646585168      0.00000000000000      c
    2.61609365427075     -0.09827968451312      0.00000000000000      c
    1.85208622418650      2.01079350780504      0.00000000000000      n
   -1.94123842705873      1.27135922597658      0.00000000000000      h
   -0.93681885451421     -1.42857829170841      1.70167039883506      h
   -0.93681885451421     -1.42857829170841     -1.70167039883506      h
$user-defined bonds
$redundant
     number_of_atoms             6
     degrees_of_freedom          8
     internal_coordinates        8
     frozen_coordinates          0
# definitions of redundant internals
   1 k  1.0000000000000 stre    2    3           val=   2.24319
   2 k  1.0000000000000 stre    1    2           val=   3.27737
   3 k  1.0000000000000 stre    1    4           val=   2.05247
   4 k -0.0485100089069 bend    6    5    1      val=   3.53450
       -0.5092796037975 bend    4    5    1
       -0.5092796037975 bend    4    6    1
        0.4462296358007 bend    2    5    1
        0.4462296358007 bend    2    6    1
        0.2840309377760 bend    2    4    1
   5 k  1.0000000000000 stre    1    6           val=   2.04699
   6 k  0.8097715621381 bend    6    5    1      val=   6.99088
       -0.1206281999407 bend    4    5    1
       -0.1206281999407 bend    4    6    1
        0.0812309988902 bend    2    5    1
        0.0812309988902 bend    2    6    1
       -0.5495186453153 bend    2    4    1
   7 k  0.4758294325299 bend    6    5    1      val=  11.45210
       -0.1651104093212 bend    4    5    1
       -0.1651104093212 bend    4    6    1
       -0.3736452752131 bend    2    5    1
       -0.3736452752131 bend    2    6    1
        0.6632057548210 bend    2    4    1
   8 k  1.0000000000000 bend    1    3    2      val=  74.08401
         8 non zero eigenvalues  of BmBt
           1           3.715894679    1    0
         1
           2           2.918578110    2    0
         2
           3           2.117794946    3    0
         3
           4           1.030846406    4    0
         4
           5           0.772382066    5    0
         5
           6           0.726385274    6    0
         6
           7           0.412906551    7    0
         7
           8           0.200044951    8    0
         8
$end
