$coord
        3.54434009922219        0.24705523570894       -0.60577060915782      C
        5.45649539157905        0.86368610095244       -0.11867858059748      H
        3.12412925795695       -2.26837244785807        0.28329073430701      O
        1.63289156443901        1.99473443463784        0.63218331131716      C
        1.71643635677390        1.70186278883709        2.67466734588076      H
        2.25027832013569        3.93327219353591        0.28134809584242      H
       -1.08724826137736        1.71676327939489       -0.31093931735728      C
       -1.14516458789805        1.94005142953051       -2.36291355656022      H
       -2.23089350946456        3.23951026645253        0.48295541805546      H
        4.33950473059620       -3.35090962198613       -0.52052506330335      H
        3.34630624912643        0.33817216065827       -2.66438156653945      H
       -2.36210664350147       -0.75868346837867        0.39052513344375      C
       -1.47249350000581       -2.34094737999155       -0.58104354270901      H
       -2.17858022092788       -1.08333652828227        2.42584143678530      H
       -4.96091660295591       -0.52098804620590       -0.31271565992219      O
       -5.75485102261743       -2.12568300701615       -0.01787491949096      H
$end
