$coord
       -1.49707517403918       -3.83734477077227       -0.04607071971270      C
        1.06155026478571       -3.33397720750650       -0.92050933154248      C
        2.22532808184471       -0.95534546592873       -1.09524930380308      C
       -1.45241921843869        2.13761255322514        0.69799578530791      C
       -3.40416787353051        0.41283569111522        1.20566102512944      C
       -3.31885426372963       -2.31038653908730        0.82316119165596      C
       -5.69076913125904        1.35471783860091        2.18606116458210      C
       -6.08144390933115        3.88941127142542        2.66732973298788      C
       -4.15097895512092        5.59252056248839        2.15346820568999      C
       -1.89062784639668        4.69683358527432        1.18178902801162      C
        4.68641741087418       -0.84135832702731       -2.04556082678375      C
        6.02746556836107       -2.97326651606762       -2.76091184930913      C
        4.89567423419416       -5.33188575396053       -2.55324135942257      C
        2.44933333503474       -5.48056297293701       -1.65823428329419      C
        1.18274809034868        1.59584503988961       -0.29833472884686      C
       -1.99531884889614       -5.82313274054752       -0.13354266015060      H
       -5.06326471256707       -3.24761505918514        1.35137145440518      H
       -7.18903412041199        0.01932106113737        2.57964929887502      H
       -7.86418179088889        4.53087288403731        3.43380764920609      H
       -4.39638666669124        7.58942818359409        2.51499093459475      H
       -0.38403489668705        6.02709286188920        0.78705265476277      H
        5.58389984517163        0.99211632227364       -2.20879126051117      H
        7.93313226436732       -2.79104813553790       -3.47790467684871      H
        5.89960954268667       -7.02675347302386       -3.09855167848682      H
        1.54719836577800       -7.30920174772818       -1.50046680702619      H
        2.48804711120944        2.30973202898391        1.14027477599740      H
        1.46096865950866        2.86454937962598       -1.90601127843553      H
$end
