$coord
       -0.06076554154556        1.74149609800910        0.00000000000000      C
       -0.06466872857941        0.38728430229201       -2.27558195602478      C
       -0.06988267853295       -2.23732280801533       -2.26519451875025      C
       -0.07315786235414       -3.57613635347889        0.00000000000000      C
       -0.06988267853295       -2.23732280801533        2.26519451875025      C
       -0.06466872857941        0.38728430229201        2.27558195602478      C
       -0.16844064557451        4.37700058562958        0.00000000000000      N
       -0.07190690488855        1.40420480894271       -4.05580159404633      H
       -0.06978265775067       -3.24366082296045       -4.04932083774624      H
       -0.07563356173536       -5.62192539056482        0.00000000000000      H
       -0.06978265775067       -3.24366082296045        4.04932083774624      H
       -0.07190690488855        1.40420480894271        4.05580159404633      H
        0.46523977535638        5.22927704994359       -1.58222680929524      H
        0.46523977535638        5.22927704994359        1.58222680929524      H
$end
