$coord
   -0.05062908677784      2.98921625996512      0.53559547068734      h
    2.98921625996512      0.05062908677784      0.53559547068734      h
    0.05062908677784     -2.98921625996512      0.53559547068734      h
   -2.98921625996512     -0.05062908677784      0.53559547068734      h
    0.00000000000000      0.00000000000000      1.81016842972745      o
    0.00000000000000      0.00000000000000      3.62393441469137      h
    0.05937506547698      4.57042818002572     -0.47808273936090      o
    4.57042818002572     -0.05937506547698     -0.47808273936090      o
   -0.05937506547698     -4.57042818002572     -0.47808273936090      o
   -4.57042818002572      0.05937506547698     -0.47808273936090      o
    1.59312977932612      4.30578344592868     -1.41603844243114      h
    4.30578344592868     -1.59312977932612     -1.41603844243114      h
   -1.59312977932612     -4.30578344592868     -1.41603844243114      h
   -4.30578344592868      1.59312977932612     -1.41603844243114      h
$redundant
     number_of_atoms            14
     degrees_of_freedom          9
     internal_coordinates        9
     frozen_coordinates          0
# definitions of redundant internals
   1 k  1.0000000000000 tors   11    7    5    2 val=  62.80798
        1.0000000000000 tors   11    7    5    3
        1.0000000000000 tors   11    7    5    4
   2 k  1.0000000000000 stre    5    6           val=   1.81377
   3 k  1.0000000000000 stre    7    1           val=   1.88146
   4 k  1.0000000000000 stre    7   11           val=   1.81720
   5 k  1.0000000000000 stre    1    5           val=   3.25000
   6 k  1.0000000000000 bend    1   11    7      val= 101.83216
   7 k  0.2501554207155 bend    2    1    5      val= 122.53229
        0.6122454826075 bend    3    1    5
        0.2501554207155 bend    3    2    5
        0.2501554207155 bend    4    1    5
        0.6122454826075 bend    4    2    5
        0.2501554207155 bend    4    3    5
   8 k  1.0000000000000 linp    7    5    1    2 val=   0.00000
   9 k  1.0000000000000 linc    7    5    1    2 val=   0.00000
         9 non zero eigenvalues  of BmBt
           1           3.869668153    1    0
         1
           2           2.986292985    2    0
         2
           3           2.486044451    3    0
         3
           4           2.197713119    4    0
         4
           5           1.140559130    5    0
         5
           6           0.763370618    6    0
         6
           7           0.568726071    7    0
         7
           8           0.235682190    8    0
         8
           9           0.051495151    9    0
         9
$user-defined bonds
$end
