$coord
    0.15005963128571     -2.20606747071429      0.00000000000000      sb
    1.74880372428571     -3.70808215971429      2.28916493200000      h
    1.74880372428571     -3.70808215971429     -2.28916493200000      h
   -2.15290596971429     -4.38802635771429      0.00000000000000      h
    0.15005963128571      5.03041900128571      0.00000000000000      o
   -0.13071018671429      3.23614118028571      0.00000000000000      h
   -1.51411055471429      5.74369796628571      0.00000000000000      h
$redundant
     number_of_atoms             7
     degrees_of_freedom         10
     internal_coordinates       10
     frozen_coordinates          0
# definitions of redundant internals
   1 k  1.0000000000000 stre    5    6           val=   1.81611
   2 k  1.0000000000000 stre    6    1           val=   5.44945
   3 k  1.0000000000000 stre    1    4           val=   3.17247
   4 k  1.0000000000000 stre    5    7           val=   1.81059
   5 k  1.0000000000000 stre    1    3           val=   3.17054
   6 k  1.0000000000000 bend    6    7    5      val= 104.30687
   7 k  0.4383388605028 bend    3    2    1      val=   1.96379
        0.4830972958738 bend    4    2    1
        0.4830972958738 bend    4    3    1
       -0.3327283867114 bend    6    2    1
       -0.3327283867114 bend    6    3    1
       -0.3459431892158 bend    6    4    1
   8 k  0.6211374206490 bend    3    2    1      val=  20.13351
       -0.2483757169762 bend    4    2    1
       -0.2483757169762 bend    4    3    1
        0.3240153472870 bend    6    2    1
        0.3240153472870 bend    6    3    1
       -0.5299390724863 bend    6    4    1
   9 k  0.5928886751733 bend    3    2    1      val=   5.27836
       -0.2622419984980 bend    4    2    1
       -0.2622419984980 bend    4    3    1
       -0.2930049629773 bend    6    2    1
       -0.2930049629773 bend    6    3    1
        0.5824409589308 bend    6    4    1
  10 k  1.0000000000000 linc    1    5    6    7 val=   0.00000
        10 non zero eigenvalues  of BmBt
           1           3.681199452    1    0
         1
           2           2.787309606    2    0
         2
           3           2.276038854    3    0
         3
           4           2.230247863    4    0
         4
           5           1.229545400    5    0
         5
           6           0.612487808    6    0
         6
           7           0.377359637    7    0
         7
           8           0.249100559    8    0
         8
           9           0.208599715    9    0
         9
          10           0.127441780   10    0
        10
$user-defined bonds
$end
