$coord
        2.28013814351331        1.31643837094695        0.00000000000000      C
        4.05056570773799        2.33859520173280        0.00000000000000      H
        2.28013814351331       -1.31643837094695        0.00000000000000      C
        4.05056570773799       -2.33859520173280        0.00000000000000      H
        0.00000000000000       -2.63287674189388        0.00000000000000      C
        0.00000000000000       -4.67719040346557        0.00000000000000      H
       -2.28013814351331       -1.31643837094695        0.00000000000000      C
       -4.05056570773799       -2.33859520173280        0.00000000000000      H
       -2.28013814351331        1.31643837094695        0.00000000000000      C
       -4.05056570773799        2.33859520173280        0.00000000000000      H
        0.00000000000000        2.63287674189388        0.00000000000000      C
        0.00000000000000        4.67719040346557        0.00000000000000      H
$end
