$coord
   -3.48629625026069      0.20708569641197      0.00000000000000      c
   -1.15019725155311     -0.75479840337911      0.00000000000000      c
    1.15019725155311      0.75479840337911      0.00000000000000      c
    3.48629625026069     -0.20708569641197      0.00000000000000      c
   -5.14444635979159     -0.99355969815710      0.00000000000000      h
   -3.80885747391597      2.23298606327750      0.00000000000000      h
   -0.90004846391672     -2.79604713020528      0.00000000000000      h
    0.90004846391672      2.79604713020528      0.00000000000000      h
    5.14444635979159      0.99355969815710      0.00000000000000      h
    3.80885747391597     -2.23298606327750      0.00000000000000      h
$user-defined bonds
$redundant
     number_of_atoms            10
     degrees_of_freedom          9
     internal_coordinates        9
     frozen_coordinates          0
# definitions of redundant internals
   1 k  1.0000000000000 stre    2    1           val=   2.52638
   2 k  1.0000000000000 stre    1    6           val=   2.05142
   3 k  1.0000000000000 stre    2    3           val=   2.75149
   4 k  1.0000000000000 stre    1    5           val=   2.04720
   5 k  1.0000000000000 stre    2    7           val=   2.05652
   6 k -0.8164564225484 bend    6    5    1      val=   2.35534
        0.4152412391191 bend    2    5    1
        0.4012151834293 bend    2    6    1
   7 k  0.7071067811865 bend    1    7    2      val=   1.53912
       -0.7071067811865 bend    3    7    2
   8 k  0.0080979470282 bend    6    5    1      val=   0.11584
        0.7030230294958 bend    2    5    1
       -0.7111209765240 bend    2    6    1
   9 k  1.0000000000000 bend    3    1    2      val= 124.34644
         9 non zero eigenvalues  of BmBt
           1           4.448978318    1    0
         1
           2           4.074567793    2    0
         2
           3           2.623307800    3    0
         3
           4           2.505224188    4    0
         4
           5           0.900478914    5    0
         5
           6           0.661183113    6    0
         6
           7           0.383607721    7    0
         7
           8           0.319858145    8    0
         8
           9           0.106597320    9    0
         9
$end
