$coord
    2.42112356424332     -0.06369113838689     -1.12200485666593      n
    6.04587537050247      0.03794440710529     -3.88491373260816      n
    8.38050299882889     -0.02110199174301      2.48334831992785      n
    9.96958285570145      0.06711668232067     -1.45806591709455      n
    2.67926436662674     -0.15544964662210      3.25843949119250      n
   -6.75574511289597     -0.01263922846799     -3.27152042587598      n
   -2.98474925756455     -0.03171545183675     -1.09366499384245      n
   10.44863826036453      0.03717717984303      1.08162278930346      c
    7.39034014940262      0.02611755290612     -1.74012606342634      c
    3.81753402948379     -0.07842438957111      0.99698955814043      c
    3.58153015375137     -0.00844120080971     -3.39328484733900      c
   -8.06440037488937      0.02112962016447     -1.03651439150175      c
   -6.88909500837326      0.03063437798603      1.23113078872362      c
   -4.13840502500534      0.00329060004636      1.25066787997881      c
    6.46472293138504     -0.02867053551988      0.72680504123370      c
   -4.14493054151535     -0.03906289777176     -3.42245249946912      c
   -8.24757164716721      0.06729980269059      3.70200509826342      c
   11.24335318803787      0.11178056606634     -2.86960416038831      h
    0.76511079072952     -0.09089640072004      3.38085408012072      h
    3.76162797212601     -0.07646455904857      4.81326265136401      h
    2.31610769033432     -0.00131863179074     -5.00100784500440      h
   12.34831839799881      0.06015077689274      1.81231350700060      h
   -7.66384285688400     -0.01763415392877     -4.94227771957716      h
   -1.01598876714706     -0.05166624030487     -1.12112670143446      h
  -10.10008686780930      0.04008282431944     -1.20482533176740      h
   -7.74361008405685     -1.57977575352804      4.82771844665209      h
   -7.71106404066086      1.72512012431010      4.79646272460619      h
  -10.28428810834885      0.08471495369061      3.42017931739489      h
   -2.87481373548508      0.01036611469074      3.20731158057848      o
   -3.01504129171372     -0.06597336298243     -5.42772178848585      o
$user-defined bonds
$redundant
     number_of_atoms            30
     degrees_of_freedom         84
     internal_coordinates       84
     frozen_coordinates          0
# definitions of redundant internals
   1 k  1.0000000000000 stre    5   19           val=   1.91915
   2 k  1.0000000000000 stre   19   29           val=   3.64547
   3 k  1.0000000000000 linc   29    5   19   10 val=   6.36387
   4 k  1.0000000000000 linp   29    5   19   10 val=  -0.62778
   5 k  1.0000000000000 stre    7   24           val=   1.96905
   6 k  1.0000000000000 stre   24    1           val=   3.43713
   7 k  1.0000000000000 linc    1    7   24   16 val=  -0.78589
   8 k  1.0000000000000 linp    1    7   24   16 val=  -0.37721
   9 k  1.0000000000000 stre    4   18           val=   1.90182
  10 k  0.7071067832656 bend    8   18    4      val=   0.71388
       -0.7071067791075 bend    9   18    4
  11 k  1.0000000000000 outp   18    9    8    4 val=   0.03015
  12 k  1.0000000000000 stre    5   20           val=   1.89611
  13 k  0.7084137020284 bend   10   20    5      val=  -1.14107
       -0.7057974403314 bend   19   20    5
  14 k  1.0000000000000 outp   20   19   10    5 val=  -6.07634
  15 k  1.0000000000000 stre   11   21           val=   2.04600
  16 k  0.7071067818337 bend    2   21   11      val=   1.09233
       -0.7071067805394 bend    1   21   11
  17 k  1.0000000000000 outp   21    1    2   11 val=   0.01330
  18 k  1.0000000000000 stre    8   22           val=   2.03549
  19 k  0.7071067812002 bend    3   22    8      val=   1.56533
       -0.7071067811729 bend    4   22    8
  20 k  1.0000000000000 outp   22    4    3    8 val=   0.00137
  21 k  1.0000000000000 stre    6   23           val=   1.90160
  22 k  0.7071068131385 bend   12   23    6      val=   2.95528
       -0.7071067492345 bend   16   23    6
  23 k  1.0000000000000 outp   23   16   12    6 val=  -0.06608
  24 k  1.0000000000000 stre   12   25           val=   2.04272
  25 k  0.7071067822369 bend   13   25   12      val=   3.24598
       -0.7071067801362 bend    6   25   12
  26 k  1.0000000000000 outp   25    6   13   12 val=  -0.01085
  27 k  1.0000000000000 tors   28   17   13   12 val=  90.00980
        1.0000000000000 tors   28   17   13   14
        1.0000000000000 tors   27   17   13   12
        1.0000000000000 tors   27   17   13   14
        1.0000000000000 tors   26   17   13   12
        1.0000000000000 tors   26   17   13   14
  28 k  1.0000000000000 stre   17   28           val=   2.05620
  29 k  1.0000000000000 stre   17   27           val=   2.05768
  30 k  1.0000000000000 stre   17   26           val=   2.05768
  31 k  0.4376247087022 bend   27   28   17      val=   1.10683
        0.4376876780615 bend   26   28   17
        0.3726889291257 bend   26   27   17
       -0.3817979757686 bend   13   28   17
       -0.4075911803343 bend   13   27   17
       -0.4075742979216 bend   13   26   17
  32 k -0.3123811586260 bend   27   28   17      val=   0.61514
       -0.3110846579990 bend   26   28   17
        0.7057165881620 bend   26   27   17
       -0.4701048958406 bend   13   28   17
        0.2076769308936 bend   13   27   17
        0.2085188810813 bend   13   26   17
  33 k  0.5988109465576 bend   27   28   17      val=   0.00215
       -0.5994489436816 bend   26   28   17
        0.0008022422419 bend   26   27   17
       -0.0005117610615 bend   13   28   17
        0.3757664124902 bend   13   27   17
       -0.3753466557119 bend   13   26   17
  34 k  0.2230767964902 bend   27   28   17      val=   0.82198
        0.2230668794961 bend   26   28   17
       -0.4555431327915 bend   26   27   17
       -0.6729720346262 bend   13   28   17
        0.3464744965177 bend   13   27   17
        0.3464425322905 bend   13   26   17
  35 k -0.3755710202413 bend   27   28   17      val=  -0.00047
        0.3755425198703 bend   26   28   17
        0.0000149209833 bend   26   27   17
        0.0000079196007 bend   13   28   17
        0.5991347098136 bend   13   27   17
       -0.5991258830460 bend   13   26   17
  36 k  1.0000000000000 stre   16   30           val=   2.30184
  37 k  0.7071067811871 bend    7   30   16      val=   0.70305
       -0.7071067811860 bend    6   30   16
  38 k  1.0000000000000 outp   30    6    7   16 val=  -0.00045
  39 k  1.0000000000000 stre   13   17           val=   2.81993
  40 k  0.7071067812585 bend   12   17   13      val=   2.70073
       -0.7071067811146 bend   14   17   13
  41 k  1.0000000000000 outp   17   14   12   13 val=  -0.00206
  42 k  1.0000000000000 stre    7   16           val=   2.60179
  43 k  1.0000000000000 stre   16    6           val=   2.61531
  44 k  1.0000000000000 stre    6   12           val=   2.59017
  45 k  1.0000000000000 stre   12   13           val=   2.55414
  46 k  1.0000000000000 stre   13   14           val=   2.75090
  47 k -0.5000000000000 bend   14   16    7      val=  -0.20164
       -0.5000000000000 bend    7    6   16
        1.0000000000000 bend   16   12    6
       -0.5000000000000 bend    6   13   12
       -0.5000000000000 bend   12   14   13
        1.0000000000000 bend   13    7   14
  48 k  0.8660254037844 bend   14   16    7      val=   4.64911
       -0.8660254037844 bend    7    6   16
        0.8660254037844 bend    6   13   12
       -0.8660254037844 bend   12   14   13
  49 k -1.0000000000000 bend   14   16    7      val=  -2.92582
        1.0000000000000 bend    7    6   16
       -1.0000000000000 bend   16   12    6
        1.0000000000000 bend    6   13   12
       -1.0000000000000 bend   12   14   13
        1.0000000000000 bend   13    7   14
  50 k -0.5000000000000 tors    7   16    6   12 val=  -0.05649
       -0.5000000000000 tors   16    6   12   13
        1.0000000000000 tors    6   12   13   14
       -0.5000000000000 tors   12   13   14    7
       -0.5000000000000 tors   13   14    7   16
        1.0000000000000 tors   14    7   16    6
  51 k  0.8660254037844 tors    7   16    6   12 val=  -0.01165
       -0.8660254037844 tors   16    6   12   13
        0.8660254037844 tors   12   13   14    7
       -0.8660254037844 tors   13   14    7   16
  52 k -1.0000000000000 tors    7   16    6   12 val=  -0.06680
        1.0000000000000 tors   16    6   12   13
       -1.0000000000000 tors    6   12   13   14
        1.0000000000000 tors   12   13   14    7
       -1.0000000000000 tors   13   14    7   16
        1.0000000000000 tors   14    7   16    6
  53 k  1.0000000000000 tors   29   14    7   13 val= 180.19500
        1.0000000000000 tors    1   14    7   16
  54 k  1.0000000000000 stre    9    4           val=   2.59494
  55 k  1.0000000000000 stre    4    8           val=   2.58465
  56 k  1.0000000000000 stre    8    3           val=   2.49908
  57 k  1.0000000000000 stre    3   15           val=   2.59918
  58 k -0.8090169943749 bend   15    4    9      val=   3.71101
        0.3090169943749 bend    9    8    4
        0.3090169943750 bend    4    3    8
       -0.8090169943750 bend    8   15    3
        1.0000000000000 bend    3    9   15
  59 k  0.5877852522925 bend   15    4    9      val=   2.21102
       -0.9510565162952 bend    9    8    4
        0.9510565162952 bend    4    3    8
       -0.5877852522925 bend    8   15    3
  60 k -0.8090169943749 tors    4    8    3   15 val=   0.01532
        0.3090169943749 tors    8    3   15    9
        0.3090169943750 tors    3   15    9    4
       -0.8090169943750 tors   15    9    4    8
        1.0000000000000 tors    9    4    8    3
  61 k  0.5877852522925 tors    4    8    3   15 val=   0.01988
       -0.9510565162952 tors    8    3   15    9
        0.9510565162952 tors    3   15    9    4
       -0.5877852522925 tors   15    9    4    8
  62 k  1.0000000000000 tors   10   15    9    3 val= 179.94354
        1.0000000000000 tors    2   15    9    4
  63 k  1.0000000000000 stre    1   11           val=   2.55114
  64 k  1.0000000000000 stre   11    2           val=   2.51333
  65 k  1.0000000000000 stre    2    9           val=   2.53137
  66 k  1.0000000000000 stre    9   15           val=   2.63544
  67 k  1.0000000000000 stre   15   10           val=   2.66141
  68 k -0.5000000000000 bend   10   11    1      val=  -4.37454
       -0.5000000000000 bend    1    2   11
        1.0000000000000 bend   11    9    2
       -0.5000000000000 bend    2   15    9
       -0.5000000000000 bend    9   10   15
        1.0000000000000 bend   15    1   10
  69 k  0.8660254037844 bend   10   11    1      val=   0.53444
       -0.8660254037844 bend    1    2   11
        0.8660254037844 bend    2   15    9
       -0.8660254037844 bend    9   10   15
  70 k -1.0000000000000 bend   10   11    1      val=   4.41633
        1.0000000000000 bend    1    2   11
       -1.0000000000000 bend   11    9    2
        1.0000000000000 bend    2   15    9
       -1.0000000000000 bend    9   10   15
        1.0000000000000 bend   15    1   10
  71 k -0.5000000000000 tors    1   11    2    9 val=  -0.00474
       -0.5000000000000 tors   11    2    9   15
        1.0000000000000 tors    2    9   15   10
       -0.5000000000000 tors    9   15   10    1
       -0.5000000000000 tors   15   10    1   11
        1.0000000000000 tors   10    1   11    2
  72 k  0.8660254037844 tors    1   11    2    9 val=  -0.09968
       -0.8660254037844 tors   11    2    9   15
        0.8660254037844 tors    9   15   10    1
       -0.8660254037844 tors   15   10    1   11
  73 k -1.0000000000000 tors    1   11    2    9 val=  -0.03967
        1.0000000000000 tors   11    2    9   15
       -1.0000000000000 tors    2    9   15   10
        1.0000000000000 tors    9   15   10    1
       -1.0000000000000 tors   15   10    1   11
        1.0000000000000 tors   10    1   11    2
  74 k  1.0000000000000 stre    7   14           val=   2.61305
  75 k  1.0000000000000 stre   14   29           val=   2.32920
  76 k  1.0000000000000 stre    5   10           val=   2.53293
  77 k -0.5000000000000 bend   10   24    1      val=  -0.56744
       -0.5000000000000 bend   24   14    7
        1.0000000000000 bend    7   29   14
       -0.5000000000000 bend   14   19   29
       -0.5000000000000 bend   19   10    5
        1.0000000000000 bend    5    1   10
  78 k  0.8660254037844 bend   10   24    1      val=   2.91305
       -0.8660254037844 bend   24   14    7
        0.8660254037844 bend   14   19   29
       -0.8660254037844 bend   19   10    5
  79 k -1.0000000000000 bend   10   24    1      val=  -0.35459
        1.0000000000000 bend   24   14    7
       -1.0000000000000 bend    7   29   14
        1.0000000000000 bend   14   19   29
       -1.0000000000000 bend   19   10    5
        1.0000000000000 bend    5    1   10
  80 k -0.5000000000000 tors   24    7   14   29 val=   1.65977
       -0.5000000000000 tors    7   14   29   19
        1.0000000000000 tors   14   29    5   10
       -0.5000000000000 tors   19    5   10    1
       -0.5000000000000 tors    5   10    1   24
        1.0000000000000 tors   10    1    7   14
  81 k  0.8660254037844 tors   24    7   14   29 val=  -1.10401
       -0.8660254037844 tors    7   14   29   19
        0.8660254037844 tors   19    5   10    1
       -0.8660254037844 tors    5   10    1   24
  82 k -1.0000000000000 tors   24    7   14   29 val=  -1.70899
        1.0000000000000 tors    7   14   29   19
       -1.0000000000000 tors   14   29    5   10
        1.0000000000000 tors   19    5   10    1
       -1.0000000000000 tors    5   10    1   24
        1.0000000000000 tors   10    1    7   14
  83 k  1.0000000000000 tors   15   10    1    5 val= 180.41087
        1.0000000000000 tors   11   10    1   24
  84 k  1.0000000000000 stre    1   10           val=   2.53778
        84 non zero eigenvalues  of BmBt
           1          11.472514625    1    0
         1
           2          10.803718471    2    0
         2
           3           7.194103152    3    0
         3
           4           6.779571881    4    0
         4
           5           5.873080124    5    0
         5
           6           5.377774022    6    0
         6
           7           4.916558204    7    0
         7
           8           4.696815368    8    0
         8
           9           4.550058544    9    0
         9
          10           4.299238899   10    0
        10
          11           4.225541781   11    0
        11
          12           3.869445549   12    0
        12
          13           3.773186232   13    0
        13
          14           3.702509303   14    0
        14
          15           3.693715504   15    0
        15
          16           3.619618856   16    0
        16
          17           3.547929674   17    0
        17
          18           3.394933481   18    0
        18
          19           3.320112082   19    0
        19
          20           3.275441273   20    0
        20
          21           3.150781596   21    0
        21
          22           3.130125171   22    0
        22
          23           2.998766773   23    0
        23
          24           2.962446770   24    0
        24
          25           2.865300999   25    0
        25
          26           2.701428795   26    0
        26
          27           2.623412059   27    0
        27
          28           2.489059521   28    0
        28
          29           2.287292710   29    0
        29
          30           2.172837165   30    0
        30
          31           2.045487564   31    0
        31
          32           1.978457612   32    0
        32
          33           1.963841516   33    0
        33
          34           1.851394032   34    0
        34
          35           1.732882263   35    0
        35
          36           1.633631302   36    0
        36
          37           1.542118592   37    0
        37
          38           1.500845583   38    0
        38
          39           1.357913740   39    0
        39
          40           1.281217425   40    0
        40
          41           1.211164553   41    0
        41
          42           1.178721566   42    0
        42
          43           1.087277688   43    0
        43
          44           1.028106221   44    0
        44
          45           0.908209587   45    0
        45
          46           0.859368698   46    0
        46
          47           0.840186083   47    0
        47
          48           0.827708223   48    0
        48
          49           0.743036868   49    0
        49
          50           0.739180398   50    0
        50
          51           0.698897119   51    0
        51
          52           0.696490277   52    0
        52
          53           0.647653381   53    0
        53
          54           0.569651695   54    0
        54
          55           0.521057069   55    0
        55
          56           0.497552400   56    0
        56
          57           0.495628993   57    0
        57
          58           0.425138311   58    0
        58
          59           0.395092140   59    0
        59
          60           0.378099176   60    0
        60
          61           0.360561341   61    0
        61
          62           0.359353585   62    0
        62
          63           0.332524203   63    0
        63
          64           0.313535794   64    0
        64
          65           0.287537216   65    0
        65
          66           0.274770620   66    0
        66
          67           0.273069302   67    0
        67
          68           0.242890632   68    0
        68
          69           0.238275777   69    0
        69
          70           0.189987745   70    0
        70
          71           0.159393434   71    0
        71
          72           0.136949437   72    0
        72
          73           0.133766399   73    0
        73
          74           0.130411698   74    0
        74
          75           0.109711452   75    0
        75
          76           0.082371794   76    0
        76
          77           0.075672279   77    0
        77
          78           0.065092780   78    0
        78
          79           0.045419157   79    0
        79
          80           0.037815746   80    0
        80
          81           0.022362671   81    0
        81
          82           0.016204895   82    0
        82
          83           0.008364652   83    0
        83
          84           0.006516971   84    0
        84
$end
