$coord
       -0.82395814279639       -0.00000284025838        1.95663621031385      C
        1.11448905286649       -0.00002497084112        3.73882327107727      C
        3.63252097935558       -0.00001171819176        2.97007422558468      C
        4.21081255547124       -0.00004152106260        0.40169742299824      C
        2.28862301388028       -0.00001210369588       -1.39868756247486      C
       -2.77646505962496       -0.00000368496596        2.55533418871727      H
        0.64836709788427       -0.00001592094268        5.72894984097637      H
        5.13002862544541        0.00002173562998        4.35966039457202      H
        6.16100116005943       -0.00005017978772       -0.21080182250712      H
        2.74144045595884       -0.00001910135174       -3.39014132294190      H
       -0.22752836298603        0.00004180452152       -0.61146990979103      C
       -3.13358942350968        0.00041801308978       -3.28438175678613      I
$end
