$coord
   -3.04860235586923     -0.77968006929231     -1.95401664903077      c
   -2.71026171756923     -2.77766399539231     -2.42248896593077      h
   -2.68586248386923      0.33849461930769     -3.66977916473077      h
   -5.06149700276923     -0.57629094209231     -1.48576130543077      h
   -1.37563955226923      0.08637620640769      0.23720952736923      c
   -1.77474421896923      2.07330226310769      0.70486750616923      h
   -1.80273726556923     -1.01489921639231      1.94949525956923      h
    1.46411938693077     -0.18290206459231     -0.37015006803077      c
    1.90598318913077      0.89732811330769     -2.09942097693077      h
    1.89154651523077     -2.17555257229231     -0.81361192833077      h
    3.11246692373077      0.66759982300769      1.66718394936923      c
    4.44856343803077      1.40272286630769      3.37528276286923      c
    5.63666514383077      2.04116496860769      4.88119005306923      h
$redundant
     number_of_atoms            13
     degrees_of_freedom         33
     internal_coordinates       33
     frozen_coordinates          0
# definitions of redundant internals
   1 k  1.0000000000000 stre   13   12           val=   2.02162
   2 k  1.0000000000000 stre   12   11           val=   2.28980
   3 k  0.8660254037844 linc   13    8   12    9 val=  -0.11900
        0.8660254037844 linc   12    8   11    9
   4 k  0.8660254037844 linc   13    8   12    9 val=  -0.00634
       -0.8660254037844 linc   12    8   11    9
   5 k  0.8660254037844 linp   13    8   12    9 val=  -0.70325
        0.8660254037844 linp   12    8   11    9
   6 k  0.8660254037844 linp   13    8   12    9 val=   0.45562
       -0.8660254037844 linp   12    8   11    9
   7 k  1.0000000000000 tors    4    1    5    8 val=  59.90876
        1.0000000000000 tors    3    1    5    8
        1.0000000000000 tors    2    1    5    8
   8 k  1.0000000000000 stre    1    4           val=   2.07663
   9 k  1.0000000000000 stre    1    3           val=   2.07984
  10 k  1.0000000000000 stre    1    2           val=   2.07988
  11 k  0.4197360970534 bend    3    4    1      val=   1.57551
        0.4206078585524 bend    2    4    1
        0.4219937613526 bend    2    3    1
       -0.3964692068814 bend    5    4    1
       -0.3947950754787 bend    5    3    1
       -0.3946909169292 bend    5    2    1
  12 k  0.3460607916706 bend    3    4    1      val=   0.07633
        0.3392237565879 bend    2    4    1
       -0.6816592000521 bend    2    3    1
        0.4471689964766 bend    5    4    1
       -0.2220066813631 bend    5    3    1
       -0.2264129599633 bend    5    2    1
  13 k  0.6362972690013 bend    3    4    1      val=   0.03142
       -0.6397643496574 bend    2    4    1
        0.0045596254538 bend    2    3    1
       -0.0021977353780 bend    5    4    1
        0.3057458812410 bend    5    3    1
       -0.3038440360580 bend    5    2    1
  14 k  0.2246066644563 bend    3    4    1      val=   0.07444
        0.2227735768756 bend    2    4    1
       -0.4476983222691 bend    2    3    1
       -0.6826874835465 bend    5    4    1
        0.3408083790431 bend    5    3    1
        0.3424579398236 bend    5    2    1
  15 k -0.3047607876712 bend    3    4    1      val=  -0.01654
        0.3048421461164 bend    2    4    1
       -0.0002962624328 bend    2    3    1
       -0.0013321551466 bend    5    4    1
        0.6388458829543 bend    5    3    1
       -0.6372332411863 bend    5    2    1
  16 k  1.0000000000000 stre    5    6           val=   2.07987
  17 k  1.0000000000000 stre    5    7           val=   2.08018
  18 k  0.0372572677934 bend    7    6    5      val=   0.58793
       -0.5023645649805 bend    1    6    5
       -0.5028849641852 bend    1    7    5
        0.4965402297289 bend    8    6    5
        0.4967859226123 bend    8    7    5
  19 k  0.0005168922773 bend    7    6    5      val=   0.03116
        0.5177047353898 bend    1    6    5
       -0.5172918936700 bend    1    7    5
        0.4819040755197 bend    8    6    5
       -0.4818289100065 bend    8    7    5
  20 k  0.9029566318466 bend    7    6    5      val=   1.29194
       -0.1962362341176 bend    1    6    5
       -0.1957459332785 bend    1    7    5
       -0.2323302337982 bend    8    6    5
       -0.2320923382876 bend    8    7    5
  21 k -0.0000686935516 bend    7    6    5      val=   0.01007
       -0.4820135604693 bend    1    6    5
        0.4817194388827 bend    1    7    5
        0.5177326016907 bend    8    6    5
       -0.5172642053671 bend    8    7    5
  22 k  1.0000000000000 tors   11    8    5    1 val=  59.12727
        1.0000000000000 tors   10    8    5    1
        1.0000000000000 tors    9    8    5    1
  23 k  1.0000000000000 stre    8   11           val=   2.75520
  24 k  1.0000000000000 stre    8   10           val=   2.08567
  25 k  1.0000000000000 stre    8    9           val=   2.08627
  26 k  0.4991326139137 bend   10   11    8      val=   0.33000
        0.4947855875066 bend    9   11    8
        0.0778941888323 bend    9   10    8
       -0.0625118141416 bend    5   11    8
       -0.4971994232501 bend    5   10    8
       -0.4988700813660 bend    5    9    8
  27 k -0.1152751326788 bend   10   11    8      val=   3.42929
       -0.1142707244469 bend    9   11    8
        0.8534239629377 bend    9   10    8
       -0.4947296279531 bend    5   11    8
       -0.0180458220845 bend    5   10    8
       -0.0154378863409 bend    5    9    8
  28 k -0.6214434640267 bend   10   11    8      val=   0.07220
        0.6275762802631 bend    9   11    8
       -0.0017042065494 bend    9   10    8
       -0.0013281371880 bend    5   11    8
       -0.3318975329225 bend    5   10    8
        0.3313538785667 bend    5    9    8
  29 k  0.3548221731905 bend   10   11    8      val=   0.10114
       -0.3061433302229 bend    9   11    8
       -0.0321361708076 bend    9   10    8
       -0.0659019947087 bend    5   11    8
       -0.5956306541784 bend    5   10    8
        0.6482482581500 bend    5    9    8
  30 k  0.2426762663336 bend   10   11    8      val=   0.25903
        0.2979338220277 bend    9   11    8
       -0.3484884918289 bend    9   10    8
       -0.7463920638671 bend    5   11    8
        0.3459680376259 bend    5   10    8
        0.2326036165899 bend    5    9    8
  31 k  1.0000000000000 stre    5    1           val=   2.88969
  32 k  1.0000000000000 stre    5    8           val=   2.91644
  33 k  1.0000000000000 bend    8    1    5      val= 112.21792
        33 non zero eigenvalues  of BmBt
           1           5.909520966    1    0
         1
           2           4.195173113    2    0
         2
           3           3.826530932    3    0
         3
           4           3.617732873    4    0
         4
           5           3.275565025    5    0
         5
           6           3.109467766    6    0
         6
           7           2.783754691    7    0
         7
           8           2.606056570    8    0
         8
           9           2.355575876    9    0
         9
          10           1.913262595   10    0
        10
          11           1.290965347   11    0
        11
          12           1.195376853   12    0
        12
          13           1.056058860   13    0
        13
          14           0.876843303   14    0
        14
          15           0.797790812   15    0
        15
          16           0.780483532   16    0
        16
          17           0.750342836   17    0
        17
          18           0.692799855   18    0
        18
          19           0.680217563   19    0
        19
          20           0.660161824   20    0
        20
          21           0.567957305   21    0
        21
          22           0.454550619   22    0
        22
          23           0.424021637   23    0
        23
          24           0.366353093   24    0
        24
          25           0.292913693   25    0
        25
          26           0.286657949   26    0
        26
          27           0.270252683   27    0
        27
          28           0.245963121   28    0
        28
          29           0.239837720   29    0
        29
          30           0.156390022   30    0
        30
          31           0.069830241   31    0
        31
          32           0.045779832   32    0
        32
          33           0.024654706   33    0
        33
$user-defined bonds
$end
