$coord
    12.036030957    -3.671744830    -2.300592551     H 
    12.094105409    -1.666142887    -1.812675470     C 
    12.000264665    -0.545622171    -3.546358068     H 
    13.901592636    -1.311439668    -0.878728270     H 
     9.976135285    -1.107793733     0.046416547     C 
     9.819878379    -2.191315653     2.086877008     O 
     8.285119044     0.696799138    -0.714008137     N 
     8.376122762     1.412820987    -2.481942811     H 
     6.074255837     1.380306470     0.780287620     C 
     6.154946119     0.180959149     2.458499294     H 
     6.105668177     4.175298738     1.534388732     C 
     6.013631475     5.369673070    -0.150098852     H 
     4.478342103     4.627952808     2.728409949     H 
     7.832097913     4.606805843     2.583068678     H 
     3.726078690     0.797216980    -0.826897534     C 
     3.321081413     1.952238191    -2.800365098     O 
     2.228058278    -1.106027229     0.036428625     N 
     2.617126936    -1.943585331     1.708688311     H 
    -0.078197109    -1.866998750    -1.242748335     C 
    -0.198458223    -0.749165161    -2.970918892     H 
     0.005427864    -3.876462297    -1.741387890     H 
    -2.333710391    -1.495121021     0.534746306     C 
    -2.499152093    -2.730352151     2.493485398     O 
    -4.007480992     0.327610839    -0.156849579     N 
    -3.820415225     1.213990080    -1.837368802     H 
    -6.263399371     0.921620367     1.320798333     C 
    -6.210982601    -0.359897264     2.939389947     H 
    -6.251979158     3.676481826     2.212824794     C 
    -6.323280855     4.947369427     0.587289898     H 
    -7.905518743     4.059877910     3.396435920     H 
    -4.547812058     4.065249208     3.313418480     H 
    -8.570723893     0.417907144    -0.371912996     C 
    -8.939999714     1.702247559    -2.266586559     O 
   -10.074814451    -1.535322958     0.357614752     N 
    -9.557137224    -2.557784640     1.882373052     H 
   -12.275840331    -2.325660796    -1.080014835     C 
   -12.010834287    -4.213728102    -1.890083861     H 
   -13.969252039    -2.343008449     0.109040459     H 
   -12.532259250    -0.970204139    -2.610268856     H 
$end
