$coord
        0.37025409629490       -4.54337736379994       -0.21645945010123      B
        2.57190489742459       -5.07494227675939       -0.37757590535608      H
       -0.63042707889923       -5.13527412733841        1.73985299231693      H
       -0.86349605763322       -4.94111764556198       -2.08780864647890      H
        0.45133729414736        4.29310713694576        0.23916747600290      P
        3.05455979520612        4.72506926917834        0.23660678344576      H
       -0.21855974430357        5.65553402884654        2.39865595510998      H
       -0.29143406413819        6.03714663792355       -1.59769057945837      H
        0.50442886211798       -1.26686750987214       -0.04789872599728      O
       -1.39859987972004       -0.05366370515673       -0.09332546658575      C
       -3.54996812049672        0.30438555559438       -0.19352443289789      O
$end
