$coord
       -3.71965469837259        2.01646307192531        2.53803707968747      H
       -2.10546718994206        1.91727131935765        1.29298310852704      C
        0.43316704337107        1.37822678859134        2.07765998019641      C
       -2.10546718994206        1.91727131935765       -1.29298310852704      C
        3.74626417573733        1.33471394243734        0.00000000000000      H
        1.95544769552179        1.99899443864781        0.00000000000000      N
        0.43316704337107       -2.52110890823574        1.33527519125639      C
        1.16394324141717        1.64337433674846        3.96878126198441      H
        0.43316704337107       -2.52110890823574       -1.33527519125639      C
       -3.71965469837259        2.01646307192531       -2.53803707968747      H
        0.43316704337107        1.37822678859134       -2.07765998019641      C
        1.16394324141717        1.64337433674846       -3.96878126198441      H
       -1.23834910285037       -3.14361699654933       -2.33951184505240      H
       -1.23834910285037       -3.14361699654933        2.33951184505240      H
        2.18233772737617       -2.95746380238026        2.31637970096436      H
        2.18233772737617       -2.95746380238026       -2.31637970096436      H
$end
