$coord
        0.43652023789381       -3.30732364907087       -3.04951122484341      O
        0.67041888675266       -2.69638438462189       -4.74230506163508      H
       -0.91908700319313       -2.17542790279429       -2.31447595663300      H
       -1.54717107172657       -3.41969688850421        2.88321826404675      O
       -0.61373340959631       -4.65312793631103        1.92995038374170      H
       -2.21001372174098       -2.25042455318431        1.54508240949899      H
       -1.76808618773339        3.89873524048447        1.99539367530070      O
       -2.42379442273779        2.37014939384177        1.12884059878223      H
       -0.83203758561616        4.68415746470009        0.63740322511221      H
        1.95518371890112        0.57870246568025        4.13635796395203      O
        0.89263403979058       -0.92242944101344        4.01003227243274      H
        0.79989603659891        1.93260037397249        3.64407996454915      H
        0.50201377726827        3.28328036227282       -3.17924059642461      O
        2.02495045798155        2.48912008263007       -2.52430420112511      H
       -0.82638042614555        2.11044515636916       -2.63817142017336      H
        4.29038472717818       -0.03841015580516       -0.75622955583840      O
        3.69903356920339        0.20231924798589        0.97759626156737      H
        3.19737888145722       -1.35791036359878       -1.42481625492686      H
       -2.80705323856334       -0.27323839869897       -0.84625757850119      O
       -4.52105726597249       -0.45513611433407       -1.41264316888277      H
$eht charge=-1 unpaired=0
$end
