$coord
   -5.50925468056218     -0.25247233515104      0.00000000000000      c
   -2.92515991103363      0.74389366558670      0.00000000000000      c
   -0.76007935658093     -0.68985624468060      0.00000000000000      c
    1.61041181730436      0.45876222377554      0.00000000000000      c
    3.93380884940921     -0.86265935488124      0.00000000000000      c
    6.15985370611364      0.39962369206503      0.00000000000000      c
   -6.53816053612581      0.49868412975660     -1.63944796674199      h
   -6.53816053612581      0.49868412975660      1.63944796674199      h
   -5.60071374790268     -2.30651678799887      0.00000000000000      h
   -2.72225583768072      2.79131608339696      0.00000000000000      h
   -0.89098951483174     -2.73631392943938      0.00000000000000      h
    1.68918694531944      2.51342044336306      0.00000000000000      h
    3.90689989073083     -2.91212715445595      0.00000000000000      h
    6.23413795702040      2.44843740040189      0.00000000000000      h
    7.95047495494558     -0.59287596149534      0.00000000000000      h
$redundant
     number_of_atoms            15
     degrees_of_freedom         26
     internal_coordinates       26
     frozen_coordinates          0
# definitions of redundant internals
   1 k  1.0000000000000 stre    5    6           val=   2.55903
   2 k  1.0000000000000 stre    5   13           val=   2.04964
   3 k  1.0000000000000 stre    6   15           val=   2.04729
   4 k  1.0000000000000 stre    6   14           val=   2.05016
   5 k  1.0000000000000 stre    2    1           val=   2.76953
   6 k  1.0000000000000 stre    1    9           val=   2.05608
   7 k  1.0000000000000 stre    3    4           val=   2.63411
   8 k  1.0000000000000 stre    2   10           val=   2.05745
   9 k  1.0000000000000 stre    3   11           val=   2.05064
  10 k  1.0000000000000 stre    3    2           val=   2.59677
  11 k  1.0000000000000 stre    4    5           val=   2.67289
  12 k  1.0000000000000 stre    4   12           val=   2.05617
  13 k  0.4762031509383 bend    7    9    1      val=   1.17867
        0.4762031509383 bend    8    9    1
        0.2783813871713 bend    8    7    1
       -0.3482193787584 bend    2    9    1
       -0.4169581427473 bend    2    7    1
       -0.4169581427473 bend    2    8    1
  14 k -0.8164958939512 bend   14   15    6      val=   2.30831
        0.4091652095501 bend    5   15    6
        0.4073306844011 bend    5   14    6
  15 k  1.0000000000000 stre    1    8           val=   2.07622
  16 k  0.7071067811865 bend    6   13    5      val=   0.71555
       -0.7071067811865 bend    4   13    5
  17 k  0.7071067811865 bend    2   11    3      val=   0.17017
       -0.7071067811865 bend    4   11    3
  18 k  0.7071067811865 bend    3   12    4      val=   0.30743
       -0.7071067811865 bend    5   12    4
  19 k -0.7071067811865 bend    3   10    2      val=  -0.55418
        0.7071067811865 bend    1   10    2
  20 k -0.2330998417067 bend    7    9    1      val=   2.80742
       -0.2330998417067 bend    8    9    1
        0.7189897602370 bend    8    7    1
       -0.5423689196292 bend    2    9    1
        0.2002730726873 bend    2    7    1
        0.2002730726873 bend    2    8    1
  21 k -0.0010591635886 bend   14   15    6      val=   0.09640
       -0.7065766044531 bend    5   15    6
        0.7076357680417 bend    5   14    6
  22 k  1.0000000000000 bend    4    6    5      val= 120.81565
  23 k  1.0000000000000 bend    4    2    3      val= 120.63441
  24 k  1.0000000000000 bend    3    5    4      val= 124.51869
  25 k  1.0000000000000 bend    3    1    2      val= 125.40139
  26 k  0.2280793598366 bend    7    9    1      val=   0.78000
        0.2280793598366 bend    8    9    1
       -0.5156805234433 bend    8    7    1
       -0.6224624719694 bend    2    9    1
        0.3482626020433 bend    2    7    1
        0.3482626020433 bend    2    8    1
        26 non zero eigenvalues  of BmBt
           1           4.530041902    1    0
         1
           2           4.096184743    2    0
         2
           3           4.009718492    3    0
         3
           4           3.791743641    4    0
         4
           5           3.392095346    5    0
         5
           6           3.283091940    6    0
         6
           7           2.743056010    7    0
         7
           8           2.559922829    8    0
         8
           9           2.281997499    9    0
         9
          10           2.063905676   10    0
        10
          11           1.801364763   11    0
        11
          12           1.187199045   12    0
        12
          13           0.898518967   13    0
        13
          14           0.877258632   14    0
        14
          15           0.681600117   15    0
        15
          16           0.660577788   16    0
        16
          17           0.607689528   17    0
        17
          18           0.513852083   18    0
        18
          19           0.422353517   19    0
        19
          20           0.356983155   20    0
        20
          21           0.339783458   21    0
        21
          22           0.299260278   22    0
        22
          23           0.134111680   23    0
        23
          24           0.079866323   24    0
        24
          25           0.054914967   25    0
        25
          26           0.012140911   26    0
        26
$user-defined bonds
$end
