$coord
        3.41885990836544       -2.80052916855262       -0.25632123886448      O
        3.10721848024200        0.20793452014344       -0.04084213075391      P
        4.96201121775913        1.69324770887843       -1.45533508769199      O
        0.21760340607438        0.65255984231629       -1.18304871770733      O
       -2.42393762989999        0.22758509196732        0.24052367773793      P
       -2.15414072010929        0.16734362499912        3.02165108334571      O
       -4.19596639464258        2.34628037894111       -0.96063824865105      O
       -3.64471142863710       -2.27380722250501       -0.85486809473675      O
        2.80093992655905        0.72419315587862        2.86297750700687      O
        4.55088084189301       -3.23007847696050       -1.63752112575234      H
       -3.69615711426099        4.05771935241191       -0.51503678788407      H
       -3.95338553049422       -2.23375482188187       -2.66586949998979      H
        1.01078503715111        0.46130601436372        3.44432866394114      H
$end
