$coord
       -3.60914549092510        0.17119600762740        0.00000000000000      C
       -3.60914549092510       -1.41639359801425        2.40988904545484      C
       -3.60914549092510       -1.41639359801425       -2.40988904545484      C
       -3.60914549092510        0.16839921216540        4.82140892502028      C
       -3.60914549092510        0.16839921216540       -4.82140892502028      C
       -3.60914549092510       -1.43920070911615        7.21645794698658      C
       -3.60914549092510       -1.43920070911615       -7.21645794698658      C
       -1.94833464625243        1.41659390904059        0.00000000000000      H
       -5.26995822532443        1.41659390904059        0.00000000000000      H
       -1.94847070657220       -2.66217322421346        2.41063548748694      H
       -5.26982216500466       -2.66217322421346        2.41063548748694      H
       -1.94847070657220       -2.66217322421346       -2.41063548748694      H
       -5.26982216500466       -2.66217322421346       -2.41063548748694      H
       -1.94992201664977        1.41197541707495        4.81743482984694      H
       -5.26837085492708        1.41197541707495        4.81743482984694      H
       -1.94992201664977        1.41197541707495       -4.81743482984694      H
       -5.26837085492708        1.41197541707495       -4.81743482984694      H
       -1.93853074432214       -2.65654939766286        7.28530257906494      H
       -5.27976212725471       -2.65654939766286        7.28530257906494      H
       -3.60914549092510       -0.26439732667171        8.91765602991181      H
       -1.93853074432214       -2.65654939766286       -7.28530257906494      H
       -5.27976212725471       -2.65654939766286       -7.28530257906494      H
       -3.60914549092510       -0.26439732667171       -8.91765602991181      H
        3.60914549092510       -0.17119600762740        0.00000000000000      C
        3.60914549092510        1.41639359801425       -2.40988904545484      C
        3.60914549092510        1.41639359801425        2.40988904545484      C
        3.60914549092510       -0.16839921216540       -4.82140892502028      C
        3.60914549092510       -0.16839921216540        4.82140892502028      C
        3.60914549092510        1.43920070911615       -7.21645794698658      C
        3.60914549092510        1.43920070911615        7.21645794698658      C
        5.26995822532443       -1.41659390904059        0.00000000000000      H
        1.94833464625243       -1.41659390904059        0.00000000000000      H
        5.26982216500466        2.66217322421346       -2.41063548748694      H
        1.94847070657220        2.66217322421346       -2.41063548748694      H
        5.26982216500466        2.66217322421346        2.41063548748694      H
        1.94847070657220        2.66217322421346        2.41063548748694      H
        5.26837085492708       -1.41197541707495       -4.81743482984694      H
        1.94992201664977       -1.41197541707495       -4.81743482984694      H
        5.26837085492708       -1.41197541707495        4.81743482984694      H
        1.94992201664977       -1.41197541707495        4.81743482984694      H
        5.27976212725471        2.65654939766286       -7.28530257906494      H
        1.93853074432214        2.65654939766286       -7.28530257906494      H
        3.60914549092510        0.26439732667171       -8.91765602991181      H
        5.27976212725471        2.65654939766286        7.28530257906494      H
        1.93853074432214        2.65654939766286        7.28530257906494      H
        3.60914549092510        0.26439732667171        8.91765602991181      H
$end
