$coord
     0.000000000     0.000000000     6.694480933     N 
     1.541782082    -0.890147869     7.388934447     H 
     0.000000000     1.780295738     7.388934447     H 
    -1.541782082    -0.890147869     7.388934447     H 
     0.000000000     0.000000000     1.039855741     I 
     0.000000000     0.000000000    -3.010140751     C 
     0.000000000     2.352657836    -3.928876394     F 
    -2.037460989    -1.176327973    -3.928876394     F 
     2.037460989    -1.176327973    -3.928876394     F 
$end
