$coord
        2.32098637334364        0.36144019380712       -2.00812600343842      C
       -0.25391507355558        1.71328237110222       -1.44679282660762      C
       -0.25391507355558        1.71328237110222        1.44679282660762      C
        2.32098637334364        0.36144019380712        2.00812600343842      C
        2.02986484440122       -2.37961612008090       -1.25565986716948      C
        2.02986484440122       -2.37961612008090        1.25565986716948      C
        3.80643856717304        1.35136379824254        0.00000000000000      O
       -2.61267093917873        0.29209903187422       -2.20718499841922      C
       -2.61267093917873        0.29209903187422        2.20718499841922      C
       -3.83715769346730       -0.38938269916646        0.00000000000000      N
       -3.33896049963360       -0.19337595755390        4.30348724970947      O
       -3.33896049963360       -0.19337595755390       -4.30348724970947      O
        3.15036019393544        0.78373305653182       -3.83768052332123      H
       -0.26049020507009        3.59114320390594       -2.29232964042203      H
       -0.26049020507009        3.59114320390594        2.29232964042203      H
        3.15036019393544        0.78373305653182        3.83768052332123      H
        1.69859138910963       -3.93494821860049       -2.53695929346661      H
        1.69859138910963       -3.93494821860049        2.53695929346661      H
       -5.43681304040955       -1.42949622104818        0.00000000000000      H
$end
