$coord
   -0.92308201300000     -0.14922221300000      5.12079082700000      c
    1.35143943200000      0.37496132100000      3.43239057500000      c
    1.05445765400000     -0.63775228600000      0.74602413700000      c
   -1.05445765400000      0.63775228600000     -0.74602413700000      c
   -1.35143943200000     -0.37496132100000     -3.43239057500000      c
    0.92308201300000      0.14922221300000     -5.12079082700000      c
   -1.33794867800000     -2.16716800100000      5.17310222200000      h
   -2.60880830400000      0.82155270500000      4.45325079000000      h
   -0.57404773300000      0.47182300600000      7.05133867900000      h
    3.02923076300000     -0.47003532500000      4.28349103500000      h
    1.70154329700000      2.40837451700000      3.35103409100000      h
    0.69121452400000     -2.67280576400000      0.82310983900000      h
    2.84240489200000     -0.39924241000000     -0.25265636500000      h
   -0.69121452400000      2.67280576400000     -0.82310983900000      h
   -2.84240489200000      0.39924241000000      0.25265636500000      h
   -3.02923076300000      0.47003532500000     -4.28349103500000      h
   -1.70154329700000     -2.40837451700000     -3.35103409100000      h
    0.57404773300000     -0.47182300600000     -7.05133867900000      h
    2.60880830400000     -0.82155270500000     -4.45325079000000      h
    1.33794867800000      2.16716800100000     -5.17310222200000      h
$redundant
     number_of_atoms            20
     degrees_of_freedom         27
     internal_coordinates       27
     frozen_coordinates          0
# definitions of redundant internals
   1 k  1.0000000000000 stre    1    7           val=   2.06081
   2 k  1.0000000000000 stre    3    2           val=   2.88623
   3 k  1.0000000000000 stre    3    4           val=   2.88108
   4 k  1.0000000000000 stre    2   10           val=   2.06237
   5 k  1.0000000000000 stre    3   13           val=   2.06180
   6 k  1.0000000000000 stre    3   12           val=   2.06865
   7 k  1.0000000000000 stre    2    1           val=   2.88078
   8 k  1.0000000000000 stre    1    9           val=   2.05780
   9 k  1.0000000000000 stre    1    8           val=   2.05662
  10 k  1.0000000000000 stre    2   11           val=   2.06494
  11 k  0.4221942245825 bend    9    8    1      val=   1.50390
        0.4224617718435 bend    7    8    1
        0.4158153829376 bend    7    9    1
       -0.3965920377931 bend    2    8    1
       -0.3971255272418 bend    2    9    1
       -0.3941848887826 bend    2    7    1
  12 k  0.0071441639015 bend   12   13    3      val=   0.11579
       -0.5038796923042 bend    4   13    3
       -0.4971917523043 bend    4   12    3
        0.4983998071649 bend    2   13    3
        0.5004520059547 bend    2   12    3
  13 k  1.0000000000000 tors    8    1    2    3 val=  55.71347
        1.0000000000000 tors    9    1    2    3
        1.0000000000000 tors    7    1    2    3
  14 k  0.0087611932024 bend   11   10    2      val=   0.14344
       -0.4978286420060 bend    1   10    2
       -0.5034400173000 bend    1   11    2
        0.4990350472859 bend    3   10    2
        0.4996018967673 bend    3   11    2
  15 k  0.0120056214072 bend   12   13    3      val=   0.00506
       -0.5042362353410 bend    4   13    3
        0.5027527001232 bend    4   12    3
       -0.5016006878345 bend    2   13    3
        0.4911600111029 bend    2   12    3
  16 k  1.0000000000000 tors    1    2    3    4 val=  64.98223
  17 k  0.3575198397157 bend    9    8    1      val=   0.03202
       -0.6845774906471 bend    7    8    1
        0.3316067078004 bend    7    9    1
       -0.2151377105697 bend    2    8    1
        0.4413400666674 bend    2    9    1
       -0.2291395336813 bend    2    7    1
  18 k -0.6301895151893 bend    9    8    1      val=   0.48802
       -0.0124076419227 bend    7    8    1
        0.6517185031781 bend    7    9    1
       -0.3015755374834 bend    2    8    1
        0.0076789243707 bend    2    9    1
        0.2948956549268 bend    2    7    1
  19 k  0.9070479404475 bend   11   10    2      val=   2.62791
       -0.2093116320624 bend    1   10    2
       -0.2031226175105 bend    1   11    2
       -0.2152847958264 bend    3   10    2
       -0.2141175690010 bend    3   11    2
  20 k  0.9071060034274 bend   12   13    3      val=   2.76991
       -0.1979503539515 bend    4   13    3
       -0.2157802313136 bend    4   12    3
       -0.2092599316374 bend    2   13    3
       -0.2182281574450 bend    2   12    3
  21 k  0.0049290786407 bend   11   10    2      val=   0.27720
        0.5064975199566 bend    1   10    2
       -0.5020230868467 bend    1   11    2
        0.4953334311959 bend    3   10    2
       -0.4960378802815 bend    3   11    2
  22 k  1.0000000000000 bend    4    2    3      val= 113.70291
  23 k -0.2796411191334 bend    9    8    1      val=   0.49442
       -0.0305149676275 bend    7    8    1
        0.3150604068399 bend    7    9    1
        0.6640747169296 bend    2    8    1
       -0.0529398830884 bend    2    9    1
       -0.6146615006619 bend    2    7    1
  24 k -0.2444924795498 bend    9    8    1      val=   0.07718
        0.4412989294265 bend    7    8    1
       -0.1965327618648 bend    7    9    1
       -0.2949615624989 bend    2    8    1
        0.6844698352906 bend    2    9    1
       -0.3890401998122 bend    2    7    1
  25 k  1.0000000000000 bend    3    1    2      val= 113.60431
  26 k -0.0019272350446 bend   11   10    2      val=   0.19936
       -0.4963889401947 bend    1   10    2
        0.4949770881403 bend    1   11    2
        0.5066526940126 bend    3   10    2
       -0.5018914580698 bend    3   11    2
  27 k -0.0034294133528 bend   12   13    3      val=   0.34144
        0.4966675669502 bend    4   13    3
       -0.4961105533496 bend    4   12    3
       -0.5009797867235 bend    2   13    3
        0.5061651303808 bend    2   12    3
        27 non zero eigenvalues  of BmBt
           1           6.058552580    1    0
         1
           2           4.248197975    2    0
         2
           3           4.244154021    3    0
         3
           4           3.546038390    4    0
         4
           5           3.364574881    5    0
         5
           6           3.195584008    6    0
         6
           7           2.662029079    7    0
         7
           8           2.385133732    8    0
         8
           9           1.943289482    9    0
         9
          10           0.883621008   10    0
        10
          11           0.819550025   11    0
        11
          12           0.764449198   12    0
        12
          13           0.728009187   13    0
        13
          14           0.692368932   14    0
        14
          15           0.679236064   15    0
        15
          16           0.566035607   16    0
        16
          17           0.447716649   17    0
        17
          18           0.435582291   18    0
        18
          19           0.344783747   19    0
        19
          20           0.313406219   20    0
        20
          21           0.266635049   21    0
        21
          22           0.254179253   22    0
        22
          23           0.239612067   23    0
        23
          24           0.167955396   24    0
        24
          25           0.092588991   25    0
        25
          26           0.048615254   26    0
        26
          27           0.022428249   27    0
        27
$user-defined bonds
$end
