$coord
       -3.68833669658339        1.06026307212248        0.00000000000000      N
       -0.06298314549540        3.82421760718490        0.00000000000000      N
        2.27168018437134       -2.54428765703705        0.00000000000000      N
        3.86117053938459        1.39791617746024        0.00000000000000      N
       -3.43078142754805       -3.32098107516758        0.00000000000000      N
       -2.52765502334245        3.33205265386422        0.00000000000000      C
        0.35567640207463       -0.78797231920540        0.00000000000000      C
        4.34019510853014       -1.14194856941006        0.00000000000000      C
        1.28155178932338        1.67944770154392        0.00000000000000      C
       -2.29190960546580       -1.05875149621103        0.00000000000000      C
       -3.79312759459069        4.93974078240469        0.00000000000000      H
        6.24014101294625       -1.87229928231805        0.00000000000000      H
        5.13520419777357        2.80989884223300        0.00000000000000      H
       -5.34374507655417       -3.44258794926466        0.00000000000000      H
       -2.34708066482391       -4.87470848819962        0.00000000000000      H
$end
