$coord
   -3.97002293480000      1.34394700561667     -0.80791259819444      c
   -1.40168286140000      1.09665524941667     -0.96779411259444      c
   -0.45435284260000      3.63666985911667     -1.22925248139444      c
   -2.50232109170000      5.20083395271667     -1.21004588779444      c
   -5.49815495460000     -0.00652007258333     -0.60537372579444      h
    1.50611820820000      4.21237146991667     -1.41797174979444      h
   -2.73715489920000      7.23020515421667     -1.35872311789444      h
    0.10533104280000     -1.30257597658333     -0.85386862869444      c
    1.35191010530000     -1.42333426558333     -2.52229767419444      h
   -1.18670600990000     -2.93143742158333     -0.98283531269444      h
    1.72810399560000     -1.55812942158333      1.54886635460556      c
    3.00772743230000      0.07930625101667      1.68895939640556      h
    0.48352145330000     -1.45670618528333      3.21524698470556      h
    3.26296590800000     -4.00745813638333      1.60512091310556      c
    4.55960553060000     -4.12385860248333     -0.01744128759444      h
    4.40443212780000     -4.14728771748333      3.33485702740556      h
    2.02274348530000     -5.67574428428333      1.53273581510556      h
   -4.68206369500000      3.83306314181667     -0.95226991469444      o
$redundant
     number_of_atoms            18
     degrees_of_freedom         48
     internal_coordinates       48
     frozen_coordinates          0
# definitions of redundant internals
   1 k  1.0000000000000 stre    1    5           val=   2.04938
   2 k  0.7071084533156 bend    2    5    1      val=   8.73511
       -0.7071051090536 bend   18    5    1
   3 k  1.0000000000000 outp    5   18    2    1 val=   0.25934
   4 k  1.0000000000000 stre    3    6           val=   2.05195
   5 k  0.7071071068476 bend    4    6    3      val=  -0.46941
       -0.7071064555253 bend    2    6    3
   6 k  1.0000000000000 outp    6    2    4    3 val=   0.27486
   7 k  1.0000000000000 stre    4    7           val=   2.04832
   8 k  0.7071075303502 bend    3    7    4      val=   9.01169
       -0.7071060320221 bend   18    7    4
   9 k  1.0000000000000 outp    7   18    3    4 val=  -0.16957
  10 k  1.0000000000000 stre    8   10           val=   2.08307
  11 k  1.0000000000000 stre    8    9           val=   2.08619
  12 k  0.0170512309743 bend    9   10    8      val=   0.18081
       -0.5013545297430 bend    2   10    8
       -0.5031930951671 bend    2    9    8
        0.5000937041257 bend   11   10    8
        0.4950311981061 bend   11    9    8
  13 k  0.0065497234042 bend    9   10    8      val=   0.05609
       -0.5184946402895 bend    2   10    8
        0.5127010325268 bend    2    9    8
       -0.4834909360444 bend   11   10    8
        0.4842463991847 bend   11    9    8
  14 k  0.9077028163853 bend    9   10    8      val=   2.69458
       -0.1989268048748 bend    2   10    8
       -0.2027661101161 bend    2    9    8
       -0.2132013152795 bend   11   10    8
       -0.2234610193749 bend   11    9    8
  15 k -0.0027572541849 bend    9   10    8      val=   0.27438
       -0.4819198586903 bend    2   10    8
        0.4858691262899 bend    2    9    8
        0.5159067307551 bend   11   10    8
       -0.5152834992788 bend   11    9    8
  16 k  1.0000000000000 stre   11   13           val=   2.08233
  17 k  1.0000000000000 stre   11   12           val=   2.08285
  18 k  0.0226244400003 bend   12   13   11      val=   0.35256
       -0.5031751750797 bend   14   13   11
       -0.5001665383940 bend   14   12   11
        0.4962775227568 bend    8   13   11
        0.4998449081221 bend    8   12   11
  19 k  0.0003891578388 bend   12   13   11      val=   0.03856
        0.5099334070005 bend   14   13   11
       -0.5128617144208 bend   14   12   11
        0.4901407120222 bend    8   13   11
       -0.4865210306665 bend    8   12   11
  20 k  0.9050296562853 bend   12   13   11      val=   1.66374
       -0.1999131115139 bend   14   13   11
       -0.2028371063721 bend   14   12   11
       -0.2250591245595 bend    8   13   11
       -0.2217240803793 bend    8   12   11
  21 k -0.0024744194120 bend   12   13   11      val=   0.25882
        0.4895372235187 bend   14   13   11
       -0.4871258720188 bend   14   12   11
       -0.5104829625495 bend    8   13   11
        0.5123111493954 bend    8   12   11
  22 k  1.0000000000000 tors   16   14   11    8 val=  59.96710
        1.0000000000000 tors   17   14   11    8
        1.0000000000000 tors   15   14   11    8
  23 k  1.0000000000000 stre   14   16           val=   2.07713
  24 k  1.0000000000000 stre   14   17           val=   2.08004
  25 k  1.0000000000000 stre   14   15           val=   2.08027
  26 k  0.4225177827829 bend   17   16   14      val=   1.59909
        0.4238075053907 bend   15   16   14
        0.4166144591555 bend   15   17   14
       -0.3947052443157 bend   11   16   14
       -0.3954412710238 bend   11   17   14
       -0.3951357808527 bend   11   15   14
  27 k -0.3405761551837 bend   17   16   14      val=   0.10547
       -0.3354369812675 bend   15   16   14
        0.6838240559545 bend   15   17   14
       -0.4512927040059 bend   11   16   14
        0.2222265111585 bend   11   17   14
        0.2254436684978 bend   11   15   14
  28 k  0.6384050950096 bend   17   16   14      val=   0.03206
       -0.6404470077620 bend   15   16   14
        0.0036517268650 bend   15   17   14
       -0.0018034474850 bend   11   16   14
        0.3024406428010 bend   11   17   14
       -0.3012965896997 bend   11   15   14
  29 k  0.2246766426611 bend   17   16   14      val=   0.04120
        0.2235826572197 bend   15   16   14
       -0.4509967934685 bend   15   17   14
       -0.6800599225400 bend   11   16   14
        0.3414458349664 bend   11   17   14
        0.3421495834475 bend   11   15   14
  30 k -0.3019103703733 bend   17   16   14      val=   0.00170
        0.3018345068985 bend   15   16   14
       -0.0000467329708 bend   15   17   14
       -0.0006393700188 bend   11   16   14
        0.6399308057963 bend   11   17   14
       -0.6389320867834 bend   11   15   14
  31 k  1.0000000000000 tors   14   11    8    2 val= 180.54046
  32 k  1.0000000000000 stre   11   14           val=   2.89105
  33 k  1.0000000000000 bend    8   14   11      val= 112.73325
  34 k  1.0000000000000 tors   11    8    2    1 val= 157.99225
        1.0000000000000 tors   11    8    2    3
  35 k  1.0000000000000 stre    8   11           val=   2.91064
  36 k  1.0000000000000 bend    2   11    8      val= 113.81389
  37 k  1.0000000000000 stre    2    8           val=   2.83556
  38 k  0.7071100867755 bend    1    8    2      val=  -0.05878
       -0.7071034755822 bend    3    8    2
  39 k  1.0000000000000 outp    8    3    1    2 val=   0.68882
  40 k  1.0000000000000 stre    1    2           val=   2.58517
  41 k  1.0000000000000 stre    2    3           val=   2.72350
  42 k  1.0000000000000 stre    3    4           val=   2.57704
  43 k  1.0000000000000 stre    4   18           val=   2.58622
  44 k  1.0000000000000 stre   18    1           val=   2.59298
  45 k -0.8090169943749 bend    1    3    2      val=   2.20706
        0.3090169943749 bend    2    4    3
        0.3090169943750 bend    3   18    4
       -0.8090169943750 bend    4    1   18
        1.0000000000000 bend   18    2    1
  46 k  0.5877852522925 bend    1    3    2      val=   0.91085
       -0.9510565162952 bend    2    4    3
        0.9510565162952 bend    3   18    4
       -0.5877852522925 bend    4    1   18
  47 k -0.8090169943749 tors    3    4   18    1 val=   0.04734
        0.3090169943749 tors    4   18    1    2
        0.3090169943750 tors   18    1    2    3
       -0.8090169943750 tors    1    2    3    4
        1.0000000000000 tors    2    3    4   18
  48 k  0.5877852522925 tors    3    4   18    1 val=   0.03222
       -0.9510565162952 tors    4   18    1    2
        0.9510565162952 tors   18    1    2    3
       -0.5877852522925 tors    1    2    3    4
        48 non zero eigenvalues  of BmBt
           1           5.858915261    1    0
         1
           2           5.479496845    2    0
         2
           3           4.973578282    3    0
         3
           4           4.279436066    4    0
         4
           5           4.139810287    5    0
         5
           6           3.904236787    6    0
         6
           7           3.714063762    7    0
         7
           8           3.677319384    8    0
         8
           9           3.557701820    9    0
         9
          10           3.120142376   10    0
        10
          11           3.059573249   11    0
        11
          12           2.948939649   12    0
        12
          13           2.614950046   13    0
        13
          14           2.511121302   14    0
        14
          15           2.328718741   15    0
        15
          16           2.115434937   16    0
        16
          17           1.861448197   17    0
        17
          18           1.611368468   18    0
        18
          19           1.309560699   19    0
        19
          20           1.134548870   20    0
        20
          21           1.065554206   21    0
        21
          22           0.877067853   22    0
        22
          23           0.776814513   23    0
        23
          24           0.751746207   24    0
        24
          25           0.749187138   25    0
        25
          26           0.683242054   26    0
        26
          27           0.680162421   27    0
        27
          28           0.674521411   28    0
        28
          29           0.605801201   29    0
        29
          30           0.484811433   30    0
        30
          31           0.440136395   31    0
        31
          32           0.432869642   32    0
        32
          33           0.357520615   33    0
        33
          34           0.341996167   34    0
        34
          35           0.321902572   35    0
        35
          36           0.314768719   36    0
        36
          37           0.303577559   37    0
        37
          38           0.278948534   38    0
        38
          39           0.262527180   39    0
        39
          40           0.231508481   40    0
        40
          41           0.170612211   41    0
        41
          42           0.168296083   42    0
        42
          43           0.083191037   43    0
        43
          44           0.068396436   44    0
        44
          45           0.053131578   45    0
        45
          46           0.048601555   46    0
        46
          47           0.020765422   47    0
        47
          48           0.013196914   48    0
        48
$user-defined bonds
$end
