$coord
        2.36784521496442        1.12697536540827        1.26548454791518      C
        4.04209344528325       -1.34781448461245        1.67375096771137      C
        5.09165220896004       -1.95922037861409       -1.00441026821563      C
        3.86930620597301        0.10809476833902       -2.66272912628974      C
        0.94133592998255       -0.27810667715557       -2.92118623326362      C
        0.08643544543574        0.20391486362085       -0.18375537897835      C
        3.95589125210596        2.38105360973700       -0.88906368678058      C
        2.06724422210211        2.87295374769207        3.55118223624948      C
       -0.03756903674068        1.76665483776318       -4.83084291797082      C
        0.21222787666092       -2.93208863016691       -3.88097784461231      C
       -5.64201060472095       -0.28889694644681        4.11066462361664      C
       -3.07430671662883       -0.56997923018153        3.37269744360249      C
       -2.37683937564412       -0.19690495816094        0.72255773024164      C
       -4.45311850718790       -0.10178804239416       -1.04723963786602      C
       -6.91627947340169        0.04622256870603       -0.26998069596392      C
       -7.52168218314849        0.02162004269295        2.34827042030228      C
        5.53441050125161       -0.84762956460411        3.02048773838139      H
        2.99139040703559       -2.95946150527964        2.45079178575313      H
        4.63987922199523       -3.87775129956204       -1.62068440835567      H
        7.14960333247692       -1.75272341589804       -1.04622540400987      H
        4.75724543922163        0.33366235079265       -4.51366845057678      H
        5.85089623188379        2.83645784105120       -0.19085957118556      H
        3.08122902930775        4.10079167669436       -1.62866489677330      H
        1.65283746854138        1.91950636416412        5.33466388185161      H
        3.85017379682526        3.89373087777098        3.81490626138854      H
        0.57239189744484        4.26766616643335        3.21251732896241      H
       -0.24198187307063        3.63424494519564       -3.96907737370504      H
        1.32568131524194        1.91020906167078       -6.38260272135052      H
       -1.85361237376527        1.23222878135625       -5.66027034299999      H
        0.72231591342265       -4.40744875879635       -2.52272702118219      H
       -1.81349882438868       -3.08377305427522       -4.26142956826816      H
        1.22811780401005       -3.29740273271917       -5.65056204490902      H
       -6.12002724893814       -0.43340429988731        6.10501461299839      H
       -1.42521157435124       -1.38761309817714        5.11935444607560      N
       -4.05070566414103        0.04638140618693       -3.03763599784260      H
       -9.36283077097619        0.33724756941969       -2.47210301284509      Cl
       -9.47981322815951        0.19850781608311        2.94272385018253      H
        0.38476429201980       -1.79242658925307        4.69309432800680      H
       -2.00548099688297       -1.72369099459379        6.90853440070536      H
$eht charge=1 unpaired=0
$end
