$coord
       -4.79650719146544       -0.16575768905368       -1.94120655204880      O
       -2.56892614334158       -0.15061872884954        0.05611196702214      P
       -2.41390536479765       -2.36755371417646        1.76533118776374      O
        0.00000000000000        0.00000000000000       -1.66076186200725      O
        2.56892614334158        0.15061872884954        0.05611196702214      P
        2.41390536479765        2.36755371417646        1.76533118776374      O
        2.82355711835112       -2.57538048772622        1.22777067942361      O
        4.79650719146544        0.16575768905368       -1.94120655204880      O
       -2.82355711835112        2.57538048772622        1.22777067942361      O
       -5.50940896164406       -1.84954409058714       -2.12280673724752      H
        1.12703967424259       -3.10061279635533        1.84518038609047      H
        5.50940896164406        1.84954409058714       -2.12280673724752      H
       -1.12703967424259        3.10061279635533        1.84518038609047      H
$end
