$coord
        1.86666902508251        3.19526535457018       -0.09574011791329      S
       -3.04284885341611        2.45364984681208       -0.28554964532044      N
       -0.86809774428003       -1.06644992820236        0.87395585639184      N
       -0.74054216579024        1.53344278236442        0.15707715091486      C
       -4.53429698536889        1.29642154948312       -0.14114661493040      H
       -3.24527782847891        4.25128431740227       -0.84542023068048      H
       -0.17679044321492       -1.17977768161713        2.65478119126769      H
        0.67752379391207       -2.71228792874428       -0.73042513398069      C
        0.33214549714223       -5.43906858051671        0.03382215333247      C
        0.04986383149278       -2.44011453086480       -2.66904957265020      H
        2.66453373688132       -2.16507745395514       -0.64529969601955      H
       -1.62623516216334       -6.01671507845213       -0.18636717045200      H
        1.50043199038611       -6.66407552850315       -1.12578602794817      H
        0.88754986273734       -5.73332911647549        1.99420106867852      H
$end
