$coord
   -0.12894923200000      3.31158039200000     -2.02957969780000      c
    1.55628761900000      2.62170001400000      0.20622126220000      c
    0.12894923200000      1.44011482400000      2.43411560820000      c
   -0.12894923200000     -1.44011482400000      2.43411560820000      c
   -1.55628761900000     -2.62170001400000      0.20622126220000      c
    0.12894923200000     -3.31158039200000     -2.02957969780000      c
   -1.53387924800000      4.70343917300000     -1.45311122580000      h
   -1.14064994600000      1.68389514600000     -2.77124801580000      h
    0.96739041900000      4.12766989900000     -3.56947394380000      h
    2.48736317300000      4.34409454800000      0.85315005720000      h
    3.06849171000000      1.35276979900000     -0.39565646580000      h
   -1.75598063300000      2.28343717200000      2.53852485920000      h
    1.08316826100000      1.96313995500000      4.18705756220000      h
   -1.08316826100000     -1.96313995500000      4.18705756220000      h
    1.75598063300000     -2.28343717200000      2.53852485920000      h
   -3.06849171000000     -1.35276979900000     -0.39565646580000      h
   -2.48736317300000     -4.34409454800000      0.85315005720000      h
   -0.96739041900000     -4.12766989900000     -3.56947394380000      h
    1.53387924800000     -4.70343917300000     -1.45311122580000      h
    1.14064994600000     -1.68389514600000     -2.77124801580000      h
$redundant
     number_of_atoms            20
     degrees_of_freedom         28
     internal_coordinates       28
     frozen_coordinates          0
# definitions of redundant internals
   1 k  1.0000000000000 stre    3    4           val=   2.89175
   2 k  1.0000000000000 stre    1    7           val=   2.05996
   3 k  1.0000000000000 stre    2   10           val=   2.06205
   4 k  1.0000000000000 stre    3   13           val=   2.06322
   5 k  1.0000000000000 stre    2    1           val=   2.88353
   6 k  1.0000000000000 stre    3    2           val=   2.89775
   7 k  1.0000000000000 stre    1    9           val=   2.05894
   8 k  1.0000000000000 stre    2   11           val=   2.06378
   9 k  1.0000000000000 stre    1    8           val=   2.05499
  10 k  1.0000000000000 stre    3   12           val=   2.06762
  11 k  0.4359173433313 bend    9    8    1      val=   1.51419
        0.4134778383451 bend    7    8    1
        0.4111690968709 bend    7    9    1
       -0.3972969361891 bend    2    8    1
       -0.3930821887363 bend    2    9    1
       -0.3969806773029 bend    2    7    1
  12 k  1.0000000000000 tors    8    1    2    3 val=  61.01157
        1.0000000000000 tors    9    1    2    3
        1.0000000000000 tors    7    1    2    3
  13 k  0.0018528163932 bend   11   10    2      val=   0.00726
       -0.4872953350310 bend    1   10    2
       -0.5131532849652 bend    1   11    2
        0.4953688610119 bend    3   10    2
        0.5038087148886 bend    3   11    2
  14 k  0.0156352504554 bend   12   13    3      val=   0.27633
        0.4908160905921 bend    4   13    3
        0.5073039948228 bend    4   12    3
       -0.5008801349459 bend    2   13    3
       -0.5006164713755 bend    2   12    3
  15 k -0.2676773884068 bend    9    8    1      val=   0.07203
        0.6827824696233 bend    7    8    1
       -0.4049698233374 bend    7    9    1
        0.2657657717423 bend    2    8    1
       -0.4448104093575 bend    2    9    1
        0.1722457877403 bend    2    7    1
  16 k -0.6716367179658 bend    9    8    1      val=   0.97891
        0.0979615155727 bend    7    8    1
        0.6063642264963 bend    7    9    1
       -0.2738419106089 bend    2    8    1
       -0.0418371105485 bend    2    9    1
        0.3080427722694 bend    2    7    1
  17 k  1.0000000000000 tors    1    2    3    4 val=  90.24786
  18 k  0.0211845675741 bend   12   13    3      val=   0.85456
        0.4977179597427 bend    4   13    3
       -0.4879434571505 bend    4   12    3
        0.5037683838020 bend    2   13    3
       -0.5098594362682 bend    2   12    3
  19 k  1.0000000000000 tors    2    3    4    5 val= -61.15041
  20 k  0.9144912058212 bend   12   13    3      val=   5.47438
       -0.2240555512706 bend    4   13    3
       -0.1949211176801 bend    4   12    3
       -0.1983588019132 bend    2   13    3
       -0.1901696295584 bend    2   12    3
  21 k  0.9074991105146 bend   11   10    2      val=   2.78734
       -0.2316302397484 bend    1   10    2
       -0.1852156999473 bend    1   11    2
       -0.2237199387915 bend    3   10    2
       -0.1960544055345 bend    3   11    2
  22 k  0.0407478763393 bend   11   10    2      val=   1.29056
        0.5059473178661 bend    1   10    2
       -0.4972280191754 bend    1   11    2
        0.4930458877402 bend    3   10    2
       -0.5020228796055 bend    3   11    2
  23 k  0.2892666023792 bend    9    8    1      val=  -0.60583
        0.0013224931336 bend    7    8    1
       -0.2988245783675 bend    7    9    1
       -0.6276620441731 bend    2    8    1
       -0.0202916869580 bend    2    9    1
        0.6577655820034 bend    2    7    1
  24 k  0.2042182997182 bend    9    8    1      val=   0.11286
       -0.4445255794192 bend    7    8    1
        0.2397345592493 bend    7    9    1
        0.3517638565360 bend    2    8    1
       -0.6837734799354 bend    2    9    1
        0.3345672634549 bend    2    7    1
  25 k  1.0000000000000 bend    3    1    2      val= 113.94210
  26 k -0.0089785933010 bend   12   13    3      val=   0.71638
       -0.5075467771966 bend    4   13    3
        0.5060076994402 bend    4   12    3
        0.5003403143260 bend    2   13    3
       -0.4857277342165 bend    2   12    3
  27 k -0.0072897551394 bend   11   10    2      val=   0.72090
       -0.5031432647076 bend    1   10    2
        0.4921487338899 bend    1   11    2
        0.5137813254361 bend    3   10    2
       -0.4905222604664 bend    3   11    2
  28 k  1.0000000000000 bend    4    2    3      val= 116.74779
        28 non zero eigenvalues  of BmBt
           1           5.992210960    1    0
         1
           2           4.891277611    2    0
         2
           3           4.113746243    3    0
         3
           4           3.422709943    4    0
         4
           5           3.397313076    5    0
         5
           6           3.004194758    6    0
         6
           7           2.668477196    7    0
         7
           8           2.376345012    8    0
         8
           9           1.791469503    9    0
         9
          10           0.883447513   10    0
        10
          11           0.832684091   11    0
        11
          12           0.766885941   12    0
        12
          13           0.709361830   13    0
        13
          14           0.693206853   14    0
        14
          15           0.657707324   15    0
        15
          16           0.577632792   16    0
        16
          17           0.441793508   17    0
        17
          18           0.404873892   18    0
        18
          19           0.360213667   19    0
        19
          20           0.299946859   20    0
        20
          21           0.274574398   21    0
        21
          22           0.260585928   22    0
        22
          23           0.210184283   23    0
        23
          24           0.162930391   24    0
        24
          25           0.067110277   25    0
        25
          26           0.055156261   26    0
        26
          27           0.011841775   27    0
        27
          28           0.007449691   28    0
        28
$user-defined bonds
$end
