$coord
       -1.85528263484662        3.58670515364615       -2.41763729306344      Na
        4.40178023537845        0.02338844412652       -4.95457749372945      H
       -2.98706033463438        4.76252065456815        1.27043301573532      O
        0.79980886075526        1.41103455609188       -5.04655321620119      H
       -4.20647469409936        1.84275767548461        4.55038084858449      F
       -3.54356121843971       -3.18835665176557        1.46240021785589      H
        2.70032160109941        1.06818452504053       -1.73234650374438      H
        3.73114088824360       -2.07001543363452        2.23160937604731      O
       -1.75306819230398        0.35951417150422        1.05323406177129      N
        5.41755788583824       -1.57881830078930        1.75394002750038      H
       -2.23462868255966       -2.13856505054270        4.10922285746451      H
        1.01565866207569       -3.21952154552768       -3.36050963020778      Cl
        2.42119255723594        0.26626435093115       -3.91862474360559      B
       -3.02526098819107        2.53667889095926        2.31664984740423      B
       -2.00438948664891       -2.29235136977221        2.19782807357059      N
        1.12226554109717       -1.36942007032045        0.48455055461781      Al
$end
