$coord
        0.00000000000000        0.82664551700000        0.00000000000000      C
       -2.62452326500000        1.56167711700000        0.00000000000000      C
       -0.93571483200001        3.37830472699999        0.00000000000000      C
        1.82052800399999       -0.88901025399999        0.00000000000000      C
        1.35535683399999       -3.68834451099999        0.00000000000000      C
       -4.58965310200000        1.04438163499999        0.00000000000000      H
       -0.56079319500000        5.37600210200000        0.00000000000000      H
        3.76349513500001       -0.24293939400000        0.00000000000000      H
        2.17840242200000       -4.60498822800000        1.66022065900000      H
       -0.66373790800000       -4.10310157200000        0.00000000000000      H
        2.17840242200000       -4.60498822800000       -1.66022065900000      H
$end
