$coord
   -3.46746188436364     -5.54489996966667      0.13972696960606      n
   -0.89988740236364     -5.79076843866667     -0.22772269039394      c
    0.15977644663636     -3.45988780566667     -0.68677492739394      c
   -1.88007315536364     -1.66989210466667     -0.59712821639394      c
   -2.01683262536364      0.96744539233333     -0.92495221239394      c
   -4.35176672136364      2.13161486833333     -0.74668491139394      c
   -6.57145209736364      0.73626954333333     -0.24270443839394      c
   -6.48540153436364     -1.85924831766667      0.09515967160606      c
   -4.12371269836364     -3.03952203866667     -0.08312274739394      c
   -4.67076758636364     -6.97670566866667      0.45202497660606      h
   -0.01126454236364     -7.62236267866667     -0.14719768639394      h
   -0.36673333936364      2.09987881033333     -1.34511199939394      h
   -8.35613577936364      1.72976841633333     -0.16573778839394      h
   -8.19232866136364     -2.92556211266667      0.45995048760606      h
   -4.52386595636364      4.70800492333333     -1.15680080439394      o
   -4.83294953936364      6.09940450033333      1.12831066560606      c
   -3.21350349836364      5.82018236733333      2.37895211260606      h
   -6.55271735436364      5.53853571633333      2.12202685660606      h
   -4.96354283336364      8.07996772933333      0.60092971560606      h
    2.89632455863636     -2.87920713466667     -1.09740860639394      c
    4.07499768163636     -1.58550450066667      1.22226784160606      c
    6.72074823863636     -0.94240995866667      0.90170795260606      n
    7.68658719263636      1.22445001733333     -0.13330064139394      c
    5.83514516063636      3.36425289633333     -0.58334077539394      c
    3.13225684863636     -1.65067170166667     -2.74117164139394      h
    3.93787916363636     -4.61595980566667     -1.49692880539394      h
    3.90421558463636     -2.83974209666667      2.84964128360606      h
    3.01681537763636      0.11662650133333      1.68321925360606      h
    8.00586962663636     -2.34075238966667      1.05168227660606      h
    9.93682187863636      1.42652408633333     -0.61462707939394      o
    4.94502563763636      3.95517588233333      1.17760794760606      h
    4.34791001963636      2.80607697133333     -1.89408684839394      h
    6.88002379363636      4.93891810033333     -1.37840519139394      h
$user-defined bonds
$end
