$coord
        0.00000000000000        3.26924108100000       -0.45846283210000      C
        0.00000000000000        0.00000000000000        1.31787392989999      Al
        0.00000000000000       -3.26924108100000       -0.45846283210000      C
        0.00000000000000        0.00000000000000        4.31870022090000      H
        0.00000000000000        3.08774045900001       -2.51039345310001      H
        1.65056793800000        4.39127722600001        0.07528460490000      H
       -1.65056793800000        4.39127722600001        0.07528460490000      H
       -1.65056793800000       -4.39127722600001        0.07528460490000      H
        1.65056793800000       -4.39127722600001        0.07528460490000      H
        0.00000000000000       -3.08774045900001       -2.51039345310001      H
$end
