$coord
        4.67785833080939        0.31634028410585        0.80133285105224      N
        5.27440218546967        2.00268561080734        1.47309895648033      H
        2.36244051553551        0.43560131062117       -0.63776088765557      C
        2.80741614095647        0.12329965464255       -2.63647737861516      H
        0.44395394320743       -1.58033312844574        0.17267877696470      C
        1.39884893257801        3.14982805421984       -0.36963517016416      C
        1.48874012948782       -3.15287861133956        0.99191770565525      H
       -0.78217019431280       -0.80331309691273        1.63890807489788      H
       -1.09200346456729       -2.52962658422686       -2.06862321890779      C
        2.81700587757621        4.85169574098128        0.34908567208630      O
        0.15523570669850       -3.64195718059481       -3.27952743483402      H
       -1.78084219476242       -0.96195660257043       -3.20456706410492      H
       -3.34076914579273       -4.18270785875702       -1.32847816412897      C
       -2.68526098195641       -6.05473956745358       -0.77494626844965      H
       -4.57672858022239       -4.41370645023403       -2.95951312143008      H
       -4.86338189210036       -3.27027441544488        0.77230696910501      N
       -4.34631637843670       -3.85190498994462        2.50714732479185      H
       -6.04187503485481       -0.97301399397250        0.71085903682113      C
       -5.85501852912762        0.49802628552170       -1.22868921976203      N
       -7.33297526724017       -0.45160627616224        2.94699818534935      N
       -7.07379415966069        1.97032782778335       -1.02961918365715      H
       -8.44470427441131        1.08915170851111        2.84726246744810      H
       -8.25516799085995       -1.94949119017540        3.67946900193538      H
       -1.02669655742151        3.57394709224334       -1.00724514824551      N
       -2.05045456702119        6.10185040840134       -0.78712648377824      C
       -2.26918859158819        2.14366599537278       -1.30229812005975      H
       -0.80983112667169        7.44355792020126       -1.72435677194050      H
       -2.23673108785657        6.68037345695426        1.18132924406105      H
       -3.89489781007265        6.13514324867668       -1.68701846730634      H
        6.34251748343694       -1.59210938293045        0.38908360980326      C
        8.86232216695947       -1.32650050892524        1.70046406131034      C
        5.82464523259723       -3.42420511904024       -0.93871447592074      O
        8.93312719725663        0.27575041643516        2.98370684019121      H
        9.25068265454150       -3.05608201635353        2.73788270576952      H
       10.32405072748436       -1.11650496709526        0.26956110336281      H
$end
