$coord
        5.25721959349274       -1.94285812878400       -0.46772350830603      C
        5.86768557398737       -1.10357003287925       -2.25191933833981      H
        6.96674336701165       -2.33608967714844        0.61983173080174      H
        3.83179279962979       -4.20628011088960       -0.89753399183468      N
        2.04212810386865       -4.19908357116914       -0.24564681520543      H
        3.59279501279958       -0.09052320609637        0.96508127447658      C
        1.40268409834591       -0.59309781749461        1.52906591646642      O
        4.82256803438495       -6.14461474076050       -2.24659315584307      C
        6.97554361283314       -6.06715842975970       -3.10068465336403      O
        4.73772316390951        2.12487839049721        1.53286756420869      N
        6.55521999880749        2.34608214671875        1.02949960110558      H
        3.47133785427092        4.12360904630987        2.90598597158575      C
        4.29512134317191        4.38879420135075        4.77219726052631      H
        3.56730605997106        5.89405035159563        1.86636881985674      H
        1.50861856479079        3.56903483641906        3.11672446990436      H
        3.11053234572429       -8.39838570598496       -2.60083646410920      C
        2.96833939266406       -8.80237992698345       -4.60976686446967      H
        1.22997450531078       -8.11408305941849       -1.82451216970939      H
        3.97682767344839      -10.02789008726394       -1.69640329961805      H
$end
