$coord
   -3.65178585842632     -1.73759774603158     -2.93260577145263      c
   -3.00888745702632     -3.71598116823158     -2.89436207715263      h
   -3.06497624982632     -0.90697361023158     -4.75004873715263      h
   -5.72801604802632     -1.75610557653158     -2.93856544515263      h
   -2.63207524282632     -0.25440265963158     -0.66644067995263      c
   -3.27281878152632      1.72661273906842     -0.76194067405263      h
   -3.38513652792632     -1.05329037113158      1.09738882474737      h
    0.25546847197368     -0.26807623053158     -0.48673433845263      c
    0.92271790317368     -2.25276303053158     -0.35938687695263      h
    1.23424701347368      1.13100404336842      1.85736339094737      c
    0.56873366897368      3.11300176356842      1.72713392034737      h
    4.10886207807368      1.09702996196842      2.04782367914737      c
    4.96398538767368      1.98147534036842      0.37848339014737      h
    4.74289435427368      2.14622266146842      3.73025246764737      h
    4.80014776547368     -0.85807629823158      2.19595784584737      h
    0.08272442957368     -0.09300162253158      3.99782304134737      o
    0.85459406367368      0.60973220156842      5.50892724674737      h
    1.41472992457368      0.96104914226842     -2.61759651845263      o
    0.79459110467368      0.13014045996842     -4.13347268815263      h
$redundant
     number_of_atoms            19
     degrees_of_freedom         51
     internal_coordinates       51
     frozen_coordinates          0
# definitions of redundant internals
   1 k  1.0000000000000 tors    4    1    5    8 val=  57.03131
        1.0000000000000 tors    2    1    5    8
        1.0000000000000 tors    3    1    5    8
   2 k  1.0000000000000 stre    1    4           val=   2.07632
   3 k  1.0000000000000 stre    1    2           val=   2.08057
   4 k  1.0000000000000 stre    1    3           val=   2.08264
   5 k  0.4180205445451 bend    2    4    1      val=   1.77806
        0.4050698028573 bend    3    4    1
        0.4439807759642 bend    3    2    1
       -0.4015170098541 bend    5    4    1
       -0.3870043948448 bend    5    2    1
       -0.3912416630348 bend    5    3    1
   6 k  0.3569501559949 bend    2    4    1      val=   0.59651
        0.3562794304553 bend    3    4    1
       -0.6681228251181 bend    3    2    1
        0.4392084758672 bend    5    4    1
       -0.2326954797375 bend    5    2    1
       -0.2284998305513 bend    5    3    1
   7 k  0.6329137095273 bend    2    4    1      val=   0.23840
       -0.6378151396078 bend    3    4    1
       -0.0066113662984 bend    3    2    1
        0.0013685123644 bend    5    4    1
        0.3154445493548 bend    5    2    1
       -0.3050593995790 bend    5    3    1
   8 k -0.2011395151607 bend    2    4    1      val=   0.24089
       -0.2480446915367 bend    3    4    1
        0.4440281367142 bend    3    2    1
        0.6852508755922 bend    5    4    1
       -0.3785241798628 bend    5    2    1
       -0.2966587652622 bend    5    3    1
   9 k  0.3237889779997 bend    2    4    1      val=   0.80606
       -0.2949802689473 bend    3    4    1
       -0.0272782669569 bend    3    2    1
       -0.0453895472952 bend    5    4    1
       -0.6092936162889 bend    5    2    1
        0.6588659294238 bend    5    3    1
  10 k  1.0000000000000 stre    5    7           val=   2.07760
  11 k  1.0000000000000 stre    5    6           val=   2.08425
  12 k  0.0439737405412 bend    6    7    5      val=   0.76857
        0.4956411720845 bend    8    7    5
        0.4975305067959 bend    8    6    5
       -0.5027226862213 bend    1    7    5
       -0.5021348765455 bend    1    6    5
  13 k -0.0040613758196 bend    6    7    5      val=   0.19582
        0.4852397616258 bend    8    7    5
       -0.4786634019692 bend    8    6    5
        0.5192608517663 bend    1    7    5
       -0.5155340865568 bend    1    6    5
  14 k  0.9050065430084 bend    6    7    5      val=   2.65397
       -0.2305899067554 bend    8    7    5
       -0.2349605526429 bend    8    6    5
       -0.1867886342637 bend    1    7    5
       -0.1941519941340 bend    1    6    5
  15 k -0.0011003218210 bend    6    7    5      val=   0.08942
       -0.5173566198079 bend    8    7    5
        0.5174676675815 bend    8    6    5
        0.4826557028652 bend    1    7    5
       -0.4812604312971 bend    1    6    5
  16 k  1.0000000000000 stre    8    9           val=   2.09772
  17 k  0.5818652338903 bend   18    9    8      val=   4.20191
       -0.7731520099217 bend    5    9    8
        0.2523268101964 bend   10    9    8
  18 k -0.5858172341142 bend   18    9    8      val=   0.32521
       -0.1832306439864 bend    5    9    8
        0.7894584848611 bend   10    9    8
  19 k  1.0000000000000 stre   10   11           val=   2.09480
  20 k  0.5662635455646 bend   16   11   10      val=   3.84012
       -0.7782996255958 bend   12   11   10
        0.2712845181024 bend    8   11   10
  21 k -0.6020345063553 bend   16   11   10      val=  -0.25952
       -0.1657679185561 bend   12   11   10
        0.7810732682246 bend    8   11   10
  22 k  1.0000000000000 tors   13   12   10    8 val=  58.50209
        1.0000000000000 tors   13   12   10   16
        1.0000000000000 tors   15   12   10    8
        1.0000000000000 tors   15   12   10   16
        1.0000000000000 tors   14   12   10    8
        1.0000000000000 tors   14   12   10   16
  23 k  1.0000000000000 stre   12   13           val=   2.07369
  24 k  1.0000000000000 stre   12   15           val=   2.07900
  25 k  1.0000000000000 stre   12   14           val=   2.08167
  26 k  0.4253303731568 bend   15   13   12      val=   0.98976
        0.4083076240780 bend   14   13   12
        0.4137978522965 bend   14   15   12
       -0.4026530576432 bend   10   13   12
       -0.3962784794854 bend   10   15   12
       -0.4024725793047 bend   10   14   12
  27 k -0.3807044683728 bend   15   13   12      val=   0.00261
        0.6933739444458 bend   14   13   12
       -0.2980502957994 bend   14   15   12
        0.1911175486098 bend   10   13   12
       -0.4394910298257 bend   10   15   12
        0.2361872549793 bend   10   14   12
  28 k -0.5957403523056 bend   15   13   12      val=   0.10949
       -0.0413513101008 bend   14   13   12
        0.6471437450066 bend   14   15   12
       -0.3514234144101 bend   10   13   12
        0.0292627950700 bend   10   15   12
        0.3165971378828 bend   10   14   12
  29 k  0.2123439911376 bend   15   13   12      val=   0.33824
       -0.4361987883733 bend   14   13   12
        0.2247949858524 bend   14   15   12
        0.3528998141072 bend   10   13   12
       -0.6891833473004 bend   10   15   12
        0.3385201556656 bend   10   14   12
  30 k  0.3363985341342 bend   15   13   12      val=   0.15194
       -0.0072734515778 bend   14   13   12
       -0.3330167290892 bend   14   15   12
       -0.6163799485066 bend   10   13   12
       -0.0069273697770 bend   10   15   12
        0.6292143926423 bend   10   14   12
  31 k  1.0000000000000 tors   17   16   10    8 val= 110.88930
        1.0000000000000 tors   17   16   10   12
  32 k  1.0000000000000 stre   16   17           val=   1.83659
  33 k  1.0000000000000 bend   10   17   16      val= 107.29041
  34 k  1.0000000000000 tors   19   18    8    5 val=  62.72153
        1.0000000000000 tors   19   18    8   10
  35 k  1.0000000000000 stre   18   19           val=   1.83654
  36 k  1.0000000000000 bend    8   19   18      val= 107.35709
  37 k  1.0000000000000 tors    1    5    8   10 val= 182.45860
  38 k  1.0000000000000 stre    5    1           val=   2.89399
  39 k  1.0000000000000 bend    8    1    5      val= 113.44615
  40 k  1.0000000000000 tors   16   10    8    5 val= 118.46565
        1.0000000000000 tors   12   10    8    5
  41 k  1.0000000000000 stre   10   16           val=   2.72135
  42 k  1.0000000000000 stre   10   12           val=   2.88112
  43 k  0.7799642410689 bend   12   16   10      val=  11.23807
       -0.6245789250337 bend    8   16   10
       -0.0394581937962 bend    8   12   10
  44 k  0.3514982616635 bend   12   16   10      val=   0.70979
        0.4893661917159 bend    8   16   10
       -0.7981038168391 bend    8   12   10
  45 k  0.5177883300167 bend   12   16   10      val= 109.92642
        0.6086229512673 bend    8   16   10
        0.6012265367474 bend    8   12   10
  46 k  1.0000000000000 stre    8   18           val=   2.71941
  47 k  0.7554307937015 bend    5   18    8      val=  10.86043
       -0.6552284456032 bend   10   18    8
  48 k  0.6552284456032 bend    5   18    8      val= 108.65425
        0.7554307937015 bend   10   18    8
  49 k  1.0000000000000 stre    8    5           val=   2.89316
  50 k  1.0000000000000 stre    8   10           val=   2.90004
  51 k  1.0000000000000 bend   10    5    8      val= 112.62987
        51 non zero eigenvalues  of BmBt
           1           5.488433659    1    0
         1
           2           4.597006809    2    0
         2
           3           4.280285166    3    0
         3
           4           3.972022734    4    0
         4
           5           3.672691972    5    0
         5
           6           3.595907616    6    0
         6
           7           3.445282522    7    0
         7
           8           3.138864241    8    0
         8
           9           2.991607700    9    0
         9
          10           2.843254436   10    0
        10
          11           2.700381922   11    0
        11
          12           2.565486719   12    0
        12
          13           2.380197966   13    0
        13
          14           2.253235162   14    0
        14
          15           2.127314196   15    0
        15
          16           2.012408352   16    0
        16
          17           1.621236212   17    0
        17
          18           1.507126731   18    0
        18
          19           1.279099563   19    0
        19
          20           1.148372675   20    0
        20
          21           0.971977412   21    0
        21
          22           0.876128801   22    0
        22
          23           0.852155405   23    0
        23
          24           0.768938454   24    0
        24
          25           0.710092704   25    0
        25
          26           0.689219706   26    0
        26
          27           0.687876550   27    0
        27
          28           0.676541788   28    0
        28
          29           0.671087679   29    0
        29
          30           0.573753160   30    0
        30
          31           0.465000502   31    0
        31
          32           0.451484192   32    0
        32
          33           0.423746105   33    0
        33
          34           0.370517616   34    0
        34
          35           0.340210377   35    0
        35
          36           0.316120798   36    0
        36
          37           0.303986783   37    0
        37
          38           0.302033608   38    0
        38
          39           0.280128473   39    0
        39
          40           0.265176672   40    0
        40
          41           0.260927988   41    0
        41
          42           0.176446326   42    0
        42
          43           0.171209599   43    0
        43
          44           0.118042394   44    0
        44
          45           0.108844963   45    0
        45
          46           0.057826438   46    0
        46
          47           0.050057354   47    0
        47
          48           0.047494955   48    0
        48
          49           0.031108306   49    0
        49
          50           0.018711916   50    0
        50
          51           0.015054587   51    0
        51
$user-defined bonds
$end
