$coord
    0.39898647404720     -2.01211936618448      0.00000000000000      c
   -1.15415652347422      0.43000386251505      0.00000000000000      c
    0.29311948553578      2.78949303007933      0.00000000000000      n
    1.42787469752480      2.89365782030312     -1.54181500358145      h
    1.42787469752480      2.89365782030312      1.54181500358145      h
   -0.82302438710521     -3.68029337909576      0.00000000000000      h
    1.61267254320245     -2.11792293580770     -1.67012776862892      h
    1.61267254320245     -2.11792293580770      1.67012776862892      h
   -2.39800976522903      0.46072304184749      1.65053861375557      h
   -2.39800976522903      0.46072304184749     -1.65053861375557      h
$redundant
     number_of_atoms            10
     degrees_of_freedom         14
     internal_coordinates       14
     frozen_coordinates          0
# definitions of redundant internals
   1 k  1.0000000000000 stre    1    6           val=   2.06788
   2 k  1.0000000000000 stre    2    3           val=   2.76800
   3 k  1.0000000000000 stre    2    1           val=   2.89417
   4 k  0.4169218575827 bend    8    7    1      val=   1.44371
        0.4209914935257 bend    6    7    1
        0.4209914935257 bend    6    8    1
       -0.3968178442957 bend    2    7    1
       -0.3968178442957 bend    2    8    1
       -0.3959541467451 bend    2    6    1
   5 k  1.0000000000000 stre    2    9           val=   2.06698
   6 k  1.0000000000000 stre    3    4           val=   1.91721
   7 k  1.0000000000000 stre    1    7           val=   2.06726
   8 k  0.0314087411205 bend   10    9    2      val=   0.69862
        0.5000162556329 bend    3    9    2
        0.5000162556329 bend    3   10    2
       -0.4994902297277 bend    1    9    2
       -0.4994902297277 bend    1   10    2
   9 k  0.8499102059077 bend    5    4    3      val=   5.26496
       -0.3725940430910 bend    2    4    3
       -0.3725940430910 bend    2    5    3
  10 k  0.6877967089561 bend    8    7    1      val=   0.13471
       -0.3409052576407 bend    6    7    1
       -0.3409052576407 bend    6    8    1
        0.2209921302859 bend    2    7    1
        0.2209921302859 bend    2    8    1
       -0.4436528535674 bend    2    6    1
  11 k  0.9125260611332 bend   10    9    2      val=   4.71612
       -0.2182439415677 bend    3    9    2
       -0.2182439415677 bend    3   10    2
       -0.1897832338363 bend    1    9    2
       -0.1897832338363 bend    1   10    2
  12 k  0.5269275489988 bend    5    4    3      val= 109.69049
        0.6009772699970 bend    2    4    3
        0.6009772699970 bend    2    5    3
  13 k  1.0000000000000 bend    1    3    2      val= 116.02009
  14 k  0.4436453186661 bend    8    7    1      val=   0.11031
       -0.2209993220546 bend    6    7    1
       -0.2209993220546 bend    6    8    1
       -0.3433405480039 bend    2    7    1
       -0.3433405480039 bend    2    8    1
        0.6853699488022 bend    2    6    1
        14 non zero eigenvalues  of BmBt
           1           4.061738258    1    0
         1
           2           3.604455039    2    0
         2
           3           2.994537193    3    0
         3
           4           2.364218233    4    0
         4
           5           2.225005168    5    0
         5
           6           1.075940062    6    0
         6
           7           0.876824308    7    0
         7
           8           0.762190300    8    0
         8
           9           0.693353198    9    0
         9
          10           0.666331652   10    0
        10
          11           0.429544821   11    0
        11
          12           0.301974163   12    0
        12
          13           0.265376271   13    0
        13
          14           0.059313101   14    0
        14
$user-defined bonds
$end
