$coord
       -0.50877690660727        2.89578986722229        3.11438763177515      C
       -0.63306952656792       -2.47427335725610       -1.93114930839404      C
        1.48226030682851       -2.35345482012101       -3.26148768467521      C
       -0.42912315869659        4.88325346078950        2.59931291005599      H
        0.70903129980574        2.56083682455507        4.73526113527956      H
        0.12391841357151        1.74871101927705        1.53045292337118      H
       -2.44193287501370        2.39250897806460        3.59664982014244      H
       -2.32001437038960       -1.45981621614084       -2.49164941126514      H
       -0.77088215168587       -3.59048868733814       -0.22126116184049      H
        1.61959548181094       -1.23595234535297       -4.97046312459498      H
        3.16899348694417       -3.36711472369942       -2.70005372985443      H
$end
