$coord
       -2.28196775919752        1.31749470005472        0.00000000000000      C
       -4.05152530355602        2.33914922463665        0.00000000000000      H
       -2.28196775919752       -1.31749470005472        0.00000000000000      C
       -4.05152530355602       -2.33914922463665        0.00000000000000      H
        0.00000000000000       -2.63498940010947        0.00000000000000      C
        0.00000000000000       -4.67829844927331        0.00000000000000      H
        2.28196775919752       -1.31749470005472        0.00000000000000      C
        4.05152530355602       -2.33914922463665        0.00000000000000      H
        2.28196775919752        1.31749470005472        0.00000000000000      C
        4.05152530355602        2.33914922463665        0.00000000000000      H
        0.00000000000000        2.63498940010947        0.00000000000000      C
        0.00000000000000        4.67829844927331        0.00000000000000      H
$end
