$coord
        0.00000000000000        2.22133511851497       -0.08534845478860      C
        0.00000000000000        0.00000000000000       -1.56629981614415      O
        0.00000000000000       -2.22133511851497       -0.08534845478860      C
        0.00000000000000        3.82228796453931       -1.38004632486837      H
       -1.68475964182066        2.33383387142943        1.12427234386453      H
        1.68475964182066        2.33383387142943        1.12427234386453      H
        0.00000000000000       -3.82228796453931       -1.38004632486837      H
       -1.68475964182066       -2.33383387142943        1.12427234386453      H
        1.68475964182066       -2.33383387142943        1.12427234386453      H
$end
