$coord
   -3.75561997631676      0.09839485892995      0.47491584934353      c
   -1.61765402750093      0.34061151173644     -0.81879362438196      c
    0.76891755226145     -1.11734807901839     -0.34380309865062      c
    3.01519816762168      0.59045260488964      0.33414461336614      c
   -3.93470262184484     -1.24817208866441      2.01210378108117      h
   -5.40844108440655      1.22825791733792      0.04531459074381      h
   -1.53017551630681      1.72109371487241     -2.34281707861105      h
    1.24737267886582     -2.20284410983248     -2.04322039415627      h
    0.44942436599574     -2.49363106611224      1.16532228223678      h
    3.38324977533389      1.96802336328231     -1.16079579607862      h
    4.73424277924155     -0.52083905699411      0.60215031123448      h
    2.64818790705579      1.63600042957293      2.07547856387266      h
$redundant
     number_of_atoms            12
     degrees_of_freedom         30
     internal_coordinates       30
     frozen_coordinates          0
# definitions of redundant internals
   1 k  1.0000000000000 tors    6    1    2    3 val=  89.19823
        1.0000000000000 tors    5    1    2    3
   2 k  1.0000000000000 stre    1    6           val=   2.04767
   3 k  1.0000000000000 stre    1    5           val=   2.05140
   4 k  0.8164729224015 bend    5    6    1      val=  -2.49358
       -0.4136298688962 bend    2    6    1
       -0.4028427714904 bend    2    5    1
   5 k  0.0062329125504 bend    5    6    1      val=   0.05386
        0.7039772230309 bend    2    6    1
       -0.7101951986989 bend    2    5    1
   6 k  1.0000000000000 outp    6    2    5    1 val=   0.19515
   7 k  1.0000000000000 stre    2    7           val=   2.05816
   8 k  0.7071176343097 bend    1    7    2      val=   1.59736
       -0.7070959278968 bend    3    7    2
   9 k  1.0000000000000 outp    7    3    1    2 val=  -0.90085
  10 k  1.0000000000000 stre    3    9           val=   2.06729
  11 k  1.0000000000000 stre    3    8           val=   2.07250
  12 k -0.0059704525157 bend    8    9    3      val=   0.00388
        0.5052901852060 bend    2    9    3
        0.4978023502022 bend    2    8    3
       -0.5058762257244 bend    4    9    3
       -0.4908444222065 bend    4    8    3
  13 k  0.0294859507366 bend    8    9    3      val=   0.63137
       -0.5134568144931 bend    2    9    3
        0.5054371420586 bend    2    8    3
       -0.4905615987798 bend    4    9    3
        0.4892599427605 bend    4    8    3
  14 k  0.9045659111197 bend    8    9    3      val=   1.97664
       -0.1962189125954 bend    2    9    3
       -0.2221875519219 bend    2    8    3
       -0.2003800409792 bend    4    9    3
       -0.2318171299284 bend    4    8    3
  15 k -0.0027057720247 bend    8    9    3      val=   0.27508
       -0.4834257808572 bend    2    9    3
        0.4968999899529 bend    2    8    3
        0.5050076105434 bend    4    9    3
       -0.5141496926756 bend    4    8    3
  16 k  1.0000000000000 tors   12    4    3    2 val=  61.88414
        1.0000000000000 tors   11    4    3    2
        1.0000000000000 tors   10    4    3    2
  17 k  1.0000000000000 stre    4   12           val=   2.06400
  18 k  1.0000000000000 stre    4   11           val=   2.06444
  19 k  1.0000000000000 stre    4   10           val=   2.06592
  20 k  0.4241619093788 bend   11   12    4      val=   1.39500
        0.4160301396089 bend   10   12    4
        0.4174258497242 bend   10   11    4
       -0.3969410658239 bend    3   12    4
       -0.3957183115708 bend    3   11    4
       -0.3982537704796 bend    3   10    4
  21 k -0.3706225559968 bend   11   12    4      val=   0.01692
        0.6897141118823 bend   10   12    4
       -0.3130428375341 bend   10   11    4
        0.2006328597168 bend    3   12    4
       -0.4399367258709 bend    3   11    4
        0.2348183969736 bend    3   10    4
  22 k -0.6216971785134 bend   11   12    4      val=  -0.03548
       -0.0323068635484 bend   10   12    4
        0.6601258619073 bend   10   11    4
       -0.3073015329639 bend    3   12    4
        0.0160656213402 bend    3   11    4
        0.2863396495184 bend    3   10    4
  23 k  0.2298477422108 bend   11   12    4      val=   0.13567
       -0.4388551067270 bend   10   12    4
        0.2086194477152 bend   10   11    4
        0.3290817149837 bend    3   12    4
       -0.6876906237535 bend    3   11    4
        0.3603345217989 bend    3   10    4
  24 k  0.2928932666276 bend   11   12    4      val=   0.27245
        0.0081555487921 bend   10   12    4
       -0.3013442684427 bend   10   11    4
       -0.6506376814020 bend    3   12    4
        0.0211336987848 bend    3   11    4
        0.6321096642041 bend    3   10    4
  25 k  1.0000000000000 tors    1    2    3    4 val= 240.42957
  26 k  1.0000000000000 stre    2    1           val=   2.51063
  27 k  1.0000000000000 bend    3    1    2      val= 125.49041
  28 k  1.0000000000000 stre    3    4           val=   2.90206
  29 k  1.0000000000000 bend    2    4    3      val= 112.82161
  30 k  1.0000000000000 stre    2    3           val=   2.83672
        30 non zero eigenvalues  of BmBt
           1           6.164184635    1    0
         1
           2           5.088078231    2    0
         2
           3           4.307383680    3    0
         3
           4           3.691159706    4    0
         4
           5           3.598970086    5    0
         5
           6           3.393604990    6    0
         6
           7           2.886614531    7    0
         7
           8           2.813716425    8    0
         8
           9           2.313198601    9    0
         9
          10           2.227896734   10    0
        10
          11           1.670413232   11    0
        11
          12           1.302361067   12    0
        12
          13           0.898630379   13    0
        13
          14           0.879990693   14    0
        14
          15           0.777084031   15    0
        15
          16           0.724274742   16    0
        16
          17           0.690555380   17    0
        17
          18           0.682492403   18    0
        18
          19           0.557559418   19    0
        19
          20           0.424213782   20    0
        20
          21           0.391967962   21    0
        21
          22           0.361018212   22    0
        22
          23           0.308598863   23    0
        23
          24           0.300170619   24    0
        24
          25           0.265723896   25    0
        25
          26           0.251608523   26    0
        26
          27           0.169230072   27    0
        27
          28           0.068750970   28    0
        28
          29           0.055532070   29    0
        29
          30           0.044034130   30    0
        30
$user-defined bonds
$end
