$coord
   -2.06907626070555     -0.20763932802921      0.02619538365406       c
   -4.11547391809035     -0.45492133087409      0.06436596181222       h
   -0.72519374185166     -2.22309083026187      0.00383047487136       o
   -2.22042064723610      3.52559401598396      0.00962248546865       h
    1.36580901117376      1.66251113184587     -0.03623738832422       h
    1.39297760378626     -1.46079798496939     -0.04453895522598       h
    3.11452566974961      0.17099186913416     -0.18784066733497       o
   -1.04447242063336      2.02804085772994      0.00611515376602       n
    4.18820947694512      0.19395015192259      1.27889294741782       h
$end
