$coord
   -2.27128833460293     -1.43504667704619      0.00000000000000      n
   -1.99999918833886      0.23536745347904     -2.79144184000351      p
    1.10677366619578      1.33713935085064     -2.59923555886292      n
    3.02380400398420      0.90895288745454      0.00000000000000      p
    1.10677366619578      1.33713935085064      2.59923555886292      n
   -1.99999918833886      0.23536745347904      2.79144184000351      p
   -1.29408127088115     -3.07586413381096      0.00000000000000      h
   -1.60103988924700     -1.98200423783924     -4.26052101919979      h
    1.29013002084115      3.09281624195357     -3.32680752030023      h
    2.94983638259773     -1.76467969348538      0.00000000000000      h
    1.29013002084115      3.09281624195357      3.32680752030023      h
   -1.60103988924700     -1.98200423783924      4.26052101919979      h
$user-defined bonds
$redundant
     number_of_atoms            12
     degrees_of_freedom         17
     internal_coordinates       17
     frozen_coordinates          0
# definitions of redundant internals
   1 k -1.0000000000000 tors    6    5    4    3 val=   9.50695
        1.0000000000000 tors    5    4    3    2
       -1.0000000000000 tors    4    3    2    1
        1.0000000000000 tors    3    2    1    6
       -1.0000000000000 tors    2    1    6    5
        1.0000000000000 tors    1    6    5    4
   2 k  1.0000000000000 stre    4   10           val=   2.67466
   3 k  1.0000000000000 stre    1    7           val=   1.90977
   4 k  1.0000000000000 stre    2    8           val=   2.68963
   5 k  1.0000000000000 stre    6    5           val=   3.30195
   6 k  1.0000000000000 stre    3    9           val=   1.90929
   7 k  1.0000000000000 stre    5    4           val=   3.25797
   8 k  1.0000000000000 stre    2    1           val=   3.26436
   9 k  0.7078287641566 bend    4    9    3      val=  -0.09056
       -0.7063840602905 bend    2    9    3
  10 k  0.8660254037844 tors    6    5    4    3 val=  51.48025
       -0.8660254037844 tors    5    4    3    2
        0.8660254037844 tors    3    2    1    6
       -0.8660254037844 tors    2    1    6    5
  11 k -1.0000000000000 bend    1    5    6      val=   9.38640
        1.0000000000000 bend    6    4    5
       -1.0000000000000 bend    5    3    4
        1.0000000000000 bend    4    2    3
       -1.0000000000000 bend    3    1    2
        1.0000000000000 bend    2    6    1
  12 k -0.5000000000000 bend    1    5    6      val=  -0.47309
       -0.5000000000000 bend    6    4    5
        1.0000000000000 bend    5    3    4
       -0.5000000000000 bend    4    2    3
       -0.5000000000000 bend    3    1    2
        1.0000000000000 bend    2    6    1
  13 k  0.5012347169042 bend    1    8    2      val=  97.30872
        0.8653113650993 bend    3    8    2
  14 k  0.7071067811865 bend    3   10    4      val=  96.60965
        0.7071067811865 bend    5   10    4
  15 k  0.8653113650993 bend    1    8    2      val=  22.53362
       -0.5012347169042 bend    3    8    2
  16 k  0.7071067811865 bend    6    7    1      val= 113.39853
        0.7071067811865 bend    2    7    1
  17 k  0.7063840602905 bend    4    9    3      val= 111.81990
        0.7078287641566 bend    2    9    3
        17 non zero eigenvalues  of BmBt
           1           4.777921134    1    0
         1
           2           3.463252895    2    0
         2
           3           2.925657681    3    0
         3
           4           2.368638719    4    0
         4
           5           2.183869519    5    0
         5
           6           1.728406221    6    0
         6
           7           1.305650160    7    0
         7
           8           1.013775592    8    0
         8
           9           0.710743827    9    0
         9
          10           0.580304265   10    0
        10
          11           0.481217865   11    0
        11
          12           0.275080220   12    0
        12
          13           0.200137847   13    0
        13
          14           0.114482442   14    0
        14
          15           0.080901889   15    0
        15
          16           0.055627099   16    0
        16
          17           0.043361247   17    0
        17
$end
