$coord
       -0.08225410300000       -0.02086068500001        0.81520511599999      C
        2.00681530299999        1.98884967800000        0.09562391500000      C
        1.94540298700000       -1.96846898299999        0.18151952000000      C
        3.69705614800001       -0.25948394499999       -0.41763511300000      C
       -2.39683962900000       -0.03090835800000       -0.78696316099999      C
       -4.75010217700000       -0.02599884999999        0.07949132400001      C
       -0.59516164200000        0.03951417000001        2.81318217000000      H
        2.57040907199999        3.22127416600001        1.64990086500000      H
        1.52929477300000        3.15438542500000       -1.53633400200001      H
        1.90752909900000       -4.01171253300001        0.21322345300001      H
        5.63936943400001       -0.39813880999999       -1.03757106300000      H
       -2.06594104900000       -0.05670122800000       -2.81376798499999      H
       -6.35946274999999       -0.03764145200001       -1.18013388099999      H
       -5.14651566699999       -0.00974909600000        2.08806029200000      H
$end
