$coord
       -8.71342507755845        0.34651034844260       -0.51580914030293      C
       -6.49406804935119        1.73331627718584       -0.53993804609754      C
       -6.47220261285362        4.33852633604532       -0.21396625673915      C
       -8.70790074540591        5.64632681534520        0.11728672273591      C
      -10.96713566743173        4.29111515077930        0.12591017144915      C
      -10.96150699479055        1.67866626606372       -0.17786988623697      C
       -3.78855919636410        5.19235312533954       -0.30562915855726      C
       -2.28954264939623        2.77745967192398       -0.77231982205914      C
       -3.95670337910592        0.86433274756486       -0.88746296314899      N
       -3.46349838122275       -1.77095201713083       -1.39526231231745      C
        0.33599362328133        3.09090027749654       -0.95995131882371      C
        2.73439351860267        1.97984918659570       -1.15656218568020      C
        3.70334855685877       -0.35394260588352       -1.41972109691561      N
        6.40777317519335       -0.30960371403103       -1.44863302502092      C
        7.22946187827470        2.17549101322072       -1.23156598665078      C
        4.94857650315217        3.81668635513373       -1.02889385393916      C
        9.78279622165022        2.72538744851931       -1.21792613734196      C
       11.49720369233296        0.73378763589735       -1.40252040048613      C
       10.64912131623293       -1.74604401159114       -1.60675823998431      C
        8.07710969225267       -2.31504449621969       -1.63836798006690      C
        2.35827240608128       -2.71389371982483       -1.70134237026785      C
       -8.71052466064751        7.67417367473021        0.37253203758487      H
      -12.73720492533120        5.27699581396706        0.38131461922465      H
      -12.72651704815174        0.65152012363593       -0.15619356157839      H
       -8.76064571830684       -1.67959408210905       -0.74973371407303      H
       -3.17121551075642        6.06741432631005        1.45987476942415      H
       -3.41880457103016        6.55584727109625       -1.80938031846755      H
       -2.42891478719808       -2.63567405159085        0.15506434534890      H
       -5.24729538847132       -2.74892787603248       -1.61203951027922      H
       -2.41099404192468       -1.97552127423686       -3.14559121539931      H
        0.66959759991388        5.10345782165311       -0.78813198602842      H
        4.80372779081277        5.19675171499199       -2.55701308529668      H
        4.87838528837145        4.87481775597408        0.74176005499425      H
        1.12915561653647       -2.64058066511314       -3.34372389884711      H
        1.26377980250614       -3.13799028918965       -0.01504807583321      H
        3.70988109711658       -4.22231333658197       -1.98778276780252      H
        7.47161205641821       -4.25580979688519       -1.80086811605477      H
       12.00253294285094       -3.26837085679989       -1.74742476471428      H
       13.50296253812273        1.11681855066730       -1.38573388773149      H
       10.44240925515573        4.65331585806243       -1.05835642126921      H
$eht charge=1 unpaired=0
$end
