$coord
       -1.94878436941389        1.33227512526108       -0.57605339351743      C
       -0.40672910358431       -0.96037450417568        0.11391128854740      C
        2.35573949764282       -0.35222654992373        0.45001486846464      C
        3.25049015776215        1.72511211018808        0.11321641012943      O
       -3.28823527409541        1.43064782570619       -2.42541355009705      O
       -1.80216549267366        2.94414045289565        0.72821880186881      H
       -0.62014014557305       -2.41909088385369       -1.32469290692331      H
       -1.10105329659957       -1.74970911662003        1.89423295642849      H
        3.56087802653493       -1.95077445947785        1.02656552509899      H
$end
