$coord
        0.00000000000000        0.00000000000000        7.50097441199999      P
        0.00000000000000        0.00000000000000       10.37971306600000      C
        0.00000000000000        0.00000000000000       12.40456580300001      H
        0.00000000000000        0.00000000000000       -2.91718890900000      N
        0.00000000000000        4.31143630300001       -3.67171114300001      O
        0.00000000000000       -4.31143630300001       -3.67171114300001      O
        0.00000000000000       -2.17253104400001       -4.41396149700000      C
        0.00000000000000       -1.25055452000001       -7.09519166000001      C
        0.00000000000000        1.25055452000001       -7.09519166000001      C
        0.00000000000000        2.54988853700001       -8.66632496600000      H
        0.00000000000000       -2.54988853700001       -8.66632496600000      H
        0.00000000000000        2.17253104400001       -4.41396149700000      C
        0.00000000000000        0.00000000000000        0.89457927600000      I
$end
