$coord
    0.36568617925000      2.11871042525000     -3.29606696633333      c
    1.58493044125000      3.75408584725000     -3.16908420933333      h
    1.39670254925000     -0.30060674175000     -3.17570514933333      c
    3.41250831025000     -0.54220438675000     -2.94419573133333      h
   -0.17432260375000     -2.40817044475000     -3.32987483533333      c
    0.62608914325000     -4.28638047875000     -3.23142101033333      h
   -2.77546014775000     -2.09740008475000     -3.60003766533333      c
   -3.99410258275000     -3.73428006675000     -3.71984607533333      h
   -3.80715188475000      0.32357440525000     -3.71575016633333      c
   -5.82586518775000      0.56578169625000     -3.92769634733333      h
   -2.23547048475000      2.43173821825000     -3.56807831333333      c
   -3.03496270975000      4.31080108425000     -3.66159084033333      h
    2.77546014775000      2.09740008475000      3.60003766533333      c
    3.99410258275000      3.73428006675000      3.71984607533333      h
    3.80715188475000     -0.32357440525000      3.71575016633333      c
    5.82586518775000     -0.56578169625000      3.92769634733333      h
    2.23547048475000     -2.43173821825000      3.56807831333333      c
    3.03496270975000     -4.31080108425000      3.66159084033333      h
   -0.36568617925000     -2.11871042525000      3.29606696633333      c
   -1.58493044125000     -3.75408584725000      3.16908420933333      h
   -1.39670254925000      0.30060674175000      3.17570514933333      c
   -3.41250831025000      0.54220438675000      2.94419573133333      h
    0.17432260375000      2.40817044475000      3.32987483533333      c
   -0.62608914325000      4.28638047875000      3.23142101033333      h
$user-defined bonds
$end
