$coord
    -1.113284824    -0.423901444    -0.222588935     C 
    -3.657385131    -1.762632469     0.247212064     C 
    -2.443742628     2.009910674    -0.059658650     C 
    -4.704255535     0.920640487     0.355929890     C 
    -4.333111460    -2.930175106    -1.313450270     H 
     1.236084888    -1.217845253    -0.606018118     C 
     1.590408511    -3.239957887    -0.603625724     H 
     3.479374832     0.464298117    -1.001241080     C 
     2.868420750     2.432980639    -1.074868584     H 
     4.334162148     0.047156222    -2.838871105     H 
    -1.830959292     3.951868691    -0.215831275     H 
    -6.585583583     1.650299597     0.659021152     H 
    -3.766316496    -2.843638883     2.000792746     H 
     5.490432569     0.139197216     1.058486550     C 
     6.142497640    -1.815302912     1.151515871     H 
     7.129212397     1.335715022     0.694423279     H 
     4.727937581     0.633041199     2.908165467     H 
$end
