$coord
   -3.52511545730796      4.63560159270432     -3.85718898733839       c
   -2.12343733847511      3.06534545380374     -2.26922790711467       c
   -1.54426756890343      0.62180036098285     -3.09260541770573       c
   -2.40264076242681     -0.25957427251431     -5.40869830101159       c
   -3.82780653924569      1.31060407708724     -6.96293720686065       c
   -4.36709258978659      3.76037867912912     -6.18711024106922       c
   -1.04734952944132      3.92181779344429      0.91791040113754       p
   -1.70673878812831      7.32723344990575      1.09042283325464       c
   -4.11474535699708      8.33619934064920      1.48789366848106       c
   -4.46382677999587     10.93384210235308      1.63004070658284       c
   -2.40998729783432     12.55927648283474      1.39738822199026       c
   -0.00457237759037     11.57671969347797      1.01450582652487       c
    0.34094347715570      8.97728130843788      0.86544197500025       c
   -3.65598236081116      2.65225212245494      2.84550994418081       c
   -5.78428621196802      1.43475735574882      1.87128941449863       c
   -7.64125146991592      0.49785754661621      3.48142178189791       c
   -7.40530937733070      0.76703515666121      6.08122556953770       c
   -5.29111957012714      1.97925373593885      7.07336314632040       c
   -3.43016168812020      2.89404159512990      5.46942315334367       c
   -6.00681301514995      1.21464937860318     -0.14673551427770       h
   -9.27795577025853     -0.44268248463046      2.69419479954089       h
   -8.84963454311709      0.03268906429848      7.32766792671384       h
   -5.08275592227824      2.19843484176141      9.09604338409623       h
   -1.78264085642566      3.81818093094294      6.25801667021959       h
   -5.71364401726259      7.08246493135811      1.70359031194477       h
   -6.33780383318217     11.69286495417322      1.93766394155381       h
   -2.68190705502786     14.58119561309503      1.53363914967444       h
    1.60302657312657     12.82910821271635      0.85205940418064       h
    2.21906778067879      8.21301062740269      0.59317711411283       h
   -0.43611324802470     -0.60652522488610     -1.88768791889511       h
   -1.94959577039629     -2.16160867123794     -6.00828288841938       h
   -4.50531033690959      0.63090778832594     -8.76850899984723       h
   -5.45726672694073      4.99748775106394     -7.39589759730954       h
   -3.98361601597325      6.53637746292399     -3.26788177145477       h
$end
