$coord
        5.31612555230769       -0.68866513880769        1.13495961784614      C
        2.92281404130769       -0.99746715180769       -0.43827506415385      C
        0.52244251430768       -0.62394580280769        1.12330756784614      C
       -1.93312034969230       -0.56530004680769       -0.46629592115386      C
       -2.71209941769230        2.25846458919232       -0.38659861715385      C
       -1.65547991769232        3.65858903119232       -2.41237165015385      O
       -1.69305900869231        3.04840595719232        2.19832543984616      C
        7.38808159930770       -0.94209629080769       -0.60110708315385      O
       -3.72291951969231       -2.16690329480769        0.75175342284615      O
        2.93255179930768        0.77725011419230       -2.48018824715386      O
        0.66809125530768        1.73785641719231        2.45044323284614      O
       -5.82086307869230       -2.83250636180768       -0.78630589915384      C
        5.31761276630770        1.17707267019231        2.02939527484615      H
        5.39678094730769       -2.15867920680770        2.59832374084614      H
        2.88659933230768       -2.92759548480769       -1.21717665315385      H
        0.36962037330769       -2.18406389580768        2.48512348484615      H
       -1.62864958769231       -1.18642652280769       -2.42182783915385      H
       -4.76066821669231        2.48875604719232       -0.51600894215385      H
        0.10763443130768        3.16184242919231       -2.60887858715386      H
       -1.31661425269231        5.07430938219230        2.32031670184616      H
       -2.99641058269231        2.47786177619231        3.71354175484615      H
        8.91573986930769       -0.32069391380769        0.17616367284616      H
        4.64220580030769        0.83199736619231       -3.13702487615386      H
       -6.94677883069231       -1.17818353880769       -1.33868981415385      H
       -5.20009186969230       -3.81895088780769       -2.50747400115385      H
       -6.99954564969231       -4.10092824180770        0.33656928384615      H
$end
