$coord
     0.000000000     0.000000000     6.333533820     F 
     0.000000000     0.000000000     2.590317335     I 
     0.000000000     2.170081959    -3.270537433     C 
     0.000000000     2.255308601    -5.881734351     C 
     0.000000000     0.000000000    -7.209958499     C 
     0.000000000    -2.255308601    -5.881734351     C 
     0.000000000    -2.170081959    -3.270537433     C 
     0.000000000     0.000000000    -1.997920362     N 
     0.000000000     3.876362799    -2.139063997     H 
     0.000000000     4.058086409    -6.841478938     H 
     0.000000000     0.000000000    -9.255074768     H 
     0.000000000    -4.058086409    -6.841478938     H 
     0.000000000    -3.876362799    -2.139063997     H 
$end
