$coord
    -0.174119353    -0.037529958     0.063097951     C 
    -0.174119353    -0.037529958     2.924634429     C 
     2.463560185    -0.037529958     3.893893787     N 
     3.447880659     1.498099176     3.249043690     H 
     3.465285035    -1.655267687     3.212080650     H 
     2.514374917    -0.010393493     5.826762222     H 
    -1.082567328    -1.720916768     3.678276051     H 
    -1.130415190     1.616093667     3.684455455     H 
    -2.114017568    -0.034959931    -0.617033330     H 
     0.774371916     1.632950023    -0.674065261     H 
     0.779058437    -1.704362768    -0.670739343     H 
     4.877023733    -3.909030492     1.796260143     O 
     6.112318716    -2.778558610     0.091330457     C 
     7.360520527    -4.445334728    -1.932830640     C 
     7.978801077    -6.767751279    -1.031771494     F 
     6.374499300    -0.460299457    -0.213142194     O 
     5.637581753    -4.819746139    -3.831249370     F 
     9.040657008    -3.585225944    -2.750722946     H 
$end
