$coord
       -2.26540798750027        1.30793391140761       -0.50769230769231      C
       -2.26540798750027       -1.30793391140761       -0.50769230769231      C
        0.00000000000000       -2.61586782281521       -0.50769230769231      C
        2.26540798750027       -1.30793391140761       -0.50769230769231      C
        2.26540798750027        1.30793391140761       -0.50769230769231      C
        0.00000000000000        2.61586782281521       -0.50769230769231      C
       -4.03107875989652       -2.32734440715084       -0.50769230769231      H
        0.00000000000000       -4.65468881430168       -0.50769230769231      H
        4.03107875989652       -2.32734440715084       -0.50769230769231      H
        4.03107875989652        2.32734440715084       -0.50769230769231      H
        0.00000000000000        4.65468881430168       -0.50769230769231      H
       -4.03107875989652        2.32734440715084       -0.50769230769231      H
        0.00000000000000        0.00000000000000        6.09230769230769      Ne
$end
