$coord
   -1.62741674366111     -1.05543549623889     -1.16247310361667      c
    1.27977966763889     -1.08837682733889     -1.13316566981667      c
    2.49889604233889      1.50757794196111     -0.73238285631667      c
   -1.62955951776111      3.32489124566111      0.49069007268333      c
   -2.62911913546111      0.67344702516111      0.91992037718333      c
    1.98943445783889     -1.71054529563889     -2.98627476411667      h
   -2.30791683476111     -0.35877730343889     -3.00415167011667      h
   -2.35212817696111     -2.99430034023889     -0.95408800451667      h
   -2.07297766616111      4.59804124836111      2.06822524788333      h
   -2.44173468846111      4.14085912066111     -1.24724745471667      h
   -2.04767390776111     -0.01282802013889      2.79665152068333      h
   -4.70817692796111      0.73761322656111      0.91476729188333      h
    1.10391732243889      3.44968206736111      0.24395479208333      o
    4.72000157383889      1.87996193896111     -1.15287762871667      o
    2.35449388113889     -2.92135992293889      0.86298859338333      c
    1.72471325603889     -4.85808485963889      0.45303911468333      h
    4.42682130633889     -2.88169954493889      0.84315848958333      h
    1.71864609133889     -2.43066620413889      2.77926565188333      h
$redundant
     number_of_atoms            18
     degrees_of_freedom         48
     internal_coordinates       48
     frozen_coordinates          0
# definitions of redundant internals
   1 k  1.0000000000000 stre    2    6           val=   2.07960
   2 k  0.4474360849055 bend    3    6    2      val=   2.12348
       -0.7948887558113 bend    1    6    2
        0.4098204677773 bend   15    6    2
   3 k -0.6942529551038 bend    3    6    2      val=   1.76176
       -0.0198588741762 bend    1    6    2
        0.7194570587923 bend   15    6    2
   4 k  1.0000000000000 stre    1    8           val=   2.08034
   5 k  1.0000000000000 stre    1    7           val=   2.08331
   6 k  0.0126981588842 bend    7    8    1      val=   0.16768
       -0.5162025576312 bend    5    8    1
       -0.4860815008901 bend    5    7    1
        0.4976285550743 bend    2    8    1
        0.4994639846106 bend    2    7    1
   7 k  0.0290625410366 bend    7    8    1      val=   0.68782
       -0.4990485538326 bend    5    8    1
        0.5132043309962 bend    5    7    1
       -0.5026812206432 bend    2    8    1
        0.4837755829778 bend    2    7    1
   8 k  0.8982530569673 bend    7    8    1      val=  -0.30700
       -0.1933523656101 bend    5    8    1
       -0.2330074674062 bend    5    7    1
       -0.2177436255998 bend    2    8    1
       -0.2324898750601 bend    2    7    1
   9 k -0.0089771563451 bend    7    8    1      val=   1.13666
        0.4905214321953 bend    5    8    1
       -0.4957930852109 bend    5    7    1
       -0.4951447884872 bend    2    8    1
        0.5180048168811 bend    2    7    1
  10 k  1.0000000000000 stre    4    9           val=   2.07513
  11 k  1.0000000000000 stre    4   10           val=   2.08467
  12 k  0.1181470925244 bend   10    9    4      val=   2.29537
        0.4777508364288 bend   13    9    4
        0.5034708729798 bend   13   10    4
       -0.5135219098040 bend    5    9    4
       -0.4905178192806 bend    5   10    4
  13 k  0.0000351947462 bend   10    9    4      val=   0.40844
        0.4819256133297 bend   13    9    4
       -0.4519709819814 bend   13   10    4
        0.5212227265734 bend    5    9    4
       -0.5401821940126 bend    5   10    4
  14 k  0.8972613274346 bend   10    9    4      val=   2.81328
       -0.2779155748184 bend   13    9    4
       -0.2603277621508 bend   13   10    4
       -0.1449944330470 bend    5    9    4
       -0.1699738632923 bend    5   10    4
  15 k -0.0168993697060 bend   10    9    4      val=   1.65460
       -0.5242093036623 bend   13    9    4
        0.5373284126676 bend   13   10    4
        0.4742726713562 bend    5    9    4
       -0.4596331443686 bend    5   10    4
  16 k  1.0000000000000 stre    5   12           val=   2.08005
  17 k  1.0000000000000 stre    5   11           val=   2.08115
  18 k  0.0421718893359 bend   11   12    5      val=   0.75962
        0.4885676148231 bend    4   12    5
        0.5049083509980 bend    4   11    5
       -0.5055412253939 bend    1   12    5
       -0.4990178794549 bend    1   11    5
  19 k  0.0081650105100 bend   11   12    5      val=   0.28730
        0.4929503979641 bend    4   12    5
       -0.4812139738001 bend    4   11    5
        0.5073958767087 bend    1   12    5
       -0.5176058089598 bend    1   11    5
  20 k  0.8941829542087 bend   11   12    5      val=  -1.42448
       -0.2501215987570 bend    4   12    5
       -0.2359797235754 bend    4   11    5
       -0.2023571803449 bend    1   12    5
       -0.2030792255797 bend    1   11    5
  21 k -0.0058734950907 bend   11   12    5      val=   0.78702
       -0.5120835323836 bend    4   12    5
        0.5128724199561 bend    4   11    5
        0.4924719983321 bend    1   12    5
       -0.4818393608083 bend    1   11    5
  22 k  1.0000000000000 stre    3   14           val=   2.29102
  23 k  0.7071531103274 bend   13   14    3      val=  -1.90011
       -0.7070604490100 bend    2   14    3
  24 k  1.0000000000000 outp   14    2   13    3 val=  -2.82115
  25 k  1.0000000000000 tors   17   15    2    1 val=  64.42439
        1.0000000000000 tors   17   15    2    3
        1.0000000000000 tors   16   15    2    1
        1.0000000000000 tors   16   15    2    3
        1.0000000000000 tors   18   15    2    1
        1.0000000000000 tors   18   15    2    3
  26 k  1.0000000000000 stre   15   17           val=   2.07280
  27 k  1.0000000000000 stre   15   16           val=   2.07740
  28 k  1.0000000000000 stre   15   18           val=   2.07779
  29 k  0.4147947207568 bend   16   17   15      val=   1.11375
        0.4225588827914 bend   18   17   15
        0.4132450096095 bend   18   16   15
       -0.3989337216943 bend    2   17   15
       -0.3982245265095 bend    2   16   15
       -0.4011072230970 bend    2   18   15
  30 k  0.6892537438569 bend   16   17   15      val=   0.47061
       -0.3007535974275 bend   18   17   15
       -0.3816716971982 bend   18   16   15
        0.2485651345121 bend    2   17   15
        0.1926578368341 bend    2   16   15
       -0.4357770044217 bend    2   18   15
  31 k  0.0538092520438 bend   16   17   15      val=   0.32412
       -0.6435644038493 bend   18   17   15
        0.6008064280396 bend   18   16   15
       -0.3200829948288 bend    2   17   15
        0.3446309554542 bend    2   16   15
       -0.0271558369966 bend    2   18   15
  32 k  0.4404348277250 bend   16   17   15      val=   0.82790
       -0.2065687069587 bend   18   17   15
       -0.2277051698172 bend   18   16   15
       -0.3556657499678 bend    2   17   15
       -0.3336490053035 bend    2   16   15
        0.6882420381164 bend    2   18   15
  33 k -0.0051205641584 bend   16   17   15      val=  -0.20504
        0.3337139519939 bend   18   17   15
       -0.3329545902215 bend   18   16   15
       -0.6130339590922 bend    2   17   15
        0.6337779643783 bend    2   16   15
       -0.0162750049476 bend    2   18   15
  34 k  1.0000000000000 stre    2   15           val=   2.91538
  35 k -0.6832575140780 bend    3   15    2      val=   5.77223
        0.7301774917484 bend    1   15    2
  36 k  0.7301774917484 bend    3   15    2      val= 110.31815
        0.6832575140780 bend    1   15    2
  37 k  1.0000000000000 stre    1    5           val=   2.88597
  38 k  1.0000000000000 stre    5    4           val=   2.86592
  39 k  1.0000000000000 stre    4   13           val=   2.74743
  40 k  1.0000000000000 stre   13    3           val=   2.58282
  41 k  1.0000000000000 stre    3    2           val=   2.89583
  42 k  1.0000000000000 stre    2    1           val=   2.90753
  43 k -0.5000000000000 bend    1    4    5      val=   1.06922
       -0.5000000000000 bend    5   13    4
        1.0000000000000 bend    4    3   13
       -0.5000000000000 bend   13    2    3
       -0.5000000000000 bend    3    1    2
        1.0000000000000 bend    2    5    1
  44 k  0.8660254037844 bend    1    4    5      val=   0.20785
       -0.8660254037844 bend    5   13    4
        0.8660254037844 bend   13    2    3
       -0.8660254037844 bend    3    1    2
  45 k -1.0000000000000 bend    1    4    5      val=  -0.30984
        1.0000000000000 bend    5   13    4
       -1.0000000000000 bend    4    3   13
        1.0000000000000 bend   13    2    3
       -1.0000000000000 bend    3    1    2
        1.0000000000000 bend    2    5    1
  46 k -0.5000000000000 tors    5    4   13    3 val= -13.33969
       -0.5000000000000 tors    4   13    3    2
        1.0000000000000 tors   13    3    2    1
       -0.5000000000000 tors    3    2    1    5
       -0.5000000000000 tors    2    1    5    4
        1.0000000000000 tors    1    5    4   13
  47 k  0.8660254037844 tors    5    4   13    3 val= -14.87761
       -0.8660254037844 tors    4   13    3    2
        0.8660254037844 tors    3    2    1    5
       -0.8660254037844 tors    2    1    5    4
  48 k -1.0000000000000 tors    5    4   13    3 val= -35.93700
        1.0000000000000 tors    4   13    3    2
       -1.0000000000000 tors   13    3    2    1
        1.0000000000000 tors    3    2    1    5
       -1.0000000000000 tors    2    1    5    4
        1.0000000000000 tors    1    5    4   13
        48 non zero eigenvalues  of BmBt
           1           7.406255537    1    0
         1
           2           4.681979956    2    0
         2
           3           4.376247541    3    0
         3
           4           4.288254304    4    0
         4
           5           3.803090015    5    0
         5
           6           3.743606453    6    0
         6
           7           3.556794788    7    0
         7
           8           3.297158408    8    0
         8
           9           3.168868245    9    0
         9
          10           3.093380704   10    0
        10
          11           3.054730261   11    0
        11
          12           2.958655529   12    0
        12
          13           2.548732705   13    0
        13
          14           2.351119403   14    0
        14
          15           2.009320765   15    0
        15
          16           1.830967084   16    0
        16
          17           1.818484997   17    0
        17
          18           1.623819161   18    0
        18
          19           1.114342991   19    0
        19
          20           0.898902213   20    0
        20
          21           0.873526557   21    0
        21
          22           0.778163171   22    0
        22
          23           0.756956642   23    0
        23
          24           0.753390583   24    0
        24
          25           0.702183634   25    0
        25
          26           0.688658065   26    0
        26
          27           0.685614659   27    0
        27
          28           0.583709477   28    0
        28
          29           0.503178839   29    0
        29
          30           0.474782711   30    0
        30
          31           0.416064019   31    0
        31
          32           0.376710274   32    0
        32
          33           0.366789316   33    0
        33
          34           0.346870254   34    0
        34
          35           0.331794061   35    0
        35
          36           0.309189429   36    0
        36
          37           0.277601302   37    0
        37
          38           0.267806937   38    0
        38
          39           0.255312820   39    0
        39
          40           0.231197565   40    0
        40
          41           0.216388353   41    0
        41
          42           0.197720829   42    0
        42
          43           0.159537809   43    0
        43
          44           0.097567804   44    0
        44
          45           0.086577680   45    0
        45
          46           0.061053777   46    0
        46
          47           0.042807931   47    0
        47
          48           0.011438310   48    0
        48
$user-defined bonds
$end
