$coord
        0.00000000000000        5.10067469400001        0.26616979500000      O
        1.59444685600001        4.16063805900000        0.05516110200000      H
        4.40044239800001        0.69948774499999       -0.05516110200000      H
       -0.20897912799999       -6.11123401300000       -1.75979032100000      H
       -1.59444685600001       -4.16063805900000       -0.05516110200000      H
        0.00000000000000       -5.10067469400001       -0.26616979500000      O
        4.41731387100001        2.55033640200000       -0.26616979500000      O
       -2.80599365200000        3.46115031500001       -0.05516110200000      H
       -4.41731387100001        2.55033640200000       -0.26616979500000      O
        4.41731387100001       -2.55033640200000        0.26616979500000      O
        2.80599365200000       -3.46115031500001        0.05516110200000      H
        5.18799515300001       -3.23659795499999        1.75979032100000      H
       -4.41731387100001       -2.55033640200000        0.26616979500000      O
       -4.40044239800001       -0.69948774499999        0.05516110200000      H
       -5.39697428100000       -2.87463605900000        1.75979032100000      H
        5.39697428100000        2.87463605900000       -1.75979032100000      H
        0.20897912799999        6.11123401300000        1.75979032100000      H
       -5.18799515300001        3.23659795499999       -1.75979032100000      H
$end
