$coord
       -1.76195282273127       -1.28530691890781        0.12953352935165      N
        0.23357608608633        0.49946565131706       -0.40579652163386      C
        2.70035341146914       -0.92810111937305        0.05500052017879      C
        2.73761179352673       -2.98593331513531        1.12553399464469      O
        0.08264828626066        2.92437589823366        1.19706744527638      C
       -1.49971342240241        4.76357431726441        0.12153254812443      O
       -1.15247034578895       -2.95855879205460        0.82052852124057      H
        0.14465229858592        1.08471467942122       -2.38669868359847      H
       -0.50774315733472        2.37389917644829        3.10449513475364      H
        1.95694739609322        3.76570314270569        1.33960772437043      H
       -3.03537343294867        3.87051768532565       -0.37050084389455      H
        4.79100086084767        0.27591267850014       -0.77972279324685      N
        4.56879269736836        1.92010008946057       -1.70487879484540      H
        7.30442764354374       -0.76350470213185       -0.47277350815131      C
        8.08302423868767       -1.38310407281684       -2.27316895758456      H
        8.56112992887975        0.62988350836060        0.36442174500248      H
        7.15202151941704       -2.38098273511208        0.77767893911143      H
       -4.23408998065542       -0.83965610854976       -0.29112013180119      C
       -5.04433911194974        1.20555005825483       -1.06512324268998      O
       -5.98254911094214       -3.03089857749175        0.20886588164712      C
       -6.74776210321937       -3.67371038895268       -1.58815562298355      H
       -7.55160182460075       -2.36857381541027        1.35523615848388      H
       -5.05311853637286       -4.60401265026394        1.14584679468526      H
$end
