$coord
       -1.75691553278788        4.98486100472726        0.06579894178788      N
        0.66738937421211        4.10973078772727       -0.33067690921212      C
        0.64691986221212        1.52169624172728       -0.60764837821212      C
       -1.94912712178788        0.75673894072728       -0.36736782921212      C
       -3.15363657878789       -1.60068856327273       -0.47104575621213      C
       -5.75949501978787       -1.70887159727273       -0.15877420521213      C
       -7.18402716378788        0.51117282772727        0.25750597478787      C
       -6.01623697278789        2.86400073772728        0.36599892278788      C
       -3.40112832178788        2.96745567772728        0.05172615278788      C
       -2.23535068978787        6.80182120572727        0.31514261678787      H
        2.22469744521212        5.42041638872727       -0.38600997621212      H
       -2.11797980778787       -3.33514143827273       -0.78620858721212      H
       -9.20619270978788        0.41379713672727        0.49848005278787      H
       -7.12858449278789        4.55030906372727        0.68633204478788      H
       -6.80557551878787       -4.07736155727273       -0.28401768521212      O
       -9.45924591778789       -4.25434951327273        0.02983556678789      C
      -10.46664372478788       -3.21061794427273       -1.43849853521212      H
      -10.04969269278788       -3.56803126927273        1.88470367178789      H
       -9.91086019378788       -6.24979622427273       -0.12813607721212      H
        2.84275689721212       -0.20772429327273       -1.06201031621212      C
        5.37043359421212        1.17992228872727       -1.25594155621212      C
        7.49865056421212       -0.49392518427273       -1.69014578721212      N
        8.89167908521212       -1.72994960027272        0.10864469878788      C
        8.50916830921213       -0.89448095327272        2.82261625478787      C
        2.54039506921211       -1.28072393827273       -2.80394461621213      H
        2.96199671721212       -1.60594767127273        0.45615963978788      H
        5.71582448321212        2.25869693672727        0.46164362478788      H
        5.29783977021213        2.53670208672726       -2.80735368221213      H
        7.72993412821212       -1.20614968127274       -3.44200870721212      H
       10.40920275521212       -3.37276210327272       -0.46771605821211      O
        9.68831386321212       -2.07687872627273        4.01200601378788      H
        6.54344887821212       -1.07930749327273        3.40720676878788      H
        9.06204166321212        1.07538642672728        3.06370371678788      H
$end
