$coord
   -1.85098718012121      4.77900668145455     -0.34900656442424      n
    0.49814442687879      3.64783938045455     -0.36342706342424      c
    0.24595482387879      1.07946365345455     -0.02459919342424      c
   -2.41562785812121      0.60562997945455      0.21189812457576      c
   -3.84295301612121     -1.60716923554545      0.58569726457576      c
   -6.44490350412121     -1.39849057354545      0.74884297757576      c
   -7.67099930112121      0.96444926045455      0.54664607657576      c
   -6.30524519412121      3.16722536945455      0.16968731557576      c
   -3.67293247912121      2.95898701345455      0.00116533057576      c
   -2.16966490212121      6.63656197645455     -0.55497724842424      h
    2.17241141887879      4.77780481545455     -0.61991768242424      h
   -2.96590094812121     -3.44494287954545      0.77415018857576      h
   -9.70575231212121      1.02820294645455      0.73117781957576      h
   -7.24997590912121      4.97617124245455      0.03275021157576      h
   -7.87293164112121     -3.54142661854545      1.20245091557576      o
   -9.08968274212121     -4.45658879054545     -1.01919977642424      c
   -7.69837576112121     -4.98023186254545     -2.45229804742424      h
  -10.36816930212121     -3.04216668154545     -1.80997451442424      h
  -10.16528832012121     -6.11552065654545     -0.46324239042424      h
    2.28802485487879     -0.87838884854545      0.09583682357576      c
    4.92454787987879      0.20258544045455     -0.32680417342424      c
    6.79023088587879     -1.80743861654545     -0.19553624742424      n
    9.34376848387879     -1.52508709754545      0.13142981257576      c
   10.23514278587879      1.06475969545455      0.96646571257576      c
    1.92313199387879     -2.33515593754545     -1.32842130942424      h
    2.25165140887879     -1.83078429154545      1.92894662357576      h
    5.33180839687879      1.59112019345455      1.13671868657576      h
    4.98510603887879      1.17649352445455     -2.15232105442424      h
    6.30909531087879     -3.49737521654545     -0.93506161642424      h
   10.80031636587879     -3.28810696054545     -0.18744255042424      o
    9.38212992187879      1.59184395845455      2.76570217457576      h
    9.73420288187879      2.50421878445455     -0.41980892742424      h
   12.27372249187879      0.99651035145455      1.17247230157576      h
$user-defined bonds
$end
