$coord
   -0.02431321710000      0.77622470285556     -0.96834918697778      c
   -0.14488900860000      0.39289813925556      2.02388782392222      c
    1.94160017470000      1.79593252895556     -1.88789739307778      f
    0.33325214400000     -2.20243754664444     -1.91321873647778      f
   -2.04758765610000      1.38573404525556     -2.10045852087778      f
    1.93580141240000     -0.71671883774444      2.76387084512222      f
   -0.33731690230000      2.66537647405556      2.98686101062222      f
   -2.12899149020000     -0.97808387814444      2.56159389612222      f
    0.47244454320000     -3.11892562784444     -3.46628973837778      h
$redundant
     number_of_atoms             9
     degrees_of_freedom         21
     internal_coordinates       21
     frozen_coordinates          0
# definitions of redundant internals
   1 k  1.0000000000000 stre    1    5           val=   2.39725
   2 k  1.0000000000000 stre    1    3           val=   2.39796
   3 k  0.5089097733400 bend    3    5    1      val=   8.69457
       -0.4833145073005 bend    2    5    1
       -0.4818640408476 bend    2    3    1
        0.3708301277898 bend    4    5    1
        0.3710929696092 bend    4    3    1
   4 k  0.0002092997703 bend    3    5    1      val=   0.01042
        0.6081793481723 bend    2    5    1
       -0.6091660663278 bend    2    3    1
        0.3604167594856 bend    4    5    1
       -0.3593526120218 bend    4    3    1
   5 k -0.6903825108733 bend    3    5    1      val=  17.86542
        0.0282761931248 bend    2    5    1
        0.0289096709548 bend    2    3    1
        0.5107732436584 bend    4    5    1
        0.5107321901649 bend    4    3    1
   6 k -0.0000106102867 bend    3    5    1      val=  -0.00933
        0.3596968292522 bend    2    5    1
       -0.3600723182923 bend    2    3    1
       -0.6084221624266 bend    4    5    1
        0.6089241239934 bend    4    3    1
   7 k  1.0000000000000 tors    8    2    1    4 val=  57.77758
        1.0000000000000 tors    6    2    1    4
        1.0000000000000 tors    7    2    1    4
   8 k  1.0000000000000 stre    2    8           val=   2.47091
   9 k  1.0000000000000 stre    2    6           val=   2.47146
  10 k  1.0000000000000 stre    2    7           val=   2.47558
  11 k -0.4921537479522 bend    6    8    2      val=   2.26219
       -0.3352728680439 bend    7    8    2
       -0.3390322581184 bend    7    6    2
        0.3952916391391 bend    1    8    2
        0.3926170088351 bend    1    6    2
        0.4690739010918 bend    1    7    2
  12 k -0.6175905573014 bend    6    8    2      val=   0.53111
        0.4476132422580 bend    7    8    2
        0.3497316816310 bend    7    6    2
       -0.2417340358072 bend    1    8    2
       -0.3027607269657 bend    1    6    2
        0.3818542102565 bend    1    7    2
  13 k -0.0539283547399 bend    6    8    2      val=   0.03409
       -0.5829891230107 bend    7    8    2
        0.6476333904673 bend    7    6    2
       -0.3632893514103 bend    1    8    2
        0.3239080004678 bend    1    6    2
        0.0298472937279 bend    1    7    2
  14 k -0.4325753764713 bend    6    8    2      val=   0.99982
        0.2420948351471 bend    7    8    2
        0.2121000334625 bend    7    6    2
        0.3161079497233 bend    1    8    2
        0.3580931754792 bend    1    6    2
       -0.6936333700652 bend    1    7    2
  15 k  0.0131738385633 bend    6    8    2      val=   0.03710
        0.3379159365275 bend    7    8    2
       -0.3513397879038 bend    7    6    2
       -0.6299880065608 bend    1    8    2
        0.6038132828414 bend    1    6    2
        0.0269119733141 bend    1    7    2
  16 k  1.0000000000000 tors    9    4    1    2 val= 178.18538
  17 k  1.0000000000000 stre    4    9           val=   1.80869
  18 k  1.0000000000000 bend    1    9    4      val= 138.29349
  19 k  1.0000000000000 stre    1    2           val=   3.01910
  20 k  1.0000000000000 stre    1    4           val=   3.14532
  21 k  1.0000000000000 bend    4    2    1      val= 100.48816
        21 non zero eigenvalues  of BmBt
           1           3.860111006    1    0
         1
           2           3.605862143    2    0
         2
           3           3.230531494    3    0
         3
           4           3.122347178    4    0
         4
           5           2.865168794    5    0
         5
           6           2.063221598    6    0
         6
           7           2.034736741    7    0
         7
           8           1.582508141    8    0
         8
           9           1.124946514    9    0
         9
          10           0.834011248   10    0
        10
          11           0.681467803   11    0
        11
          12           0.619921964   12    0
        12
          13           0.547269804   13    0
        13
          14           0.495184084   14    0
        14
          15           0.312346439   15    0
        15
          16           0.289152574   16    0
        16
          17           0.267956665   17    0
        17
          18           0.208476263   18    0
        18
          19           0.200151629   19    0
        19
          20           0.151264568   20    0
        20
          21           0.065632655   21    0
        21
$user-defined bonds
$end
$set
 chrg      1
 uhf       0
$end
