$coord
    4.58928555007692      1.73298455807692      0.06522381950000      c
    3.34901680907692     -0.86067759192308      0.28613845750000      c
    0.86370776807692     -1.07725341892308     -1.17738062250000      c
   -1.33652854892308      0.48033433207692     -0.08042681050000      c
   -3.56106863092308     -1.38846105392308     -0.07118227150000      c
   -5.29228629592308     -0.76679033592308      1.89469400750000      o
   -2.20330428692308     -3.91986807092308      0.29989755250000      c
    6.87272461207692      1.84527396607692      1.47547719350000      o
   -1.66682052692308      2.67041904007692     -1.57651153950000      o
    5.14577206007692     -2.63163241392308     -0.67867248550000      o
    0.06805942607692     -3.69900634592308     -1.14784231550000      o
   -3.24550139892308      4.55636557907692     -0.47528127750000      c
    3.35042654407692      3.20020939107692      0.82680607050000      h
    4.93340654307692      2.15021338007692     -1.94215084150000      h
    2.99101577907692     -1.26679860492308      2.29789539350000      h
    1.17002668207692     -0.54959467892308     -3.15591239650000      h
   -0.96348529992308      1.02308064407692      1.89727159350000      h
   -4.48717042692308     -1.32063122892308     -1.92823489950000      h
   -6.80737599792308     -1.76871549692308      1.71315559050000      h
   -3.25056208492308     -5.55408609992308     -0.41259528650000      h
   -1.79896150592308     -4.20551905092308      2.31993904750000      h
    7.88551947807692      0.40709989107692      0.97035721550000      h
    4.31459876007692     -4.26001118992308     -0.77370113650000      h
   -5.19417739092308      3.89289034207692     -0.24721402650000      h
   -2.52019621792308      5.14121687507692      1.38156726050000      h
   -3.20612139892308      6.16895758307692     -1.76131729250000      h
$redundant
     number_of_atoms            26
     degrees_of_freedom         72
     internal_coordinates       72
     frozen_coordinates          0
# definitions of redundant internals
   1 k  1.0000000000000 stre    1   13           val=   2.06580
   2 k  1.0000000000000 stre    1   14           val=   2.07895
   3 k  0.0017931317961 bend   14   13    1      val=   0.44579
        0.4785432490340 bend    8   13    1
        0.5280979999262 bend    8   14    1
       -0.5092615793300 bend    2   13    1
       -0.4824502977247 bend    2   14    1
   4 k  0.0049940343797 bend   14   13    1      val=   0.70858
        0.5444146924878 bend    8   13    1
       -0.4950288284517 bend    8   14    1
        0.4647826288613 bend    2   13    1
       -0.4924543320294 bend    2   14    1
   5 k  0.8997168084366 bend   14   13    1      val=   1.23463
       -0.2296134247992 bend    8   13    1
       -0.2046794489642 bend    8   14    1
       -0.2048075128736 bend    2   13    1
       -0.2322661094757 bend    2   14    1
   6 k -0.0198334689039 bend   14   13    1      val=   2.46738
       -0.4740170211461 bend    8   13    1
        0.4833049568795 bend    8   14    1
        0.5345884078111 bend    2   13    1
       -0.5055156279134 bend    2   14    1
   7 k  1.0000000000000 stre    2   15           val=   2.08333
   8 k  0.3995640774100 bend   10   15    2      val=   3.58044
        0.4518458802878 bend    1   15    2
       -0.7976113392564 bend    3   15    2
   9 k  0.7321298354465 bend   10   15    2      val=   2.70356
       -0.6809009468011 bend    1   15    2
       -0.0189685185090 bend    3   15    2
  10 k  1.0000000000000 stre    3   16           val=   2.07047
  11 k  0.1229238165493 bend   11   16    3      val=   1.57052
       -0.7489331651516 bend    2   16    3
        0.6511442616356 bend    4   16    3
  12 k  0.8361256873421 bend   11   16    3      val=   4.72625
       -0.2752777949398 bend    2   16    3
       -0.4744638770020 bend    4   16    3
  13 k  1.0000000000000 stre    4   17           val=   2.08447
  14 k -0.7799878211428 bend    9   17    4      val=   4.59944
        0.5402919749699 bend    5   17    4
        0.3157587380454 bend    3   17    4
  15 k -0.1073812673181 bend    9   17    4      val=   6.24677
       -0.6126416274820 bend    5   17    4
        0.7830322469128 bend    3   17    4
  16 k  1.0000000000000 stre    5   18           val=   2.07627
  17 k -0.7732150040176 bend    6   18    5      val=   5.96029
        0.5425931124726 bend    7   18    5
        0.3282244230088 bend    4   18    5
  18 k -0.0992105868206 bend    6   18    5      val=   3.94222
       -0.6147170825133 bend    7   18    5
        0.7824833339625 bend    4   18    5
  19 k  1.0000000000000 tors   19    6    5    4 val=  47.56931
        1.0000000000000 tors   19    6    5    7
  20 k  1.0000000000000 stre    6   19           val=   1.82546
  21 k  1.0000000000000 bend    5   19    6      val= 109.53301
  22 k  1.0000000000000 stre    7   20           val=   2.06762
  23 k  1.0000000000000 stre    7   21           val=   2.07982
  24 k  0.0369137253826 bend   21   20    7      val=   1.22052
        0.4604702054804 bend   11   20    7
        0.5383750784249 bend   11   21    7
       -0.5413718422226 bend    5   20    7
       -0.4513018614217 bend    5   21    7
  25 k  0.0214511786145 bend   21   20    7      val=   0.00589
       -0.5541545010995 bend   11   20    7
        0.4595059011799 bend   11   21    7
       -0.4518042636659 bend    5   20    7
        0.5264787459731 bend    5   21    7
  26 k -0.8814315023594 bend   21   20    7      val=   4.33037
        0.2502391318907 bend   11   20    7
        0.2483731888555 bend   11   21    7
        0.1929259646735 bend    5   20    7
        0.2480911419853 bend    5   21    7
  27 k -0.0195668897296 bend   21   20    7      val=   3.68048
       -0.4752196998318 bend   11   20    7
        0.5077330455830 bend   11   21    7
        0.5159873320903 bend    5   20    7
       -0.4997475375262 bend    5   21    7
  28 k  1.0000000000000 tors   22    8    1    2 val=  51.55817
  29 k  1.0000000000000 stre    8   22           val=   1.83009
  30 k  1.0000000000000 bend    1   22    8      val= 107.01868
  31 k  1.0000000000000 tors   23   10    2    1 val=  69.23884
        1.0000000000000 tors   23   10    2    3
  32 k  1.0000000000000 stre   10   23           val=   1.83071
  33 k  1.0000000000000 bend    2   23   10      val= 107.44089
  34 k  1.0000000000000 tors   26   12    9    4 val=  56.09256
        1.0000000000000 tors   24   12    9    4
        1.0000000000000 tors   25   12    9    4
  35 k  1.0000000000000 stre   12   26           val=   2.06298
  36 k  1.0000000000000 stre   12   24           val=   2.07112
  37 k  1.0000000000000 stre   12   25           val=   2.07750
  38 k  0.4040495965356 bend   24   26   12      val=   0.20071
        0.3811233198191 bend   25   26   12
        0.4432257400458 bend   25   24   12
       -0.4126765368258 bend    9   26   12
       -0.4018069437985 bend    9   24   12
       -0.4040905070143 bend    9   25   12
  39 k  0.4094579363707 bend   24   26   12      val=   1.72134
        0.3277936855601 bend   25   26   12
       -0.6653109080448 bend   25   24   12
        0.4258496567918 bend    9   26   12
       -0.2022459257289 bend    9   24   12
       -0.2449603009121 bend    9   25   12
  40 k -0.5997397460924 bend   24   26   12      val=   0.49419
        0.6650314569791 bend   25   26   12
       -0.0362379983026 bend   25   24   12
        0.0209137175707 bend    9   26   12
       -0.3304934743109 bend    9   24   12
        0.2950743728614 bend    9   25   12
  41 k  0.2441723112638 bend   24   26   12      val=   2.16521
        0.2041203394525 bend   25   26   12
       -0.4253496637425 bend   25   24   12
       -0.6950085306455 bend    9   26   12
        0.3058274394931 bend    9   24   12
        0.3757993514777 bend    9   25   12
  42 k  0.2987131245766 bend   24   26   12      val=  -0.24369
       -0.3270090078441 bend   25   26   12
        0.0210775278381 bend   25   24   12
        0.0429615676341 bend    9   26   12
       -0.6499198054764 bend    9   24   12
        0.6157514644487 bend    9   25   12
  43 k  1.0000000000000 stre    5    6           val=   2.69226
  44 k  0.7602169863295 bend    7    6    5      val=  10.76594
       -0.6496692494616 bend    4    6    5
  45 k  0.6496692494616 bend    7    6    5      val= 112.06468
        0.7602169863295 bend    4    6    5
  46 k  1.0000000000000 tors    8    1    2    3 val= 179.40053
  47 k  1.0000000000000 stre    1    8           val=   2.68617
  48 k  1.0000000000000 bend    2    8    1      val= 111.28614
  49 k  1.0000000000000 stre    2   10           val=   2.70101
  50 k -0.6772958464084 bend    1   10    2      val=   6.43851
        0.7357107695541 bend    3   10    2
  51 k  0.7357107695541 bend    1   10    2      val= 107.92952
        0.6772958464084 bend    3   10    2
  52 k  1.0000000000000 tors   12    9    4    3 val= 135.28519
        1.0000000000000 tors   12    9    4    5
  53 k  1.0000000000000 stre    9   12           val=   2.69476
  54 k  1.0000000000000 bend    4   12    9      val= 114.65245
  55 k  1.0000000000000 tors    1    2    3    4 val=  51.06211
        1.0000000000000 tors    1    2    3   11
  56 k  1.0000000000000 stre    2    1           val=   2.88343
  57 k  1.0000000000000 bend    3    1    2      val= 113.46532
  58 k  1.0000000000000 stre    4    9           val=   2.67280
  59 k  0.7744763629936 bend    5    9    4      val=  14.82277
       -0.6326028478945 bend    3    9    4
  60 k  0.6326028478945 bend    5    9    4      val= 111.87523
        0.7744763629936 bend    3    9    4
  61 k  1.0000000000000 stre    3    2           val=   2.89233
  62 k  0.7132693758141 bend   11    2    3      val=  -2.20119
       -0.7008900038707 bend    4    2    3
  63 k  0.7008900038707 bend   11    2    3      val= 111.60970
        0.7132693758141 bend    4    2    3
  64 k  1.0000000000000 stre    3   11           val=   2.73998
  65 k  1.0000000000000 stre   11    7           val=   2.70256
  66 k  1.0000000000000 stre    7    5           val=   2.89642
  67 k  1.0000000000000 stre    5    4           val=   2.90535
  68 k  1.0000000000000 stre    4    3           val=   2.91040
  69 k -0.8090169943749 bend    3    7   11      val=  -0.48861
        0.3090169943749 bend   11    5    7
        0.3090169943750 bend    7    4    5
       -0.8090169943750 bend    5    3    4
        1.0000000000000 bend    4   11    3
  70 k  0.5877852522925 bend    3    7   11      val=   0.13781
       -0.9510565162952 bend   11    5    7
        0.9510565162952 bend    7    4    5
       -0.5877852522925 bend    5    3    4
  71 k -0.8090169943749 tors    7    5    4    3 val= -29.20914
        0.3090169943749 tors    5    4    3   11
        0.3090169943750 tors    4    3   11    7
       -0.8090169943750 tors    3   11    7    5
        1.0000000000000 tors   11    7    5    4
  72 k  0.5877852522925 tors    7    5    4    3 val=   0.60742
       -0.9510565162952 tors    5    4    3   11
        0.9510565162952 tors    4    3   11    7
       -0.5877852522925 tors    3   11    7    5
        72 non zero eigenvalues  of BmBt
           1           5.183310557    1    0
         1
           2           5.084831031    2    0
         2
           3           4.677283560    3    0
         3
           4           4.333996024    4    0
         4
           5           4.240026202    5    0
         5
           6           4.012315002    6    0
         6
           7           3.765485002    7    0
         7
           8           3.645776821    8    0
         8
           9           3.515879568    9    0
         9
          10           3.349556478   10    0
        10
          11           3.294943040   11    0
        11
          12           3.228210642   12    0
        12
          13           3.045106258   13    0
        13
          14           2.953786748   14    0
        14
          15           2.841029648   15    0
        15
          16           2.697515795   16    0
        16
          17           2.461948786   17    0
        17
          18           2.373283271   18    0
        18
          19           2.322073803   19    0
        19
          20           2.170168208   20    0
        20
          21           2.020716339   21    0
        21
          22           1.941227596   22    0
        22
          23           1.837061476   23    0
        23
          24           1.791541856   24    0
        24
          25           1.614165495   25    0
        25
          26           1.492661444   26    0
        26
          27           1.315786440   27    0
        27
          28           1.167888943   28    0
        28
          29           1.161953098   29    0
        29
          30           1.137446758   30    0
        30
          31           1.060665897   31    0
        31
          32           1.003676965   32    0
        32
          33           0.964679306   33    0
        33
          34           0.914196758   34    0
        34
          35           0.809635411   35    0
        35
          36           0.790321480   36    0
        36
          37           0.773335033   37    0
        37
          38           0.769395504   38    0
        38
          39           0.699337558   39    0
        39
          40           0.697995985   40    0
        40
          41           0.678641569   41    0
        41
          42           0.578292739   42    0
        42
          43           0.543099805   43    0
        43
          44           0.471889600   44    0
        44
          45           0.458181003   45    0
        45
          46           0.402709245   46    0
        46
          47           0.339662017   47    0
        47
          48           0.334092680   48    0
        48
          49           0.321976178   49    0
        49
          50           0.312494878   50    0
        50
          51           0.307020676   51    0
        51
          52           0.288586564   52    0
        52
          53           0.277044514   53    0
        53
          54           0.243740547   54    0
        54
          55           0.237517973   55    0
        55
          56           0.228875163   56    0
        56
          57           0.211911298   57    0
        57
          58           0.186468687   58    0
        58
          59           0.154737527   59    0
        59
          60           0.135496589   60    0
        60
          61           0.100257250   61    0
        61
          62           0.088786777   62    0
        62
          63           0.070933293   63    0
        63
          64           0.061897680   64    0
        64
          65           0.058446276   65    0
        65
          66           0.046102608   66    0
        66
          67           0.036210946   67    0
        67
          68           0.026769574   68    0
        68
          69           0.021168889   69    0
        69
          70           0.010918677   70    0
        70
          71           0.010436172   71    0
        71
          72           0.005449099   72    0
        72
$user-defined bonds
$end
