$coord
       -1.22571407200000       -2.35703633100000       -1.16951362099999      C
        0.17262646900000       -0.17704842799999       -0.03074584200000      N
       -0.97712061799999        2.43103800000001       -0.51349524299999      C
       -3.18766539000000        2.95441651100000        1.26333851600000      C
        0.29228391899999       -0.36411240400000        1.90405011299999      H
        2.00535832400000       -0.11601027900000       -0.68319263700001      H
       -1.24929785199999       -2.16607951899999       -3.22908818300001      H
       -0.26741512500001       -4.10900129599999       -0.63097950800000      H
       -3.15894155500000       -2.38114923400000       -0.44431237500000      H
       -3.92739862900000        4.85122897400000        0.87639822299999      H
       -4.74806883200000        1.61044338600001        1.00973728800001      H
       -2.54355228600001        2.90424428600000        3.23124247100000      H
       -1.51582480599999        2.50313104700000       -2.51365682099999      H
        0.55818726300000        3.77019232400001       -0.15595908599999      H
        4.90646566400000        0.96774757700000        2.00259932400000      O
        3.68677981800000        1.75122797300000        4.43989231699999      Cl
        5.46571117400000        1.56879382500000        6.52962690700000      O
        2.65347764700001        4.32970239500000        4.15751056300001      O
        1.47978773100000       -0.04416289600001        4.90073979499999      O
$end
