$coord
   -2.71070257568859     -0.07565482470483     -0.80696488208727       n
   -0.04009447634881     -0.57962964810232     -0.35425276817293       c
    1.40928264720763      1.90389804989421     -0.72970923826958       c
    2.43050150879309      2.46783512476130     -2.73271370786005       o
    0.90138438160160     -2.65317081132583     -2.10649797536304       c
    3.22021456233019     -4.08078063683009     -1.11576379699174       c
    5.42191518547256     -2.33293420492917     -0.47501294900918       c
    2.55149499612923     -5.73780286015763      1.14766548030458       c
   -3.37876650986999     -0.25846005298489     -2.57793967452734       h
    0.09403237042210     -1.14684627781575      1.62081136149460       h
    1.33207155580111     -1.78967445626646     -3.92938896732214       h
   -0.63081995401693     -4.01040608165842     -2.37761120777904       h
    3.82654200166767     -5.32747400765832     -2.64704977817208       h
    4.96015623281413     -1.12138943462117      1.12955933820576       h
    7.07780453329421     -3.44017433260281      0.04879616344932       h
    5.91076101148810     -1.11680074726502     -2.05948829069018       h
    1.97364541043994     -4.60004848690908      2.76615180283099       h
    4.17982091010506     -6.85319142799668      1.73529012403397       h
    1.01489091414511     -7.03569502771803      0.70198770165471       h
    1.38511057943880      3.41034695645130      1.33621366656952       n
    0.10903111743279      2.95995385134312      2.68927360701001       h
    2.37855042674743      5.95629799880465      1.19240792100458       c
    1.11799245601074      7.22024875208591      0.16241512104579       h
    2.65494970236335      6.67675176544850      3.09376972429377       h
    4.17907374530673      5.91341855880698      0.20875736505549       h
   -4.22058060405730      0.91609439954159      1.00983859783896       c
   -3.43744010027238      1.41094832010059      3.14460217005575       o
   -6.93710320333966      1.34868494919973      0.26983613783381       c
   -7.36211551594269      3.34820101779801      0.48102326549419       h
   -8.13829439300394      0.31382662830929      1.57644333508855       h
   -7.35890958015195      0.76160668776085     -1.65292757093335       h
$end
