$coord
       -2.65224297270961       -2.28069773882032       -0.62621191034950      N
       -0.94981571529677       -0.54321843950040        0.66460832895964      C
       -1.36615703798161        2.13155598869344       -0.37772124085331      C
        0.04230760944328        3.08415815217748       -1.95551870161436      O
        1.76915661916862       -1.37731348313426        0.32294716218837      C
        3.57773386875602        0.13208820753412        1.98058241507396      C
       -2.02058974410119       -3.16949581478166       -2.18373926895484      H
       -1.48081529010952       -0.58133452148368        2.65654721338977      H
        1.90656500522650       -3.38277639984846        0.79452329091455      H
        3.01023762097571       -0.09104286818989        3.95306866728386      H
        3.40064001562028        2.13390907912220        1.51851608224612      H
       -3.43636802857682        3.28108590001463        0.57993292369427      N
       -4.64306722937611        2.16931503608105        1.56601404437593      H
       -4.28057230647653        5.68531096950507       -0.41356498961084      C
       -5.35858402549645        5.46644022567107       -2.15639336282811      H
       -2.63502850232142        6.84099746693738       -0.82106365233186      H
       -5.44991449619891        6.62559318199000        0.98668210225305      H
       -5.09338183534598       -2.57911714502317        0.08717872810987      C
       -6.02719417045698       -1.38836447741460        1.85496019113218      O
       -6.59743679507662       -4.49098642926856       -1.39462204899360      C
       -8.26130903716987       -3.56294793429481       -2.16323368581427      H
       -7.24029572188284       -5.95316337069799       -0.10159009998944      H
       -5.53120555212271       -5.35829077613364       -2.92112351553030      H
        2.26552435292835       -1.14061979053742       -1.66327844149677      H
        6.32640981223547       -0.68232872952030        1.68423450359252      C
        6.52987188564269       -2.69928882859610        2.06883652720262      H
        7.47434370653194        0.30468325895285        3.08999737770070      H
        7.40691418969691       -0.12226124499395       -0.91830131684596      C
        7.07287267237465        1.87466883479420       -1.36233252838719      H
        6.40956219514347       -1.22331589508053       -2.34440449972147      H
       10.06875467972303       -0.87119140968073       -1.00249376449818      N
       10.78968432935876       -0.51770811634841       -2.73913432162433      H
       11.06800461959559        0.22487107971482        0.20828277905496      H
$end
