$coord
    2.65893135608838     -2.39249423371715     -3.66065400053935       n
    3.49612941769371     -0.88484673975624     -2.85194146578362       h
   -0.06354076626069     -2.63180732150005     -3.28819116275323       c
   -1.07444177498884     -1.92306930149582     -4.93716401361053       h
   -0.83329925447427     -5.37320588052218     -2.81379718546920       c
   -0.90691285352090     -1.04371377845950     -1.04918016247507       c
   -2.86418317801214     -5.46484901686185     -2.49961410229771       h
   -0.34235262692151     -6.52310417728877     -4.43935278498325       h
    0.13208660968384     -6.10946566962768     -1.15032982743173       h
   -2.96060093623907      0.01043357425890     -0.99937552379387       o
    3.76519127865000     -3.27106236675729     -5.83678272799149       c
    6.47957316843231     -2.46911747464509     -6.21176914665408       c
    7.32688324906998     -1.67889171278096     -4.51496113512671       h
    6.54881843238363     -1.06760660462911     -7.71597456720663       h
    7.56369260941896     -4.10015651865148     -6.82588105651977       h
    2.64916867837331     -4.60764575400925     -7.35167957128511       o
    0.77231592220237     -0.92788783332000      0.90692539619101       n
    2.18437036702702     -2.20200039553542      0.92105755612696       h
    0.01367202674183      0.22095199845428      3.27728206652909       c
    1.67849497305706      0.53855308534857      4.43416031916610       h
   -0.89254709011762      2.01704896333243      2.87780123699499       h
   -1.32658751691561     -0.95404596601807      4.30967630773603       h
$end
