$coord
       -2.09951526224620       -1.79338749239852       -0.11549420035477      N
       -1.83933368233590        0.06344557550637        1.87451332654535      C
       -2.06151491313775        2.79759557693948        0.95788415933120      C
       -1.60197050525127        4.55749802361244        2.39668386771580      O
        0.67025802894079       -0.28304474318348        3.29526121028648      C
        2.86671611228729       -0.25713852681265        1.49711427386354      C
        3.88883691050695       -2.52213647678149        0.59055652349506      C
        3.84597152607891        2.02692182786414        0.58527409266537      C
        5.83291379172084       -2.51767069811258       -1.18968346122599      C
        5.78928794950142        2.03597005576194       -1.18915682930695      C
        6.78161415722781       -0.23359335610237       -2.08957414082202      C
       -0.51275841962964       -2.26364249104300       -1.06421702843184      H
       -3.41820232159464       -0.24044657476997        3.16496496660885      H
        0.60541407998248       -2.07401265869252        4.31151144563784      H
        0.81632644052175        1.24840216663424        4.66076982221594      H
        3.17932527661256       -4.30039433828380        1.31924874139190      H
        3.07887349649121        3.78860778533010        1.28688444131463      H
        6.60967501428984       -4.28729315872538       -1.85580617153147      H
        6.53508106537150        3.81552777778602       -1.86395706040439      H
        8.29380231038077       -0.22056228472631       -3.46389121012161      H
       -2.78616065696346        3.08059975125849       -1.47063481865533      N
       -3.18269642568236        1.49218213944668       -2.43517027127095      H
       -3.20906756932603        5.53858278423091       -2.58425806024397      C
       -2.51705538475849        6.93946077616394       -1.25464673730662      H
       -2.18537185031965        5.71497495712646       -4.35829729126109      H
       -5.21107936834638        5.87377317051062       -2.92348990002021      H
       -4.09856928548609       -3.44431137367425       -0.18949004545970      C
       -5.95349155736564       -3.22235645901717        1.16549285566962      O
       -3.84527786274701       -5.54447735343690       -2.10542894194160      C
       -3.73808538039176       -7.33347233465929       -1.09753570181690      H
       -2.19202764843440       -5.34801500633614       -3.31042789630108      H
       -5.54006648209510       -5.58690480970015       -3.26485128401154      H
$end
