$coord
    3.71627334966537      0.00000000000000     -1.32255333196808      c
    2.22613801117834      2.23006436198681     -2.11570403089197      c
    0.00000000000000      1.36034297130891     -3.42245578124855      c
    0.00000000000000     -1.36034297130891     -3.42245578124855      c
    2.22613801117834     -2.23006436198681     -2.11570403089197      c
   -2.22613801117834      2.23006436198681     -2.11570403089197      c
   -3.71627334966537      0.00000000000000     -1.32255333196808      c
   -2.22613801117834     -2.23006436198681     -2.11570403089197      c
   -1.44323294247955      3.68778234491408      0.00000000000000      c
   -2.22613801117834      2.23006436198681      2.11570403089197      c
   -3.71627334966537      0.00000000000000      1.32255333196808      c
   -1.44323294247955     -3.68778234491408      0.00000000000000      c
   -2.22613801117834     -2.23006436198681      2.11570403089197      c
    0.00000000000000     -1.36034297130891      3.42245578124855      c
    0.00000000000000      1.36034297130891      3.42245578124855      c
    1.44323294247955      3.68778234491408      0.00000000000000      c
    2.22613801117834      2.23006436198681      2.11570403089197      c
    1.44323294247955     -3.68778234491408      0.00000000000000      c
    2.22613801117834     -2.23006436198681      2.11570403089197      c
    3.71627334966537      0.00000000000000      1.32255333196808      c
$redundant
     number_of_atoms            20
     degrees_of_freedom          9
     internal_coordinates       18
     frozen_coordinates          0
# definitions of redundant internals
   1 k  1.0000000000000 stre    1   20           val=   2.64511
   2 k  1.0000000000000 stre    1    2           val=   2.79692
   3 k  1.0000000000000 stre    2   16           val=   2.68590
   4 k  1.0000000000000 stre    2    3           val=   2.72391
   5 k  1.0000000000000 stre    3    4           val=   2.72069
   6 k  1.0000000000000 stre    9   16           val=   2.88647
   7 k -0.2571596237516 bend    2   20    1      val=  61.14611
        0.9663689398526 bend    2    5    1
   8 k  0.9663689398526 bend    2   20    1      val= 106.32209
        0.2571596237516 bend    2    5    1
   9 k  0.8214208903800 bend    3   16    2      val=   1.46147
       -0.4851776183423 bend    1   16    2
       -0.2997839213617 bend    1    3    2
  10 k  0.1233049176756 bend    3   16    2      val=   4.83159
        0.6642868774450 bend    1   16    2
       -0.7372373035403 bend    1    3    2
  11 k  0.5568335641144 bend    3   16    2      val= 109.35470
        0.5686172905515 bend    1   16    2
        0.6054839046263 bend    1    3    2
  12 k -0.2965710296514 bend    2    4    3      val=  57.90827
        0.9550107980392 bend    6    2    3
  13 k  0.9550107980392 bend    2    4    3      val= 108.85755
        0.2965710296514 bend    6    2    3
  14 k  0.9662004740462 bend   10    6    9      val=  59.52655
       -0.2577918616885 bend   16    6    9
  15 k  0.2577918616885 bend   10    6    9      val= 106.31436
        0.9662004740462 bend   16    6    9
  16 k  1.0000000000000 tors    3    2    1    5 val=  90.62867
        1.0000000000000 tors    3    2    1   20
        1.0000000000000 tors   16    2    1    5
        1.0000000000000 tors   16    2    1   20
  17 k  1.0000000000000 tors    9   16    2    1 val=  87.44085
        1.0000000000000 tors    9   16    2    3
        1.0000000000000 tors   17   16    2    1
        1.0000000000000 tors   17   16    2    3
  18 k  1.0000000000000 tors    4    3    2    1 val=  90.29608
        1.0000000000000 tors    4    3    2   16
        1.0000000000000 tors    6    3    2    1
        1.0000000000000 tors    6    3    2   16
         9 non zero eigenvalues  of BmBt
           1           2.634715782    1    0
         1
           2           2.611289435    2    0
         2
           3           2.286078979    3    0
         3
           4           1.476575421    4    0
         4
           5           1.379291490    5    0
         5
           6           0.763805085    6    0
         6
           7           1.174575856    0    0
         0.000000000         0.000000000         0.000000000         0.000000000
         0.000000000         0.000000000        -0.284263132        -0.276390123
         0.024528858         0.057297111         0.667675668        -0.317585959
        -0.280229996        -0.363584479        -0.285559426         0.000000000
         0.000000000         0.000000000
           8           0.561664946    0    0
         0.000000000         0.000000000         0.000000000         0.000000000
         0.000000000         0.000000000        -0.424346272        -0.173893773
        -0.599089567        -0.402733928         0.054779950         0.481224079
        -0.004232948        -0.084933436         0.163643539         0.000000000
         0.000000000         0.000000000
           9           0.523637657    0    0
         0.000000000         0.000000000         0.000000000         0.000000000
         0.000000000         0.000000000        -0.335583692         0.095354437
         0.399649097        -0.600925265         0.045048723        -0.210349750
        -0.226320404         0.504361334         0.074718520         0.000000000
         0.000000000         0.000000000
$user-defined bonds
$end
