$coord
       -5.21104687015657        2.56544119894745       -1.04886345811839      C
       -8.03439827175047        2.38108338183467       -0.40441046353677      C
       -9.06571857054888       -0.22856422117010       -1.10500457861107      C
       -7.61142856794396       -2.26276102640469        0.37078613676924      C
       -4.78216738352433       -2.09818628026529        0.04371254075647      C
       -3.54405671212331        0.51211027595019        0.22057836208810      C
       -0.90699945329196        0.50193218861157       -1.13784947329307      C
        0.63531965650949       -1.87932751969550       -0.60210685923851      C
       -0.58063845217986       -4.06497094317819       -0.10330272300934      C
       -3.32291707461317       -4.18962516058807       -0.00770280723229      C
        0.54743301457297        3.02367722583657       -0.71806526971886      C
        3.39652650235426       -1.73035452988069       -1.19869641190526      C
        3.36732713488598        2.95241666209996       -1.44493385534316      C
        4.69013655879069        0.69685452655238       -0.20168127589718      C
       -3.29929011969408        1.06035925094417        3.09451845207505      C
        5.19681360576504       -3.88203690971049       -0.43271395695023      C
        7.43829934532312        0.22490893827760       -1.08733665632952      C
        4.53374556041422        0.86277662124496        2.70358993199375      C
        7.86973821054626       -2.63313900062421       -0.51732631027727      C
      -11.74443702145059       -0.43004434592655       -0.70382313399821      O
        9.45372789837434        1.96591064766547        0.03157269698287      C
       -4.48898497826219        4.43656727468475       -0.52505953341520      H
       -5.00339095968126        2.38750162554510       -3.11053310193883      H
       -8.33231361175476        2.68762650078894        1.63308016472238      H
       -9.09927337640611        3.84384811841757       -1.41781584546921      H
       -8.81557834357331       -0.53863452867341       -3.14178569504389      H
       -8.08454017933439       -1.97259557201215        2.38694401969608      H
       -8.29033290323201       -4.15154145690422       -0.14771255182685      H
       -1.32812354014670        0.39134733862070       -3.18599377238417      H
        0.49227903502435       -5.81022802744081        0.08872345334297      H
       -4.21806608954849       -6.04530871739492        0.05650790301795      H
       -0.40772899354997        4.52268398354859       -1.78194781716093      H
        0.43632104330517        3.55481636810651        1.27652053747563      H
        3.50884791199081       -1.55895730708064       -3.28149257636236      H
        3.57926741534162        2.77653611429535       -3.50765427280493      H
        4.25959201752564        4.74195639525343       -0.87850233099797      H
       -5.11185745193202        0.73619498804969        4.04188116467973      H
       -1.89198618077183       -0.20629706922618        3.93569311862209      H
       -2.74823179260860        3.02496648223301        3.45814713457383      H
        5.03986420358082       -5.51563914559853       -1.69633260741350      H
        4.74568049257402       -4.53167171259004        1.48372416269405      H
        7.43194133130647        0.47762515473675       -3.15326368518014      H
        2.58275405977455        0.63063834160568        3.35431217843117      H
        5.67612739173566       -0.61550121985364        3.59782094831459      H
        5.23085778297841        2.70152901886152        3.36232152208517      H
        9.09223805002772       -3.49898274624507       -1.94907383229340      H
        8.82949651309231       -2.84816889721175        1.30934605098957      H
      -12.03282347336111       -0.19279564250096        1.08800995346801      H
        9.57986878255628        1.72054939414699        2.08747753141631      H
        9.02276006251475        3.95901415846686       -0.35932640132772      H
       11.31936679057508        1.54445980484958       -0.77495670711690      H
$end
