$coord
       -1.95900753224033        1.89401089616549        0.00000000000000      C
       -1.88600025323949       -0.70532105885959        0.00000000000000      C
        2.17556404275021       -1.69669879381457        0.00000000000000      C
        3.01564758375921        0.71753547715213        0.00000000000000      N
        2.34134644176763        2.78759478812141        0.00000000000000      N
       -2.21085310974069        2.94810625067616       -1.73524501220758      H
       -2.21085310974069        2.94810625067616        1.73524501220758      H
       -2.26686295630401       -1.73918211279048       -1.72726346035126      H
       -2.26686295630401       -1.73918211279048        1.72726346035126      H
        2.63394092464608       -2.70748479226810        1.72894677362209      H
        2.63394092464608       -2.70748479226810       -1.72894677362209      H
$end
