$coord
    4.75363399573858     -0.44616980191452      0.80360897118234       n
    5.56843944315359      0.84084379626982      1.95660054332154       h
    2.37757650057151      0.33222027993645     -0.27539179174895       c
    2.63332686572101      0.60960885900706     -2.31094818221742       h
    0.27746178214888     -1.64318865449477      0.10689093450910       c
    1.75901703108944      2.90101952816397      0.90932775413428       c
    1.16482162169608     -3.44051226819710      0.57071367180712       h
   -0.88951452811006     -1.08043290181278      1.71136775599760       h
   -1.31764188777826     -1.96244325570692     -2.27114048375581       c
    3.33866494066299      4.04660214596171      2.17752193454236       o
   -0.20605213368749     -2.99211531157435     -3.67040377701585       h
   -1.70336383944564     -0.11576700186448     -3.09904785232323       h
   -3.80159875613321     -3.37676152465223     -1.82953170162827       c
   -3.42321090176585     -5.37038881029678     -1.48589749065209       h
   -4.97783402623313     -3.28699486684533     -3.52080095385243       h
   -5.26698344842186     -2.48716789425457      0.33254645781463       n
   -4.74559236570610     -3.29030382395835      1.97933767198946       h
   -5.80512302816535      0.05037336377029      0.57487126961459       c
   -5.86112199997502      1.73083961491058     -1.18820428060445       n
   -6.23226920434863      0.79758347655108      3.05673689932252       n
   -5.46722333920413      0.92469760396003     -2.88264844034456       h
   -7.13014084404128     -0.49816082352756      4.12679142033351       h
   -7.10462595886192      2.49132157311537      3.11508774841924       h
   -0.56407059824300      3.83074326018609      0.45664813843558       n
   -1.33583370765807      6.20578630212034      1.57992284494703       c
   -1.93145238505377      2.78684817747547     -0.37224146578306       h
   -1.35219181525958      6.08489793139719      3.63487611352742       h
   -3.22191083863002      6.63910915249255      0.89869525732363       h
   -0.04030465416311      7.70597732563175      1.03891815774414       h
    6.09944117111300     -2.33021833628209     -0.29267105295554       c
    8.70477487635957     -2.76954229271466      0.78059536259640       c
    5.24161645431839     -3.60548536925093     -2.03436821962049       o
   10.09430419788398     -2.27481145133243     -0.65226758093036       h
    9.06527817927830     -1.67298958072279      2.47957384012291       h
    8.91943439978551     -4.76993550575649      1.19267081904664       h
$end
