$coord
    1.08732062741667      2.01076718000000     -3.55847738983333      c
    2.22712559741667      3.70683534000000     -3.57257129883333      h
    2.24078666841667     -0.35289196700000     -3.72190585183333      c
    4.27489419141667     -0.48907261200000     -3.85770618383333      h
    0.77162818341667     -2.53951861500000     -3.70747492683333      c
    1.66640153041667     -4.37199723500000     -3.83714371183333      h
   -1.85112694458333     -2.36448249600000     -3.52377082683333      c
   -2.99063579458333     -4.06083106100000     -3.51336256083333      h
   -3.00593490358333     -0.00176312000000     -3.35549119483333      c
   -5.03972598758333      0.13468247900000     -3.21170677183333      h
   -1.53649950258333      2.18685470200000     -3.37565084283333      c
   -2.43292011858333      4.01950029200000     -3.25309798483333      h
    0.77899649341667      3.72235357100000      3.77573694116667      c
    0.10220039141667      4.03553945300000      1.86089125716667      h
    2.71517867741667      4.39643690900000      3.92963907716667      h
   -0.36258106858333      4.80636810600000      5.09543222416667      h
    0.70936701841667      0.97627347000000      4.56131271616667      c
    1.24723671241667      0.31040694300000      6.71283768416667      o
    0.00564199741667     -0.65969396100000      2.71081537316667      n
   -0.29884558258333      0.01681044600000      0.96079996216667      h
   -0.06388645058333     -3.35610472500000      3.12294015916667      c
    0.08367766041667     -3.67151423400000      5.14493984616667      h
   -1.83123479858333     -4.14667268200000      2.42990561716667      h
    1.50293540241667     -4.30828618300000      2.18310868716667      h
$user-defined bonds
$end
