$coord
       -2.91892150130303       -5.71473256500001        0.04589852424243      N
       -0.35394917130302       -5.79220188200000       -0.40420775075757      C
        0.57701299969697       -3.38145575899999       -0.69283693975758      C
       -1.54598076730302       -1.70920132600000       -0.40345752975758      C
       -1.81302172630304        0.92641841100000       -0.50830519675759      C
       -4.19253445730304        1.98147510800000       -0.15906304675759      C
       -6.32352365530303        0.43771637199999        0.29527810424242      C
       -6.09429611330304       -2.17856957700000        0.40125960624242      C
       -3.70351305530302       -3.23277022900001        0.05032993124242      C
       -4.03761094130303       -7.22813096299999        0.27343476124242      H
        0.62794111469697       -7.57508654400000       -0.49993182075758      H
       -0.22794791130303        2.16869782100000       -0.86061059275758      H
       -8.16577783930303        1.26836432900000        0.56511963724242      H
       -7.74123010830303       -3.34161466600001        0.74564705024243      H
       -4.29916413630303        4.56835692099999       -0.28792535175758      O
       -6.70130066730303        5.70597385700000        0.04551490924241      C
       -7.48147215330302        5.29335974600000        1.91124326924242      H
       -8.03557949730303        5.09445096699999       -1.40547150775758      H
       -6.39329800830302        7.72736083600001       -0.12697549975758      H
        3.26822847469698       -2.62909159200000       -1.12171970175759      C
        4.44664459469697       -1.46224815399999        1.26453557224242      C
        7.04723447969696       -0.65960026700000        0.93026950024242      N
        7.87316945969697        1.62912435800000        0.04834571924243      C
        5.90696625869697        3.70056262100000       -0.17560759775757      C
        3.39577930969698       -1.26329402200000       -2.66649322075757      H
        4.38362412269698       -4.27234251100001       -1.68471064875757      H
        4.38580675569696       -2.84803146599999        2.78980333824243      H
        3.31898840469696        0.14100671499999        1.88637825524243      H
        8.40270280769697       -1.99832184300001        0.92735743224243      H
       10.09506014669697        1.98294342500000       -0.47730613175758      O
        5.03658303369697        4.09803435700001        1.64814805824242      H
        4.41317754769697        3.17590287600001       -1.49278440775758      H
        6.85020219969697        5.38694464600000       -0.86115672375759      H
$end
