$coord
    2.57524195595372      5.79432385703199     -0.00000517360936       c
    4.71558330002345      4.24357699056031     -0.00001061266855       c
   -2.57524125940242      5.79433073006660      0.00000979159950       c
    0.00000177351718      4.81420847730605     -0.00001310473939       c
   -0.00000925562677      2.24180647480219     -0.00003064040820       c
    4.58076484215596      1.48947258560626     -0.00000339258689       c
   -4.71556064308728      4.24358197379636      0.00000903665009       c
    6.30611884604607     -0.66065904349091      0.00001399824463       c
    1.32154150624509     -6.20478766898138     -0.00000370830933       c
   -1.32154386449937     -6.20477699194400     -0.00000177063485       c
    2.82758942281303     -3.89627049363914     -0.00000473474964       c
    1.31841430428798     -1.81359710827925     -0.00002502656344       c
   -1.31839435114624     -1.81359482036469     -0.00001765054868       c
   -2.82758533448063     -3.89626588955128     -0.00000834453325       c
   -5.48846332849819     -3.17393355588741      0.00000079189881       c
   -6.30613651522357     -0.66066618315647      0.00000753523354       c
   -4.58076781775813      1.48946819833252     -0.00000294273838       c
   -2.13419119286823      0.69417691857567     -0.00002818074839       c
    5.48846580198145     -3.17392530587690      0.00001848405593       c
    2.13418297972683      0.69419014932525     -0.00002430323363       c
   -6.93397243174458     -4.62252738444447      0.00000725967817       h
   -8.32735045823187     -0.34085890225876      0.00002004447570       h
   -6.53820185713343      5.17372687508556      0.00002974718579       h
   -2.89392577696242      7.81590480676206      0.00002559568972       h
    2.89393947615370      7.81590154373156     -0.00001490807558       h
    6.53820353787299      5.17376357827246     -0.00001003336301       h
    8.32733710078434     -0.34086457474438      0.00004088907254       h
    6.93396435932802     -4.62252687396633      0.00003254015897       h
    2.25359624672497     -8.02659194311593     -0.00000167520909       h
   -2.25360136695165     -8.02658452982742     -0.00000951122378       h
$end
