$coord
    2.43173360286764     -0.69434585245844      0.55985971275937       c
    1.48471246918106     -2.40750731384404     -0.07566463436074       h
    5.03532645916443     -0.69099347829870     -0.15733670809793       o
    1.06317881962279      1.65780571377499     -0.39395687610107       c
    2.19897414535398      3.28932155758927      0.15724600124355       h
    1.02184106046592      1.63579985295753     -2.46332982380949       h
   -1.63080719651445      1.99074522277131      0.61550458846832       c
   -2.23833714070199      3.93074373997011      0.25468972928580       h
   -1.65608228354180      1.72898791774852      2.66389779664944       h
    5.09563328924321     -0.90228186749051     -1.95926049567130       h
    2.42947349041271     -0.70814841213303      2.61923222977255       h
   -3.59936136530728      0.25869216923525     -0.55177357463675       c
   -5.48082561553995      0.84030451951026      0.07760349337308       h
   -3.53595727409671      0.42449485040850     -2.61462318773444       h
   -3.09987651276748     -2.28016811837954      0.21456706403237       o
   -4.39149298623802     -3.33978669396798     -0.49544650779383       h
$end
