$coord
       -2.54363694193641        2.13793129427491       -0.75094270054502      C
       -4.61846297558711        1.78566604507766        0.66527316843383      C
       -6.18335093138831       -0.59698066233003        0.61025173874584      C
       -4.79344032748738       -2.95179588381484       -0.52203524986061      C
       -1.99476392797513       -2.45843682896099       -1.11218535557451      C
       -1.75739868417228        0.06935447946333       -2.57222486511230      C
        5.57344168686351        1.83975223464445        0.43125482892215      C
        3.06844612791704        1.19614059064354        1.02227776642764      C
        2.35012556014234       -1.36305858120949        0.77893680268698      C
        4.10383146003152       -3.17133329197292       -0.03985880651048      C
        6.59161502538833       -2.48793143361362       -0.60266311490989      C
        7.32651633860451        0.03637287860779       -0.37299780229199      C
       -0.66310814325417        4.19222955634592       -0.15484064063662      C
        1.26729678400351        3.26104271737865        1.87547040972231      C
       -0.32508002861168       -2.28790384795174        1.26229510001429      C
       -1.03289631748167       -2.90260476499240        3.36247842422051      O
       -5.11261896710214        3.19723688122019        2.08686091591563      H
       -6.75888001403593       -1.01032364880241        2.56059718910177      H
       -7.95020413663077       -0.28196393961623       -0.44364545297020      H
       -5.70764840639459       -3.51569537969271       -2.29533047574672      H
       -4.95034282522736       -4.53638049448919        0.80032862387732      H
       -1.22522429960306       -4.01224417117178       -2.26647827509056      H
        0.17321638947533        0.37059347672108       -3.24850104157943      H
       -3.00176351325815        0.00147870517036       -4.23464027610932      H
        6.15352660227003        3.80582620495181        0.62510735324831      H
        3.51756359943691       -5.13632683969913       -0.21904225404327      H
        7.93862768736908       -3.91729763717934       -1.21187503019497      H
        9.25583878262545        0.60095225249695       -0.80724494509432      H
        0.36436137218216        4.79550756206530       -1.85688364178222      H
       -1.63869808290773        5.84817191289846        0.62880570789693      H
        0.17487750210695        2.60322863140536        3.51095493272533      H
        2.39823360463724        4.88879198213095        2.49049696611355      H
$end
