$coord
   -0.00039647841176     -0.00076031058824     -0.00314682988235      c
   -0.18246061241176     -0.28816113258824      2.86099837611765      c
    1.69318005658824     -0.31738801958824      3.71582957311765      h
   -1.23867527241176      1.27631372641176      3.68952022411765      h
   -1.14086292341176     -2.04308555858824      3.36243639211765      h
    1.34896849258824      2.46893225041176     -0.63738588788235      c
    1.50301809758824      2.72120902941177     -2.67768878688235      h
    0.32195459858824      4.08405919941176      0.12890061611765      h
    3.25306498558824      2.48905861641176      0.15295988411765      h
   -2.65548381841176      0.03670284141176     -1.13191705688235      c
   -2.58569323741176      0.25815970741176     -3.18009461788235      h
   -3.75587037841176      1.60030664441176     -0.36025515888235      h
   -3.65685540341177     -1.71656007058824     -0.71366533888235      h
    1.48851827758824     -2.21832523358824     -1.09415777988235      c
    0.55268757558824     -4.00787824158824     -0.67795857888235      h
    1.66774588658824     -2.05357369858824     -3.14098571988235      h
    3.38716015358824     -2.28900974958824     -0.29338930988235      h
$user-defined bonds
$end
