$coord
        1.62234547080000        1.60910020029999       -0.10216913880000      C
        1.61884877780000       -1.00599266670000       -0.04059865580001      C
       -2.30349215220000       -1.75787142769999       -0.23337598180000      N
       -3.15025968520000        0.48364539529999       -0.02290557580001      N
       -2.28796430620000        2.51506314830001       -0.09567735079999      N
        1.96480310779999        2.68368948629999        1.60322929819999      H
        1.96668530879999        2.59143140230000       -1.86377670180000      H
        1.93714059780001       -1.99740022170000        1.72208995620001      H
        1.96923134579999       -2.08614751770001       -1.73949627780000      H
       -3.33733846520001       -3.03551779870000        0.77268042819999      H
$end
