$coord
       -1.75150135900528       -0.26161653496225       -0.02459593399153      C
       -0.43137213072392        2.10284357346512        0.03704277506570      C
        2.11980199031800        1.96080759991995        0.12210123803302      C
        3.26322066024185       -0.32197608840011        0.15049871954972      N
        1.94387982570312       -2.63709752619659        0.09318313696668      C
       -0.64435106891419       -2.47736766892399       -0.00711577828972      N
        3.14197979998079       -4.59709936142983        0.12571212672773      O
       -4.31935269111511       -0.23721469038090       -0.03780398582472      N
       -1.39619316177398        3.89461329560867        0.03160735578968      H
        3.33211478381368        3.60066337207649        0.17419834190010      H
       -5.24022077101300        1.34716552552820       -0.51185936071213      H
       -5.17616793682100       -1.89875223532310       -0.36866933141760      H
        5.15816205930904       -0.47496926098162        0.21570069620313      H
$end
