$coord
        1.18217363750495       -4.23605921475856       -0.16274454995843      C
       -0.33161259901561       -6.09709239402187        0.63850653804994      C
       -1.81360402882819       -5.74109226084407        2.02295698607452      H
       -0.11448003856488       -8.02504590952074       -0.04942449350824      H
        3.23449602631605       -4.62624593837026       -2.09364462051154      C
        5.09825087059156       -4.22580157407602       -1.27194052533186      H
        3.21807493042317       -6.56432913161505       -2.82359885341860      H
        2.99727065205590       -3.30698204399135       -3.68035931677542      H
        0.89289583853071       -1.58611734807098        0.89528937120064      C
        0.49549348415224        0.32637505477558       -1.09243461844882      N
       -1.95580767797953        0.10691159115871       -2.41193082618930      C
       -4.18237930064932        0.72110694069594       -0.71689836985053      C
       -5.86237233817308       -1.18130260528022        0.03491691652854      C
       -7.89621636720548       -0.62823749891562        1.63332814822680      C
       -8.25623206421458        1.84132632670170        2.49974816777530      C
       -6.57965608097679        3.75172074765816        1.75877604696211      C
       -4.55323578440726        3.19796568242815        0.15991050244980      C
       -5.56629416778529       -3.10420895975521       -0.63719990836194      H
       -9.19104797878861       -2.12204274019852        2.20259806102757      H
       -9.83460213762021        2.27861838701515        3.74411851688032      H
       -6.86069635724351        5.67860184232937        2.42248766889617      H
       -3.24409994787005        4.66785276213836       -0.43249704591454      H
        1.86282614450866        2.51626261463456       -1.40125762031410      C
        4.46534911188674        2.71132793753366       -0.37149332342481      C
        1.04298607161188        4.37058073176217       -2.56303694130439      O
        5.84381784318815        4.85525109581605        0.09412385748465      C
        8.30156966991591        4.08415843845119        0.88801273340433      C
        8.25926096542765        1.50094416206587        0.82475587228232      C
        5.14149010828354        6.76081518939669       -0.14008018885926      H
        9.88844743840402        5.25587842224348        1.42191290158233      H
        5.97691650475890        0.60260687096165        0.07058752920488      O
       10.54257474615352       -0.71801882718352        1.49525978781635      Cl
       -0.74679855211028       -1.52434219143956        2.16859762819459      H
        2.56093399679301       -1.07631555113965        1.99589250942031      H
       -1.90409004062026        1.38213526713743       -4.03702731608649      H
       -2.11160257845375       -1.84720587572251       -3.08621122520313      H
$end
