$coord
        0.00000000000000        1.14621141000001        0.00000000000000      C
       -1.21813816000000        3.26866849400000        0.00000000000000      C
        1.61762812499999        3.47786305100000        0.00000000000000      C
        0.02748606500000       -1.57039442300000        0.00000000000000      C
        2.22959509999999       -2.80925531900000        0.00000000000000      C
       -2.96745940000000        4.29698556899999        0.00000000000000      H
        4.00171021400000       -1.79342933299999        0.00000000000000      H
        2.59764569200000        4.03089325200000        1.72241154100000      H
        2.30551295100001       -4.85139527000001        0.00000000000000      H
       -2.49826311299999       -2.87175611600000        0.00000000000000      C
       -3.59814411000001       -2.32190254500000        1.65660750300001      H
       -3.59814411000001       -2.32190254500000       -1.65660750300001      H
       -2.28862636000000       -4.91816684800000        0.00000000000000      H
        2.59764569200000        4.03089325200000       -1.72241154100000      H
$end
