$coord
       -5.77720341471845        0.45245972516317        1.57416049697037      C
       -7.08026867215257       -1.81881977396882        1.24905592746122      C
       -5.86663443270592       -3.86673115713702        0.10072408267944      C
       -3.36060956316969       -3.63057840964323       -0.69484833718360      C
       -2.02484659297561       -1.35837410559270       -0.40393077967057      C
       -3.27679317648295        0.70076995954283        0.73245786658389      C
        0.74278522852047       -1.23598729859205       -1.09473987015610      C
        2.44433332038749       -1.82640470717702        1.22661551203272      C
        5.22065177628148       -1.63142309745650        0.56859536556911      C
        6.39692407020970        0.87058035807004        0.38823294581850      C
        5.31198362024850        3.08631723566865        0.99065880398726      C
       -1.97469362063399        3.21175244115068        1.13229345182794      C
       -1.51110145232205        4.86165186172714       -1.09349385779934      C
       -2.37603934445123        4.37899941129653       -3.42538226257215      C
       -1.36687909013283        3.91395097418540        3.25719021899482      O
        6.59643222629296       -3.72062394037476        0.08188766513303      C
       -9.02719691126239       -1.98783745090206        1.88845414874935      H
       -6.86499568085983       -5.64527634351494       -0.16416273374661      H
       -2.40248825207119       -5.23521473288677       -1.55895360791629      H
       -6.69857975444219        2.05671448157177        2.47299300680752      H
        1.24442288315472        0.63010553681944       -1.83246776913850      H
        1.15723305849676       -2.62211033222053       -2.58025523324111      H
        2.01337323598713       -3.74032788159808        1.89576415687357      H
        1.96291479359646       -0.51567737094765        2.75946157837468      H
        8.58055719844579       -3.59232506402403       -0.45349162904667      H
        5.77128741674713       -5.60049478297934        0.22565415356768      H
        8.34963695073614        0.87564844127912       -0.28174305749400      H
        6.35895555154430        4.84773378850909        0.81784608591257      H
        3.39033595639343        3.21505155204592        1.70726518273242      H
       -0.45279744874916        6.57964073753126       -0.67751485729027      H
       -3.44936861866448        2.66928167152432       -3.82482002466064      H
       -2.03133126124805        5.67754827293029       -4.98350663016026      H
$end
