$coord
       -0.35156920317241       -2.12369969720690       -3.80673314106898      N
       -0.38038035817241       -4.02953895220690       -3.67384228406897      H
       -2.68998663017241       -0.95206674220689       -4.23778429806897      C
       -4.60785947917240       -2.21102202020689       -4.44332339906898      O
       -2.52263271717241        1.78381563579311       -4.38615573906897      C
       -4.22109944017241        2.85065122779310       -4.72308721406898      H
       -0.26482779217241        2.93032558779310       -4.09706066306895      C
       -0.04427270317241        4.95715750679310       -4.18734542106896      H
        1.90543802982760        1.59038051079309       -3.66227242706896      N
        3.57237983882758        2.47118869279310       -3.40984672606897      H
        1.98399170182759       -1.01743045420690       -3.47057698306898      C
        3.91562384782759       -2.18570700020690       -3.04612080206896      O
        2.20016039082759        4.15324088479310        2.84948108593104      C
        1.38597456682760        4.74103768879309        1.04898310593102      H
        1.00163208482760        4.91939839079310        4.33905315893105      H
        4.05753432082759        5.02336032679310        3.02545517793104      H
        2.33814149982759        1.28299097479310        3.01864622193104      C
        3.15144865782759        0.73579651979309        4.83522272393102      H
        3.61293098482760        0.54380471479311        1.57278253893103      H
       -0.24092854417242        0.03923634679309        2.72608496793104      C
       -1.50939626917241        0.73631055179310        4.20313116293103      H
       -1.08652587617242        0.62555221279311        0.93103382293103      H
       -0.13455787517241       -2.83444455220690        2.83877971493102      C
        0.66594043982760       -3.40595516820690        4.65411888493103      H
        1.17222873482760       -3.51829658920691        1.39407960693102      H
       -2.72212740117241       -4.04740904020691        2.49149786993104      C
       -3.55054358217241       -3.53064894920689        0.67701035793102      H
       -2.61452868417241       -6.10110350620691        2.57475388393103      H
       -4.02218854317241       -3.42692510220690        3.96403481193104      H
$end
