$coord
    0.90496777375556     -0.13452040302778     -1.11710327199444      n
    0.36636517265556     -2.74983975482778     -0.42405933119444      c
    0.23374510385556     -3.82977064802778     -2.19649543499444      h
    1.99729245645556     -3.52027063992778      0.62600611940556      h
   -2.04967199644444     -3.10824350372778      1.12530700380556      c
   -3.70892243384444     -2.40823385422778      0.09192885880556      h
   -2.33590196464444     -5.12595881542778      1.53188168470556      h
   -1.94881807784444     -2.11123267682778      2.94326718770556      h
    1.61408740415556      1.70201640597222      0.83733743890556      c
    2.26663285495556      0.62694841827222      2.49358353940556      h
    3.22624512475556      2.78984656907222      0.10260126030556      h
   -0.51237312964444      3.52419953507222      1.56413586650556      c
   -2.16018846054444      2.52031488407222      2.32964682260556      h
    0.16016628695556      4.85777405347222      3.00918962610556      h
   -1.11271258684444      4.61675448807222     -0.09251154149444      h
    0.99786643335556      0.60002986907222     -3.59040138839444      c
    0.50562804585556     -0.97353944852778     -4.90429713609444      h
    1.55559199305556      2.72372552147222     -4.33001730409444      o
$redundant
     number_of_atoms            18
     degrees_of_freedom         48
     internal_coordinates       48
     frozen_coordinates          0
# definitions of redundant internals
   1 k  1.0000000000000 stre    2    3           val=   2.07975
   2 k  1.0000000000000 stre    2    4           val=   2.08713
   3 k  0.0283126663553 bend    4    3    2      val=   0.69946
        0.4912957087203 bend    1    3    2
        0.5093775742672 bend    1    4    2
       -0.5003303112155 bend    5    3    2
       -0.4980270936701 bend    5    4    2
   4 k  0.0103756521510 bend    4    3    2      val=   0.71663
        0.5117097602396 bend    1    3    2
       -0.4957139215452 bend    1    4    2
        0.4941809307972 bend    5    3    2
       -0.4980947527736 bend    5    4    2
   5 k  0.9084781998144 bend    4    3    2      val=   3.56827
       -0.2297805499343 bend    1    3    2
       -0.2125938597837 bend    1    4    2
       -0.1937670659460 bend    5    3    2
       -0.1978040299664 bend    5    4    2
   6 k -0.0086122589092 bend    4    3    2      val=   0.82565
       -0.4963691098703 bend    1    3    2
        0.4958141899674 bend    1    4    2
        0.5110887024870 bend    5    3    2
       -0.4964878276255 bend    5    4    2
   7 k  1.0000000000000 tors    8    5    2    1 val=  58.62085
        1.0000000000000 tors    6    5    2    1
        1.0000000000000 tors    7    5    2    1
   8 k  1.0000000000000 stre    5    8           val=   2.07586
   9 k  1.0000000000000 stre    5    6           val=   2.07629
  10 k  1.0000000000000 stre    5    7           val=   2.07808
  11 k  0.4344506791636 bend    6    8    5      val=   1.25715
        0.4042736155059 bend    7    8    5
        0.4151448463834 bend    7    6    5
       -0.3988263352863 bend    2    8    5
       -0.3947341364739 bend    2    6    5
       -0.4007402194511 bend    2    7    5
  12 k -0.6814624567141 bend    6    8    5      val=   0.65948
        0.3543978424470 bend    7    8    5
        0.3607217501010 bend    7    6    5
       -0.2210396988433 bend    2    8    5
       -0.2188285919513 bend    2    6    5
        0.4279560809733 bend    2    7    5
  13 k  0.0010478976620 bend    6    8    5      val=  -0.14623
        0.6446605830445 bend    7    8    5
       -0.6352492737680 bend    7    6    5
        0.2958689253830 bend    2    8    5
       -0.3055021366547 bend    2    6    5
       -0.0001350869483 bend    2    7    5
  14 k  0.4284574399270 bend    6    8    5      val=  -0.37063
       -0.2298743100337 bend    7    8    5
       -0.2082951522768 bend    7    6    5
       -0.3226661503848 bend    2    8    5
       -0.3632821097792 bend    2    6    5
        0.6957785692344 bend    2    7    5
  15 k -0.0131118837254 bend    6    8    5      val=   0.60321
       -0.2930749824750 bend    7    8    5
        0.3079289676893 bend    7    6    5
        0.6519688883237 bend    2    8    5
       -0.6273573339137 bend    2    6    5
       -0.0217767824265 bend    2    7    5
  16 k  1.0000000000000 stre    9   11           val=   2.07901
  17 k  1.0000000000000 stre    9   10           val=   2.07960
  18 k  0.0529187995075 bend   10   11    9      val=   1.14850
        0.4978684691317 bend    1   11    9
        0.4978472584596 bend    1   10    9
       -0.4909998670526 bend   12   11    9
       -0.5102879833013 bend   12   10    9
  19 k  0.0206079397026 bend   10   11    9      val=   0.65311
        0.4878649588817 bend    1   11    9
       -0.4987536302380 bend    1   10    9
        0.5117734767200 bend   12   11    9
       -0.5008950185088 bend   12   10    9
  20 k  0.9046871964756 bend   10   11    9      val=   3.40618
       -0.2412118049097 bend    1   11    9
       -0.2304047045581 bend    1   10    9
       -0.2006193444007 bend   12   11    9
       -0.1732728844193 bend   12   10    9
  21 k -0.0058923467453 bend   10   11    9      val=   0.58674
        0.5140731684895 bend    1   11    9
       -0.4990156518776 bend    1   10    9
       -0.4956044949017 bend   12   11    9
        0.4909721188656 bend   12   10    9
  22 k  1.0000000000000 tors   15   12    9    1 val=  60.51797
        1.0000000000000 tors   13   12    9    1
        1.0000000000000 tors   14   12    9    1
  23 k  1.0000000000000 stre   12   15           val=   2.07330
  24 k  1.0000000000000 stre   12   13           val=   2.07583
  25 k  1.0000000000000 stre   12   14           val=   2.07820
  26 k  0.4347814815440 bend   13   15   12      val=   1.05932
        0.3975867790954 bend   14   15   12
        0.4164802152413 bend   14   13   12
       -0.3992295784591 bend    9   15   12
       -0.3963604983537 bend    9   13   12
       -0.4036683610784 bend    9   14   12
  27 k -0.6784986679068 bend   13   15   12      val=   0.56804
        0.4147519590105 bend   14   15   12
        0.3016223333445 bend   14   13   12
       -0.1851030814600 bend    9   15   12
       -0.2542316927068 bend    9   13   12
        0.4216010363258 bend    9   14   12
  28 k  0.0758551492134 bend   13   15   12      val=   0.63562
        0.6110253094674 bend   14   15   12
       -0.6660088402555 bend   14   13   12
        0.3113935193827 bend    9   15   12
       -0.2812561993040 bend    9   13   12
       -0.0354304765580 bend    9   14   12
  29 k  0.4257340085808 bend   13   15   12      val=  -0.11686
       -0.2200146565737 bend   14   15   12
       -0.2145489524067 bend   14   13   12
       -0.3534040993691 bend    9   15   12
       -0.3343496221626 bend    9   13   12
        0.6983041776766 bend    9   14   12
  30 k  0.0101832240381 bend   13   15   12      val=  -0.56097
       -0.3058804985288 bend   14   15   12
        0.2907131135514 bend   14   13   12
        0.6413023381335 bend    9   15   12
       -0.6407263526273 bend    9   13   12
        0.0045122423129 bend    9   14   12
  31 k  1.0000000000000 tors   18   16    1    2 val=  90.53442
        1.0000000000000 tors   18   16    1    9
        1.0000000000000 tors   17   16    1    2
        1.0000000000000 tors   17   16    1    9
  32 k  1.0000000000000 stre   16   18           val=   2.31693
  33 k  1.0000000000000 stre   16   17           val=   2.10826
  34 k  0.8150408721229 bend   17   18   16      val=   2.42102
       -0.3653114432212 bend    1   18   16
       -0.4497287251453 bend    1   17   16
  35 k -0.0487299650250 bend   17   18   16      val=   6.15325
        0.7302234427888 bend    1   18   16
       -0.6814683515104 bend    1   17   16
  36 k  1.0000000000000 outp   18    1   17   16 val=   0.11515
  37 k  1.0000000000000 tors    5    2    1    9 val=  68.42406
  38 k  1.0000000000000 stre    2    5           val=   2.89244
  39 k  1.0000000000000 bend    1    5    2      val= 114.52711
  40 k  1.0000000000000 tors   12    9    1    2 val= 256.31044
  41 k  1.0000000000000 stre    9   12           val=   2.89317
  42 k  1.0000000000000 bend    1   12    9      val= 113.95819
  43 k  1.0000000000000 stre    1   16           val=   2.58174
  44 k  0.7072247789947 bend    2   16    1      val=   1.34262
       -0.7069887636843 bend    9   16    1
  45 k  1.0000000000000 outp   16    9    2    1 val=   5.36505
  46 k  1.0000000000000 stre    1    2           val=   2.75868
  47 k  1.0000000000000 stre    1    9           val=   2.77409
  48 k  1.0000000000000 bend    9    2    1      val= 120.03585
        48 non zero eigenvalues  of BmBt
           1           6.194705606    1    0
         1
           2           5.378879756    2    0
         2
           3           4.587911054    3    0
         3
           4           4.114266023    4    0
         4
           5           3.836884967    5    0
         5
           6           3.592603665    6    0
         6
           7           3.423415747    7    0
         7
           8           3.341253908    8    0
         8
           9           3.076509622    9    0
         9
          10           2.923588694   10    0
        10
          11           2.854599983   11    0
        11
          12           2.777966952   12    0
        12
          13           2.586064749   13    0
        13
          14           2.367630686   14    0
        14
          15           2.070749699   15    0
        15
          16           1.568779538   16    0
        16
          17           1.469852083   17    0
        17
          18           1.138653278   18    0
        18
          19           0.880186537   19    0
        19
          20           0.878234399   20    0
        20
          21           0.865619243   21    0
        21
          22           0.788495076   22    0
        22
          23           0.752405267   23    0
        23
          24           0.705730113   24    0
        24
          25           0.696226109   25    0
        25
          26           0.688783197   26    0
        26
          27           0.685079232   27    0
        27
          28           0.611109326   28    0
        28
          29           0.592081325   29    0
        29
          30           0.527262746   30    0
        30
          31           0.408248865   31    0
        31
          32           0.399901000   32    0
        32
          33           0.373435057   33    0
        33
          34           0.345922096   34    0
        34
          35           0.327911534   35    0
        35
          36           0.285835174   36    0
        36
          37           0.281369652   37    0
        37
          38           0.265703147   38    0
        38
          39           0.254805561   39    0
        39
          40           0.179252555   40    0
        40
          41           0.164710300   41    0
        41
          42           0.161938955   42    0
        42
          43           0.077682019   43    0
        43
          44           0.056793072   44    0
        44
          45           0.037575231   45    0
        45
          46           0.030307651   46    0
        46
          47           0.020485819   47    0
        47
          48           0.014536607   48    0
        48
$user-defined bonds
$end
