$coord
    2.37527158449032      3.09276123850491     -0.29852682265931      n
    2.88736510338846      0.68909645067910      0.98652679691805      c
    3.45285552563248     -1.35122011733540     -0.96490442348523      c
    2.34384919248268     -3.31298430362714     -1.10800862355873      o
    2.37417576924433      4.52220804571582      0.97848557867703      h
    5.34225600989292     -0.65981674997013     -2.45778973532783      o
   -0.98115576234648      2.45675784143423     -1.44867943662978      h
    4.54922987461133      0.80792653778958      2.23062132613207      h
    0.62062421424752     -0.06925052205236      2.61034633553505      c
   -1.73678870529546     -0.42179587994749      1.11128376836028      c
    0.31348310524855      1.39041446153447      4.04644052357975      h
    1.03469431269547     -1.80790592783563      3.63595258086273      h
   -3.67915275966060     -2.08277304266813      1.30400104006768      c
   -2.29150894242716      1.10315080797801     -0.90993523266000      n
   -3.99463904791655     -3.61919273249825      2.60072808477105      h
   -6.96619834583380     -2.43067059979075     -0.97386717934688      h
   -4.45352785889034      0.41602940658848     -1.94293679616429      c
   -5.33213868383869     -1.51233865154501     -0.61169495289250      n
   -5.34632100120735      1.26281017465829     -3.56604838837538      h
    3.75810771160346      3.50438521293380     -1.55895072807363      h
    5.72951870387886     -1.97759165054630     -3.66304371573009      h
$user-defined bonds
$end
