$coord
    0.29595133247951     -2.86825259168708      0.08276472519801      n
    1.87714622601902     -0.82731643179894     -0.06345718070412      c
    1.06662945954144      1.66681328236000     -0.12261260065014      c
   -1.53885709131311      2.36176989430459     -0.09696958394472      c
   -3.00209357888438      0.15445468677266      0.01602904681515      n
   -2.07878038234315     -2.27708276252238      0.10089475771691      c
    3.20226470923643      3.10289119286728     -0.24627476700527      n
    5.17810981939516      1.45190493378803     -0.25285328161907      c
    4.45796410296227     -0.93356137033249     -0.14224326469116      n
   -2.49029186935566      4.46251399657242     -0.17600794637050      o
   -3.90277125786068     -4.14682919895025      0.08690813871697      n
   -4.88425835059451      0.43401472374814     -0.11489533706866      h
    7.10709841419854      2.08986324816730     -0.33971624407068      h
   -5.42850457912613     -3.81533325174684      1.17448540141407      h
   -3.13176696406822     -5.85640584986177      0.41624847532060      h
    3.27216000971347      5.00055549831933     -0.32230033905739      h
$user-defined bonds
$end
