$coord
       -0.00211954259474       -0.46488076028947       -0.23151339888947      C
        0.19441041260525        1.04755611281053        3.78205037581052      C
        0.19770267430527       -1.49393963878948        3.93040676321053      C
        0.07774715360525       -2.35794000778947        1.47770667441054      N
        0.07160819300525        1.61763703681052        1.24500777241053      N
        0.26743262220525        2.45669064781054        5.25249062401053      H
        0.27329306350526       -2.72164840608946        5.55515003801053      H
        0.03933734430527       -4.98788487118948        0.77574287801054      C
        0.03659007460526        4.14696982961053        0.23821568831053      C
        1.74433777270525       -5.95486879918947        1.41440116481053      H
       -1.60184514459474       -5.94838369888947        1.57192821161054      H
       -0.05735194489475       -5.09392412498946       -1.27253644028946      H
       -1.57810337909474        5.21098196141054        0.95316061621054      H
        1.76268462540527        5.16672024871052        0.71934459201053      H
       -0.10847744879475        4.01234349551052       -1.80752501808947      H
       -0.35423961839474        0.96665312911053       -6.28017420368948      N
       -0.24788321619474        0.20281243271052       -4.51661948448946      H
       -1.88825325609474        2.10347820201053       -6.30830903708947      H
        1.17312961440526        2.09162721071053       -6.49892781628948      H
$end
