$coord
    0.20952149525756      3.35442451259331      0.00000000000000       p
    2.02002652920037      3.32723702271949      1.96679672348925       h
    2.02002652920037      3.32723702271949     -1.96679672348925       h
   -0.20952149525756      6.70964837934083      0.00000000000000       c
   -0.67250250808841      8.83111540735451      0.00000000000000       n
   -0.20952149525756     -3.35442451259331      0.00000000000000       p
   -2.02002652920037     -3.32723702271949      1.96679672348925       h
   -2.02002652920037     -3.32723702271949     -1.96679672348925       h
    0.20952149525756     -6.70964837934083      0.00000000000000       c
    0.67250250808841     -8.83111540735451      0.00000000000000       n
$end
