$coord
        2.00902007682636        1.09148690102623       -0.15166402804465      N
       -0.27787670706623        1.28069752328162        1.35055276357891      C
       -2.39065153081094       -0.31724367075187        0.17773128841524      C
       -4.19108824523284        0.66002327911403       -0.93853735764154      O
       -1.06282222658280        4.04105783302589        1.44707359866906      C
       -1.32338329412544        5.02909544171744       -1.02808968068294      O
        2.23627667054604        2.41674018294771       -1.50134413058746      H
        0.14579815850270        0.56785059036160        3.23800935643633      H
       -2.81306118882961        4.21409853553126        2.52414981248063      H
        0.40336231817521        5.13864300370467        2.38322146253690      H
       -2.70746286884532        4.05405090480913       -1.73249224546283      H
       -2.06516579007619       -2.82042935436854        0.47200147813627      N
       -0.38903880381294       -3.37300659530107        1.22244146336378      H
       -3.74543354250455       -4.64439927981830       -0.68202795895712      C
       -2.93276194553951       -5.43738183651010       -2.39956945869802      H
       -4.13974722619043       -6.16853396924264        0.63695577937867      H
       -5.49274494296809       -3.68307059511597       -1.15993869777858      H
        3.63482186897539       -0.86681589667477        0.06539459198047      C
        3.25778022840982       -2.63933384087293        1.53107443668471      O
        5.96488804063154       -0.73310625249835       -1.56427712459957      C
        7.60767860467567       -0.58643931964619       -0.33731512068279      H
        5.94918059695797        0.85740094836722       -2.86335452414600      H
        6.13006550047522       -2.48653834953868       -2.62088763134389      H
$end
