$coord
    2.18348070700000      2.17090316626667     -0.54114792606000      c
    3.66194782640000      2.35926740196667      1.23506533884000      o
    0.38577951100000     -0.06832460523333     -0.84296393936000      c
   -1.07280787390000      0.33116705156667     -2.27505575666000      h
    1.52737736310000     -1.65001345293333     -1.58354262566000      h
   -0.83188424120000     -0.85587601083333      1.66496156574000      c
   -2.04464066940000      0.69283724006667      2.34931089404000      h
    0.67833923530000     -1.07601644043333      3.07476467234000      h
   -2.37664487730000     -3.28841673093333      1.44302189354000      c
   -3.23338461700000     -3.80098363863333      3.26439011224000      h
   -3.91759512630000     -3.09565191273333      0.05835003904000      h
   -1.18609174860000     -4.88286237743333      0.83734212634000      h
    2.05954722410000      3.95396813926667     -2.41539378386000      n
    3.28826469140000      5.42438171966667     -2.35973156256000      h
    0.87831259540000      3.78562045036667     -3.90937104796000      h
$redundant
     number_of_atoms            15
     degrees_of_freedom         39
     internal_coordinates       39
     frozen_coordinates          0
# definitions of redundant internals
   1 k  1.0000000000000 stre    1    2           val=   2.31868
   2 k  0.7071113151734 bend   13    2    1      val=  -0.37601
       -0.7071022471707 bend    3    2    1
   3 k  1.0000000000000 outp    2    3   13    1 val=   0.68217
   4 k  1.0000000000000 stre    3    4           val=   2.08278
   5 k  1.0000000000000 stre    3    5           val=   2.08649
   6 k  0.0274309426089 bend    5    4    3      val=   0.50924
        0.5219737153212 bend    1    4    3
        0.4734640782761 bend    1    5    3
       -0.5104645854498 bend    6    4    3
       -0.4919844077663 bend    6    5    3
   7 k  0.0762859967523 bend    5    4    3      val=   2.06349
       -0.4833832780141 bend    1    4    3
        0.4911433911161 bend    1    5    3
       -0.5177378471844 bend    6    4    3
        0.5012451936843 bend    6    5    3
   8 k  0.9009302800433 bend    5    4    3      val=   1.59473
       -0.1857088896353 bend    1    4    3
       -0.2690860948560 bend    1    5    3
       -0.1705945457662 bend    6    4    3
       -0.2287509854001 bend    6    5    3
   9 k -0.0120961711940 bend    5    4    3      val=   1.25044
        0.4980892555785 bend    1    4    3
       -0.5219186871144 bend    1    5    3
       -0.4675644501682 bend    6    4    3
        0.5106321034750 bend    6    5    3
  10 k  1.0000000000000 stre    6    8           val=   2.07769
  11 k  1.0000000000000 stre    6    7           val=   2.08270
  12 k  0.0383598151725 bend    7    8    6      val=   0.64033
       -0.5069080654234 bend    9    8    6
       -0.4975368426041 bend    9    7    6
        0.4926632227762 bend    3    8    6
        0.5013110580906 bend    3    7    6
  13 k -0.0044210512417 bend    7    8    6      val=   0.11845
        0.5135100255680 bend    9    8    6
       -0.5189066943396 bend    9    7    6
        0.4897012909430 bend    3    8    6
       -0.4766722103976 bend    3    7    6
  14 k  0.9042967514967 bend    7    8    6      val=   1.75014
       -0.1869579434539 bend    9    8    6
       -0.2013333144267 bend    9    7    6
       -0.2325462306518 bend    3    8    6
       -0.2295239850725 bend    3    7    6
  15 k -0.0067074176300 bend    7    8    6      val=   0.69224
        0.4858477019256 bend    9    8    6
       -0.4804892904675 bend    9    7    6
       -0.5132152927040 bend    3    8    6
        0.5192755782465 bend    3    7    6
  16 k  1.0000000000000 tors   10    9    6    3 val=  60.34826
        1.0000000000000 tors   12    9    6    3
        1.0000000000000 tors   11    9    6    3
  17 k  1.0000000000000 stre    9   10           val=   2.07704
  18 k  1.0000000000000 stre    9   12           val=   2.08003
  19 k  1.0000000000000 stre    9   11           val=   2.08063
  20 k  0.4189008893568 bend   12   10    9      val=   1.61422
        0.4218431850204 bend   11   10    9
        0.4226140100931 bend   11   12    9
       -0.3960564773355 bend    6   10    9
       -0.3944581681404 bend    6   12    9
       -0.3943472974027 bend    6   11    9
  21 k  0.3626922485706 bend   12   10    9      val=   0.10950
        0.3223254157891 bend   11   10    9
       -0.6805421356910 bend   11   12    9
        0.4476545471610 bend    6   10    9
       -0.2116462359825 bend    6   12    9
       -0.2371378036350 bend    6   11    9
  22 k  0.6271630161587 bend   12   10    9      val=   0.18739
       -0.6487684146330 bend   11   10    9
        0.0258591651927 bend   11   12    9
       -0.0126913378978 bend    6   10    9
        0.3103110333628 bend    6   12    9
       -0.2977304005783 bend    6   11    9
  23 k  0.2277191974673 bend   12   10    9      val=   0.11253
        0.2205568580345 bend   11   10    9
       -0.4481821989493 bend   11   12    9
       -0.6823296645465 bend    6   10    9
        0.3395636425401 bend    6   12    9
        0.3431531983948 bend    6   11    9
  24 k  0.3050218026327 bend   12   10    9      val=   0.18423
       -0.3035048230883 bend   11   10    9
       -0.0003189102316 bend   11   12    9
        0.0045604765267 bend    6   10    9
       -0.6409807076818 bend    6   12    9
        0.6355858360683 bend    6   11    9
  25 k  1.0000000000000 tors   15   13    1    3 val=  91.37542
        1.0000000000000 tors   14   13    1    3
  26 k  1.0000000000000 stre   13   15           val=   1.91197
  27 k  1.0000000000000 stre   13   14           val=   1.91702
  28 k  0.8159857022078 bend   14   15   13      val=  -0.69384
       -0.4340887030321 bend    1   15   13
       -0.3817516623309 bend    1   14   13
  29 k  0.0309249183786 bend   14   15   13      val=   2.03526
        0.6922217371383 bend    1   15   13
       -0.7210219941559 bend    1   14   13
  30 k  1.0000000000000 outp   15    1   14   13 val=  -3.84235
  31 k  1.0000000000000 tors    9    6    3    1 val= 187.04847
  32 k  1.0000000000000 stre    6    9           val=   2.89012
  33 k  1.0000000000000 bend    3    9    6      val= 112.76729
  34 k  1.0000000000000 tors   13    1    3    6 val= 221.03676
  35 k  1.0000000000000 stre    1   13           val=   2.58988
  36 k  1.0000000000000 bend    3   13    1      val= 115.37161
  37 k  1.0000000000000 stre    3    1           val=   2.88738
  38 k  1.0000000000000 stre    3    6           val=   2.89700
  39 k  1.0000000000000 bend    6    1    3      val= 112.45937
        39 non zero eigenvalues  of BmBt
           1           5.150196197    1    0
         1
           2           4.806719381    2    0
         2
           3           4.297579031    3    0
         3
           4           4.049865955    4    0
         4
           5           3.910399498    5    0
         5
           6           3.632190289    6    0
         6
           7           3.348769848    7    0
         7
           8           3.111549046    8    0
         8
           9           2.990865137    9    0
         9
          10           2.624181320   10    0
        10
          11           2.379719764   11    0
        11
          12           2.221820211   12    0
        12
          13           2.078621637   13    0
        13
          14           1.454446545   14    0
        14
          15           1.243809598   15    0
        15
          16           0.944103498   16    0
        16
          17           0.876647948   17    0
        17
          18           0.781169944   18    0
        18
          19           0.758406351   19    0
        19
          20           0.743059011   20    0
        20
          21           0.681510431   21    0
        21
          22           0.679295282   22    0
        22
          23           0.627516374   23    0
        23
          24           0.482054183   24    0
        24
          25           0.440637842   25    0
        25
          26           0.382380762   26    0
        26
          27           0.340328645   27    0
        27
          28           0.329013706   28    0
        28
          29           0.314333503   29    0
        29
          30           0.298317552   30    0
        30
          31           0.277260503   31    0
        31
          32           0.255009064   32    0
        32
          33           0.210077436   33    0
        33
          34           0.165892901   34    0
        34
          35           0.078346898   35    0
        35
          36           0.066401209   36    0
        36
          37           0.047712907   37    0
        37
          38           0.035557448   38    0
        38
          39           0.020097866   39    0
        39
$user-defined bonds
$end
