$coord
        1.39003078333333        2.28242328995832       -5.03688796295833      C
        2.47478496133332        3.98529528895833       -5.35354553595834      H
        2.61060234933334       -0.04660270804168       -4.87427951195833      C
        4.64286539633332       -0.15102451804168       -5.06225006995833      H
        1.21211523733333       -2.24092802604167       -4.46494886995832      C
        2.15942480833333       -4.04649333204168       -4.33109627395833      H
       -1.40709305266668       -2.10694817304168       -4.22210976495833      C
       -2.49092700466667       -3.81102470604166       -3.90783213095833      H
       -2.62794826266666        0.22180861595832       -4.38235986195834      C
       -4.66014246966667        0.32728829495834       -4.19167071495833      H
       -1.22929191766666        2.41696232995832       -4.78818049895833      C
       -2.17591449566666        4.22409012595834       -4.90769149995832      H
        0.31084139333333        0.46788780095834        2.06688417704167      C
        0.54162683833333        0.89398974895834        0.08186604304167      H
       -1.75100380366668       -0.95866372404166        2.87443263104166      C
       -3.11255993766667       -1.63237798104167        1.50684847404167      H
       -2.05468273366668       -1.51447999104167        5.43113753604167      C
       -3.65548395766666       -2.62180001604166        6.05521489804167      H
       -0.29368003866667       -0.64321543604167        7.18573692804168      C
       -0.52780479766667       -1.07400901604167        9.16996338904167      H
        1.76911669333333        0.78372054095833        6.38214931104167      C
        3.13561362333333        1.45992720095833        7.74347513504167      H
        2.06921253933332        1.33832680895833        3.82442159104167      C
        3.67029784833333        2.44584758095833        3.20072258304166      H
$end
