$coord
   -2.28184066498160      2.38748899988803     -0.43677173080904       n
   -2.95066403824966      0.30790427134652     -2.07169776531025       c
   -3.89704486768427     -2.05423856112176     -0.69039292748394       c
   -4.60125364332795     -3.90813322094938     -1.89419596211560       o
   -0.66031267886246     -0.48649736618110     -3.67257956171789       c
   -0.46198437845280      2.53961890547129      0.13460090316200       h
   -4.46593657513628      0.88176924466867     -3.34338409943025       h
   -1.29422963231305     -1.97627589901829     -4.94183335841129       h
   -0.06060269812434      1.12260160778694     -4.81308885295923       h
   -3.88533815590503      4.16693802759755      0.55189577291625       c
   -3.12270684334215      5.78397170482555      2.01717347366797       o
   -3.86816810557225     -1.92990074704527      1.85768555291836       n
   -3.06603008525562     -0.39462283376861      2.64224441337380       h
   -4.49670579943068     -4.09930857039799      3.39575661459498       c
   -2.81926791544719     -5.19248535396068      3.88366435791822       h
   -5.42816402012612     -3.48880383211492      5.12088728383401       h
   -5.76404558963196     -5.29545103043403      2.31309702676821       h
   -6.60963127075650      4.00008882358652     -0.27861776405360       c
   -7.67278013325563      5.41338824421813      0.75583678345179       h
   -7.39184639865435      2.13264166048397      0.09138854594752       h
   -6.77905733927816      4.36822019631524     -2.29718977177012       h
    1.45632161952334     -1.40588884378959     -2.05123698550723       c
    1.77401598373513     -3.84716104211677     -1.18729396257971       c
    3.42871597199685      0.06243932123846     -0.92760844008783       c
    0.66411008618760     -5.50649001864835     -1.59470730533117       h
    4.88862296414278     -1.59696697234995      0.60280991673030       c
    4.12859206398290      2.62449278428290     -1.06932082035175       c
    4.49084685452849     -5.53020965612664      1.21985805593236       h
    6.20596783130251      3.44313410934755      0.29798213597060       c
    3.07436208280563      3.93761323661044     -2.23303691614660       h
    3.82461320643843     -3.95143959050895      0.40163795921211       n
    6.98798097479348     -0.77389276711733      1.97418510413480       c
    7.62010427820534      1.76355358143245      1.80440435888099       c
    8.08250957519875     -2.05949957712178      3.12837245780790       h
    9.23112763404616      2.46674130800377      2.84615674122419       h
    6.75892184367677      5.40822628652736      0.21009845490880       h
$end
