$coord
    0.00000000000000     -1.48194572114990      0.92035294055407       c
    0.00000000000000      1.48194572114990      0.92035294055407       c
   -2.34463045622454      2.67726288472427     -0.25332553599047       c
   -0.00000000000000      2.06255028047825      2.89750271763495       h
    2.34463045622454      2.67726288472427     -0.25332553599047       c
    2.34463045622454     -2.67726288472427     -0.25332553599047       c
   -2.34463045622454     -2.67726288472427     -0.25332553599047       c
   -0.00000000000000     -2.06255028047825      2.89750271763495       h
    2.26754304705835     -4.71831734146833     -0.01566034943584       h
    2.47688237271670     -2.27889141940417     -2.26753832274302       h
    4.07841733348753     -2.02592587624202      0.62887534572155       h
   -2.26754304705835     -4.71831734146833     -0.01566034943584       h
   -4.07841733348753     -2.02592587624202      0.62887534572155       h
   -2.47688237271670     -2.27889141940417     -2.26753832274302       h
    2.26754304705835      4.71831734146833     -0.01566034943584       h
    4.07841733348753      2.02592587624202      0.62887534572155       h
    2.47688237271670      2.27889141940417     -2.26753832274302       h
   -2.26754304705835      4.71831734146833     -0.01566034943584       h
   -2.47688237271670      2.27889141940417     -2.26753832274302       h
   -4.07841733348753      2.02592587624202      0.62887534572155       h
$end
