$coord
    0.25338014907571      2.79200800037615      0.00000000000000       p
   -0.25338014907571     -2.79200800037615      0.00000000000000       p
    2.07576211176370      2.67836176047054      1.95449082691190       h
    2.07576211176370      2.67836176047054     -1.95449082691190       h
   -0.25338014907571      6.69158070778431      0.00000000000000      cl
   -2.07576211176370     -2.67836176047054     -1.95449082691190       h
   -2.07576211176370     -2.67836176047054      1.95449082691190       h
    0.25338014907571     -6.69158070778431      0.00000000000000      cl
$end
