$coord
   -0.47813472669046      2.91784864301727     -0.78370344237807       c
   -2.54485071945604      2.81768937852207     -0.85958161579183       h
    0.34793448586077      5.45486644765250     -0.40304267934798       o
    0.47813472669046      1.36376621722411      1.43172076896268       c
    2.54186306243995      1.39929873770076      1.42580214671448       h
   -0.12974103737940      2.30435850260661      3.16236786625588       h
   -0.47813472669046     -1.36376621722411      1.43172076896268       c
   -2.54186306243995     -1.39929873770076      1.42580214671448       h
    0.12974103737940     -2.30435850260661      3.16236786625588       h
   -0.20459875868140      6.43859362174425     -1.82460050116801       h
    0.26005655150319      2.17921327918239     -2.56775420018661       h
    0.47813472669046     -2.91784864301727     -0.78370344237807       c
   -0.26005655150319     -2.17921327918239     -2.56775420018661       h
    2.54485071945604     -2.81768937852207     -0.85958161579183       h
   -0.34793448586077     -5.45486644765250     -0.40304267934798       o
    0.20459875868140     -6.43859362174425     -1.82460050116801       h
$end
