$coord
   -2.41941017156016     -1.87158697725520     -1.14415489363786       n
   -0.10988220863155     -0.56870347519163     -0.43122049324227       c
   -0.56308094067482      2.20213321282691      0.22255226621488       c
    0.94092080874308      3.37614570888394      1.55656386122534       o
    1.77988387508148     -0.79503411120460     -2.61099231917860       c
    4.36094516048575      0.37469698427962     -2.05555330653932       c
    5.60594063133213     -0.98362800891821      0.14373027386576       c
    6.63749629454163     -3.03674048241464     -0.13282287232438       o
   -2.34785870978144     -2.98734991529823     -2.68566017014079       h
    0.66463155415007     -1.42157753760479      1.27825236641241       h
    2.05294720615330     -2.80185208928586     -3.01185747256566       h
    0.96027407753670      0.08661421160901     -4.28822508360671       h
    5.57295419232228      0.10363159678309     -3.69384333788496       h
    4.17957310655912      2.38778170563512     -1.68411430587999       h
   -4.15695167439246     -2.47032802273126      0.69322427670193       c
   -4.04784908580208     -1.53293360181208      2.79838356578244       o
   -2.58937256479555      3.27515584201859     -0.88108480079178       n
   -3.82855123483957      2.08750844778466     -1.69890468078929       h
   -3.32407994292427      5.84939199700719     -0.31913341459631       c
   -4.25855851615858      6.67353805482409     -1.95080829074531       h
   -4.58408539669025      5.93618493537953      1.30713486160578       h
   -1.62763013908405      6.91771834185305      0.11216279701745       h
   -6.17906093714980     -4.32112105335958     -0.08848700426790       c
   -5.70891063821744     -6.16883418745678      0.68562208226661       h
   -6.36606766360928     -4.48428721653709     -2.12844096633837       h
   -7.96681086937106     -3.73231801534644      0.72814317852135       h
    5.44565568448659      0.25023990478008      2.38826621434664       n
    6.00721775309913     -0.70559294220569      3.93259509918545       h
    4.14192690068600      1.63900328209821      2.57111257856976       h
$end
