$coord
       -6.98551043770303        0.00028910353189       -6.83819614915361      O
       -9.15381403123327        0.00367392050987       -6.06869569374853      C
      -11.34421035440158       -0.00104378645005       -7.91016108413537      C
       -9.69846402998881        0.01260673152908       -3.26027633464600      C
      -11.18295191844706        1.65030363330827       -9.12623190607168      H
      -11.18499718982767       -1.66050042922540       -9.11538361573185      H
      -13.17748539393874        0.00309493109947       -6.99015868777895      H
      -11.70320705515931        0.01522221265247       -2.82569346662573      H
       -8.81092408613630       -1.63861197898231       -2.41280431446029      H
       -8.80878417727094        1.66781394525969       -2.42292515472524      H
$end
