$coord
        2.28428197469366        0.00000000000000        1.31715014443443      C
        4.05528528511769        0.00000000000000        2.33567581436028      H
        2.28428197469366        0.00000000000000       -1.31715014443443      C
        4.05528528511769        0.00000000000000       -2.33567581436028      H
        0.00000000000000        0.00000000000000       -2.63261119423333      C
        0.00000000000000        0.00000000000000       -4.67730310700193      H
       -2.28428197469366        0.00000000000000       -1.31715014443443      C
       -4.05528528511769        0.00000000000000       -2.33567581436028      H
       -2.28428197469366        0.00000000000000        1.31715014443443      C
       -4.05528528511769        0.00000000000000        2.33567581436028      H
        0.00000000000000        0.00000000000000        2.63261119423333      C
        0.00000000000000        0.00000000000000        4.67730310700193      H
$end
