$coord
       -0.32322362840272        4.48045831832217        0.35720630965389      C
        0.79009715470998        2.23093183388905        0.37307828255598      C
        0.00000000000000        0.00000000000000       -1.21097893316630      C
       -0.79009715470998       -2.23093183388905        0.37307828255598      C
        0.32322362840272       -4.48045831832217        0.35720630965389      C
       -1.93070140005864        4.87751298358213       -0.85341720352139      H
        0.33251020823243        6.01151131367083        1.54808168387934      H
        2.39078279111397        1.90757996810953        1.62131833634617      H
        1.56573692063816       -0.56821359206666       -2.44077794233086      H
       -1.56573692063816        0.56821359206666       -2.44077794233086      H
       -2.39078279111397       -1.90757996810953        1.62131833634617      H
        1.93070140005864       -4.87751298358213       -0.85341720352139      H
       -0.33251020823243       -6.01151131367083        1.54808168387934      H
$end
