$coord
    2.98595010375570      0.69603461915421      2.03438177944977      h
    0.34662685363856      3.22344677251486     -3.30140409538948      h
   -0.59584974855826     -0.46550932258965     -5.85128583249012      h
   -0.13040702867760      1.73584317556754     -2.16870618406503      n
   -1.21814604567531      2.65173548387321      1.07958972122996      al
   -2.77871213157299     -2.46850870157840     -2.46402775980056      c
    0.68121780081704     -1.83256178623512      4.85256384498170      s
    4.35584697039899      0.44416813870209     -0.88290564172520      f
   -3.17116441149853     -4.20595925507553     -3.47409041399858      h
   -4.77082349340764      0.40467059690846      2.25189364264341      s
    2.12622885652594      2.30788590428860      4.63979493638384      h
    2.61559406074676      0.85658164096989     -1.60495411572440      h
    3.07341625574771     -2.47784188426153      5.47801341799639      h
   -1.15768049002676     -0.40576456023730     -3.65139427334525      b
    1.51955973242177      1.04480712344963      3.31146491250984      n
   -3.88165728463531     -1.50902794545099     -0.24893393865636      b
$user-defined bonds
$end
