$coord
       -0.48804445053130        2.92731239149076       -0.79417252515424      C
       -2.55675032491482        2.85035707418126       -0.84613243490408      H
        0.38011463217768        5.47330828498333       -0.71408782136869      O
        0.48804445053130        1.36176121779713        1.41871945316844      C
        2.55195042053729        1.38626529656225        1.39112567217603      H
       -0.09480000118233        2.28356395624034        3.17450368748128      H
       -0.48804445053130       -1.36176121779713        1.41871945316844      C
       -2.55195042053729       -1.38626529656225        1.39112567217603      H
        0.09480000118233       -2.28356395624034        3.17450368748128      H
       -0.23730613858937        6.20806971024579        0.82776429689242      H
        0.20411309906525        2.18210456016570       -2.58184588795954      H
        0.48804445053130       -2.92731239149076       -0.79417252515424      C
       -0.20411309906525       -2.18210456016570       -2.58184588795954      H
        2.55675032491482       -2.85035707418126       -0.84613243490408      H
       -0.38011463217768       -5.47330828498333       -0.71408782136869      O
        0.23730613858937       -6.20806971024579        0.82776429689242      H
$end
