$coord
       -2.78975470867447       -2.17914983112824       -0.55330541485789      C
       -5.42147690326861       -2.18984259663547       -0.55688743610236      C
       -6.78838623257479        0.00349515549502        0.07226114927946      C
       -5.42018956324162        2.19509188266992        0.70539731019031      C
       -2.78865148440213        2.18168437617514        0.70562067270382      C
       -1.39709662069503        0.00044388938645        0.07759865290274      C
        2.78975470867447        2.17914983112824       -0.55330541485789      C
        1.39709662069503       -0.00044388938645        0.07759865290274      C
        2.78865148440213       -2.18168437617514        0.70562067270382      C
        5.42018956324162       -2.19509188266992        0.70539731019031      C
        6.78838623257479       -0.00349515549502        0.07226114927946      C
        5.42147690326861        2.18984259663547       -0.55688743610236      C
        9.43155246378825        0.02617763833328        0.17455702215537      N
       -9.43155246378825       -0.02617763833328        0.17455702215537      N
       -1.78687918883591       -3.88876629476007       -1.10093706755616      H
       -6.43972974093373       -3.90529957329549       -1.06871436619258      H
       -6.43766893431996        3.90803901854751        1.22651342177736      H
       -1.78472243369937        3.89268487541035        1.24672513172526      H
        1.78687918883591        3.88876629476007       -1.10093706755616      H
        1.78472243369937       -3.89268487541035        1.24672513172526      H
        6.43766893431996       -3.90803901854751        1.22651342177736      H
        6.43972974093373        3.90529957329549       -1.06871436619258      H
       10.27131257689290       -1.67776830784501       -0.04655725556325      H
       10.26979801459803        1.38189246881257       -0.88227182046213      H
      -10.26979801459803       -1.38189246881257       -0.88227182046213      H
      -10.27131257689290        1.67776830784501       -0.04655725556325      H
$end
