$coord
        4.89500357100758       -5.15205739890018        2.15357276116008      O
        5.48081867252316       -3.39650182048734        0.81186720607600      C
        5.34097893861299       -3.52311347146004       -1.70713773044103      O
        5.86821252997703       -1.88094146108248       -2.42334393519718      H
        6.42757146561773       -0.88505578850598        1.85877548426838      C
        8.33808458701210       -0.54868453666801        1.15579736244968      H
        6.46914544056398       -1.02867497468400        3.90345916117117      H
        4.84209123925778        1.24088611215543        1.15957681471751      N
        3.57408500339663        1.99677656572393        2.39734743243593      H
        4.86854740513269        2.20842589272311       -1.18368359134485      C
        6.13466391485993        1.30891625297659       -2.93356999135592      O
        3.21314731181767        4.53089931131232       -1.54462128292381      C
        3.59487199086976        5.26789250354160       -3.41922960777368      H
        3.70258638050327        5.94630418561934       -0.12732668248286      H
        0.54296428458694        3.95831229273420       -1.34620003886207      N
       -0.63055564457817        4.05468832556416       -2.85042204146338      H
       -0.61543783550679        3.65973556357462        0.89123570370068      C
        0.51083894031028        3.61060268409266        2.93780910673741      O
       -3.48782155906709        3.44052733203975        0.74950624365660      C
       -4.34386749773342        3.41029171389703       -1.87721308249394      N
       -6.05406964893214        4.24744039122415       -2.03028089934156      H
       -4.56307572926830        1.59048544693086       -2.45357955333992      H
       -4.17757159794835        5.17151647071162        1.63578780046567      H
       -4.38355174654578        1.18041487586994        2.35388373135574      C
       -3.44624758412084        1.28812926550345        4.18313862899151      H
       -6.41500734051110        1.37505666766383        2.65623991278313      H
       -3.84120034611038       -1.28945718116513        1.06509050802145      C
       -5.68557305281751       -2.42518258765180       -0.45424930365124      C
       -7.54506356859602       -1.57669555352116       -0.57141232395436      H
       -5.17723672279269       -4.65316969954497       -1.76382951445866      C
       -6.63043611977814       -5.50921563821128       -2.91845218228455      H
       -2.80752015085544       -5.77755674922810       -1.56540827039692      C
       -2.40689821046414       -7.51232534016780       -2.56885284750912      H
       -0.95558853961261       -4.68340531768771       -0.04228900645640      C
        0.87366635802316       -5.57157660063069        0.15613223760534      H
       -1.47148377417312       -2.44974902739277        1.25217339527964      C
       -0.03907136466081       -1.62393870686920        2.45970839485533      H
$end
