$coord
        0.65652684666667       -0.36277926116667        3.49897031658334      C
        2.55252287366667        0.41648270883333        3.35364258558334      H
        0.76252799066668       -2.29742621916667        4.18720277258332      H
       -0.42691776033332        0.72218342283333        4.86580150858333      H
       -0.74551615033334       -0.35013140616668        1.00819301558334      C
       -2.97602138333333       -0.96799252616667        0.85185941558333      O
        0.63124180066667        0.38116836483333       -1.01709365741666      N
        2.49463495066666        0.78811781083334       -0.82370804241666      H
       -0.51363874133334        0.40678933783334       -3.49623897741667      C
       -2.24676251533332        1.51222926383334       -3.47430301141667      H
        0.80726862766668        1.24458754883333       -4.82669732041667      H
       -0.99586653933333       -1.49322904516668       -4.12762860541666      H
$end
