$coord
       -5.00891888935000       -0.91439180735000       -0.12034158000000      C
       -3.78712888235000        1.01760298265000        0.23184742200001      O
       -3.99690121734999       -3.16335397134999       -0.54656848800001      O
       -2.12340844235001       -3.03799688135000       -0.53547648600000      H
       -7.83934777734999       -0.99155030535000       -0.11619504500000      C
       -8.58621290335000        0.88059343565000        0.23988322600000      H
       -8.50610271035001       -1.69250805635001       -1.92912737000000      H
       -8.48504735335000       -2.30375971135000        1.32732715300000      H
        5.01101963265000       -1.36616239534999       -0.29473585200000      N
        5.75406955364999       -3.09599910235001       -0.61923851699999      H
        6.75245486965001        0.61448892865001        0.04816080600000      C
        9.01473350765000        0.20196966665001       -0.05176783499999      O
        5.54479510565000        3.03232224564999        0.50284239199999      C
        6.71554605065001        4.67057271965001        0.78909293399999      H
        2.99917507765000        3.18348172065000        0.55836487800001      C
        2.01115037965000        4.93799214965001        0.88963045899999      H
        1.48034418764999        1.12239162264999        0.19854965200000      N
       -0.45483317035000        1.25457359364999        0.24350672700000      H
        2.42507960065001       -1.24018686635001       -0.24397168400000      C
        1.07953338064999       -3.11007996835001       -0.57178279199999      O
$end
