$coord
   -5.83974690701695      7.97735003030509      2.47172362161017      h
   -6.10441455901695      6.17423358330509      2.26623576261017      o
   -4.69848865801695      4.90585913630508      4.21245889061017      c
   -5.41215879601695      5.42234694930509      6.09048634361017      h
   -2.68166763401695      5.38461082230508      4.10200440661017      h
   -4.93499353501695      2.08693786830508      3.83383981661017      c
   -3.79516165101695      1.14150001830508      5.28610349961017      h
   -7.54865333201695      1.28241310630508      4.11192924761017      o
   -8.10468328401695     -0.72895775869492      2.44421374661017      c
   -8.84286014501695     -2.35529468569492      3.47630611561017      h
  -10.15482414501695      0.11520608530508      0.67676965761017      n
  -10.87780609701695      2.59675721730508      0.49682597961017      c
   -9.83348361101695      3.87995883230508      1.70477662761017      h
  -12.74309906401695      3.37564765730508     -1.08391941738983      c
  -13.27314188201695      5.34789420230508     -1.17572892038983      h
  -14.02243808001695      1.58411806530508     -2.68236455538983      c
  -15.74084018901695      2.03641283130508     -4.20365085838983      o
  -13.11316372701695     -0.89567637769492     -2.42354239238983      n
  -13.92096130601695     -2.23763429869492     -3.53693946638983      h
  -11.23430668501695     -1.74765045869492     -0.83314049538983      c
  -10.56386894201695     -3.97396140369492     -0.73488778338983      o
   -4.15254115001695      1.09501994030508      1.23565876461017      c
   -4.69496318501695      2.40339875230508     -0.26759350538983      h
   -5.64835867101695     -1.37977390969492      1.02737505561017      c
   -6.00146587801695     -1.95803119669492     -0.92444581938983      h
   -4.38212566101695     -3.34031794869492      2.39153007561017      o
   -2.58343665401695     -2.93270310769492      2.27383850761017      h
   -1.49831725101695      0.62209295630508      1.16937171261017      o
    0.33740396198305      2.27654617130508     -0.77031542138983      p
    1.40169291498305      4.51060952830509      0.59736431561017      o
   -1.01333192501695      2.57038023230508     -3.24800886638983      o
    2.63119872198305      0.23039395430508     -0.96791669738983      o
    2.15206001998305     -2.16574326369492     -2.16758732238983      c
    1.54934476598305     -1.85572237669492     -4.12183838438983      h
    0.65747762398305     -3.18542599069492     -1.15838860538983      h
    4.53139171598305     -3.74253138569492     -2.08708915238983      c
    4.09949162798305     -5.60055589969491     -2.90610376638983      h
    6.49791031198305     -2.55086431769492     -3.58306975638983      o
    8.90227294098305     -2.97067280469492     -2.49338723238983      c
   10.17044518698305     -3.87600537769492     -3.84446100238983      h
   10.05473991098305     -0.47005320369492     -1.85470690138983      n
    8.67580156398305      1.72235171030508     -1.80903335838983      c
    6.69024038798305      1.49347509030508     -2.25232962738983      h
    9.72555871398305      3.99391781330508     -1.24313147738983      c
    8.59230477698305      5.69578122930509     -1.23268790738983      h
   12.37424401498305      4.16537888830509     -0.64339046338983      c
   13.56609117398305      6.10299223630509     -0.09754235438983      o
   13.62529326598305      1.82562939330508     -0.69594544338983      n
   15.50036518698305      1.83296682130508     -0.27397322038983      h
   12.61609209198305     -0.50716420969492     -1.26340880438983      c
   13.86580077098305     -2.46989957469492     -1.26416941938983      o
    5.71155375398305     -4.12081805769491      0.52146857361017      c
    5.51556819298305     -2.41618108969492      1.67284895161017      h
    8.50832629898305     -4.61871569169491     -0.13605837238983      c
    9.81059411598305     -4.11498466169491      1.38988062561017      h
    8.81429051098305     -7.20103079269491     -0.85488028138983      o
    7.54492074498305     -8.12770120669492      0.12497231361017      h
    4.54691883798305     -6.24247087469491      1.72023326361017      o
    4.74590849698305     -6.06563919769491      3.53742117661017      h
$user-defined bonds
$end
