$coord
   -0.00000000000000      0.00000000000000     -1.69317131110113      pb
    1.97664813049231      3.42365499069871     -0.06509083671273      c
    1.97664813049231     -3.42365499069871     -0.06509083671273      c
   -3.95329626098461      0.00000000000000     -0.06509083671273      c
    1.88015368714587      3.25652171217460      1.98883307309680      h
    3.93966255772291      3.44775587487673     -0.67967589967484      h
    1.01601289482883      5.13572579476478     -0.67967589967484      h
   -4.95567545255175      1.68796991988806     -0.67967589967484      h
   -4.95567545255175     -1.68796991988806     -0.67967589967484      h
   -3.76030737429173      0.00000000000000      1.98883307309680      h
    1.01601289482883     -5.13572579476478     -0.67967589967484      h
    3.93966255772291     -3.44775587487673     -0.67967589967484      h
    1.88015368714587     -3.25652171217460      1.98883307309680      h
$user-defined bonds
$redundant
     number_of_atoms            13
     degrees_of_freedom          7
     internal_coordinates        7
     frozen_coordinates          0
# definitions of redundant internals
   1 k  1.7320508075689 stre   2    5           val=   2.06297
   2 k -0.7185666792583 bend   6    7    2      val=  -0.15563
       -0.6962999224953 bend   5    7    2
       -0.6962999224953 bend   5    6    2
        0.7098360527967 bend   1    7    2
        0.7098360527967 bend   1    6    2
        0.7115197253946 bend   1    5    2
   3 k  2.4494897427832 stre   2    6           val=   2.05711
   4 k  1.7320508075689 stre   1    2           val=   4.27542
   5 k -1.3266148116391 bend   6    7    2      val=   0.06491
        0.6780732944015 bend   5    7    2
        0.6780732944015 bend   5    6    2
       -0.2356843892170 bend   1    7    2
       -0.2356843892170 bend   1    6    2
        0.4576375134728 bend   1    5    2
   6 k  0.4606794445079 bend   6    7    2      val=  -0.89778
       -0.2326298566325 bend   5    7    2
       -0.2326298566325 bend   5    6    2
       -0.6660112825088 bend   1    7    2
       -0.6660112825088 bend   1    6    2
        1.3388050986444 bend   1    5    2
   7 k  0.5773502691896 bend   3    2    1      val= 106.40867
        0.5773502691896 bend   4    2    1
        0.5773502691896 bend   4    3    1
         7 non zero eigenvalues  of BmBt
           1           3.170757071    1    0
         1
           2           3.045162875    2    0
         2
           3           0.961682210    3    0
         3
           4           0.770222178    4    0
         4
           5           0.708247777    5    0
         5
           6           0.247433145    6    0
         6
           7           0.039921423    7    0
         7
$end
