$coord
       -1.26593122000000        2.40883938900000        0.00387771799999      C
        1.65630703600001        2.36017705500000       -0.00408558799999      C
        0.00868140099999       -1.84856208900000       -0.00225633300000      C
       -2.02422534800001       -0.34021303900000       -0.00021920800000      C
        2.36368438699999       -0.42887331400001       -0.00081069200000      C
       -4.72901472500001       -1.11450369700001        0.00000755900001      C
        4.69924587100000       -1.37792205199999        0.00278167700001      C
       -2.04215128899999        3.38920277700000       -1.64204716400000      H
       -2.03275368100000        3.38022657800001        1.65962350500000      H
        2.43911468900000        3.31333783699999        1.64522190300000      H
        2.42804656400001        3.30456195000000       -1.66375444600000      H
       -5.71220703200000       -0.35800103000001       -1.65359150000001      H
       -4.93998562400000       -3.16169866500001       -0.00286482500000      H
        6.34872343699999       -0.17064225700000        0.00433125199999      H
        5.02404063600000       -3.39611917400000        0.00432180300000      H
       -5.71051761700000       -0.36284439800000        1.65682671099999      H
       -0.05480205400000       -3.89169792500000       -0.00385126200000      H
$end
