$coord
        0.63281254200000        1.75248842000000        0.00000000000000      C
        0.05220935000001       -0.69142617300001        0.00000000000000      N
        0.70154187700000        3.08640631200000        2.58952365000000      B
        0.70154187700000        3.08640631200000       -2.58952365000000      B
        0.70154187700000       -2.12261960100001       -2.03584716299999      F
       -2.97204387500000       -1.42693209499999        0.00000000000000      F
        0.70154187700000       -2.12261960100001        2.03584716299999      F
        1.28663316900000        5.24891047000000        2.57893173600000      H
        0.18482087100000        2.00634665000000        4.48099574699999      H
        0.18482087100000        2.00634665000000       -4.48099574699999      H
        1.28663316900000        5.24891047000000       -2.57893173600000      H
$end
