$coord
   -1.52867501135916      1.39692920818925     -2.28110408782959      c
   -2.82665877696127      1.17142242565751      0.00000000000000      c
   -1.52867501135916      1.39692920818925      2.28110408782959      c
    1.06687957886606      1.84812277927995      2.28103899955750      c
    2.36477489117533      2.07322103157640      0.00000000000000      c
    1.06687957886606      1.84812277927995     -2.28103899955750      c
   -2.53527288790793      1.21693855896592     -4.05023097991943      h
   -4.83747225161642      0.80990374460817      0.00000000000000      h
   -2.53527288790793      1.21693855896592      4.05023097991943      h
    2.07329816464334      2.02358144894242      4.05099773406982      h
    4.37792939785867      2.42447311058641      0.00000000000000      h
    2.07329816464334      2.02358144894242     -4.05099773406982      h
    1.30370504502207     -5.52292126044631     -1.52325749397278      h
    1.30370504502207     -5.52292126044631      1.52325749397278      h
   -0.04770053084940     -3.25334494933486      0.00000000000000      h
    0.20925749186426     -5.15097683295607      0.00000000000000      n
$user-defined bonds
$redundant
     number_of_atoms            16
     degrees_of_freedom         24
     internal_coordinates       33
     frozen_coordinates          0
# definitions of redundant internals
   1 k  1.0000000000000 outp   11    6    4    5 val=   0.05812
   2 k  1.0000000000000 stre    5   11           val=   2.04357
   3 k  1.0000000000000 stre    2    8           val=   2.04305
   4 k  1.0000000000000 stre   15   16           val=   1.91495
   5 k  1.0000000000000 stre    4   10           val=   2.04363
   6 k  1.0000000000000 stre    1    7           val=   2.04339
   7 k  1.0000000000000 stre   16   14           val=   1.91219
   8 k -0.7045268585046 bend    5   10    4      val=   6.92449
        0.7045266613272 bend    3   10    4
        0.0853468753080 bend   15   10    4
   9 k  0.7045889783737 bend    2    7    1      val=   6.47788
       -0.7045826276293 bend    6    7    1
        0.0843664174730 bend   15    7    1
  10 k  0.8207688952002 bend   14   13   16      val=   0.82373
       -0.4039420878491 bend   15   13   16
       -0.4039420878491 bend   15   14   16
  11 k  0.5712603790496 bend   14   13   16      val= 105.62990
        0.5803712515831 bend   15   13   16
        0.5803712515831 bend   15   14   16
  12 k -0.3464505795945 bend    1   16   15      val=  40.54766
       -0.3464505795945 bend    3   16   15
        0.6164186855528 bend    4   16   15
        0.6164186855528 bend    6   16   15
  13 k  0.0033887588937 bend    1    8    2      val= 111.99287
        0.0033887588937 bend    3    8    2
        0.9999885162472 bend   15    8    2
  14 k  0.0603192884590 bend    5   10    4      val= 108.20946
       -0.0603794200070 bend    3   10    4
        0.9963512980267 bend   15   10    4
  15 k -0.0582745186581 bend    2    7    1      val= 103.19341
        0.0610373978126 bend    6    7    1
        0.9964328961568 bend   15    7    1
  16 k  1.0000000000000 tors    3   15    1    2 val=  14.36054
        1.0000000000000 tors    3   15    1    6
        1.0000000000000 tors    4   15    1    2
        1.0000000000000 tors    4   15    1    6
  17 k  1.0000000000000 tors    6    5    4    3 val=  29.77150
        1.0000000000000 tors    6    5    4   15
  18 k  1.0000000000000 tors    1   15    4    3 val=  62.06829
        1.0000000000000 tors    1   15    4    5
        1.0000000000000 tors    2   15    4    3
        1.0000000000000 tors    2   15    4    5
        1.0000000000000 tors    6   15    4    3
        1.0000000000000 tors    6   15    4    5
  19 k  1.0000000000000 stre    1    2           val=   2.63421
  20 k  1.0000000000000 stre    1    6           val=   2.63448
  21 k  1.0000000000000 stre    1   15           val=   5.38719
  22 k  1.0000000000000 stre    2   15           val=   5.22505
  23 k  1.0000000000000 stre    6   15           val=   5.69828
  24 k  1.0000000000000 bend    6    2    1      val= 120.00671
  25 k  1.0000000000000 bend    3    1    2      val= 119.98375
  26 k  1.0000000000000 stre    4    5           val=   2.63407
  27 k  1.0000000000000 bend    3    5    4      val= 120.00729
  28 k  1.0000000000000 bend   15    5    4      val=  79.99304
  29 k  1.0000000000000 bend    6    4    5      val= 119.98825
  30 k  0.5374422814422 bend    3    1   15      val=  51.04322
        0.5589325937335 bend    4    1   15
        0.4015569880085 bend    4    2   15
        0.4873419078656 bend    6    4   15
  31 k -0.7417789136531 bend    3    1   15      val=   2.52241
       -0.0143404181770 bend    4    1   15
        0.2655843734285 bend    4    2   15
        0.6156487117315 bend    6    4   15
  32 k -0.1093428210244 bend    3    1   15      val=   5.72557
       -0.0711664467655 bend    4    1   15
        0.8548644477879 bend    4    2   15
       -0.5021815013055 bend    6    4   15
  33 k  0.3859585273941 bend    3    1   15      val=  -0.48741
       -0.8260290823716 bend    4    1   15
        0.1934520661054 bend    4    2   15
        0.3623372301154 bend    6    4   15
        24 non zero eigenvalues  of BmBt
           1           2.820679872    1    0
         1
           2           2.381794588    2    0
         2
           3           2.275575979    3    0
         3
           4           2.202939894    4    0
         4
           5           2.149902903    5    0
         5
           6           2.014610645    6    0
         6
           7           2.010745138    7    0
         7
           8           1.519533825    8    0
         8
           9           1.148415387    9    0
         9
          10           0.965999690   10    0
        10
          11           0.744190907   11    0
        11
          12           0.616326635   12    0
        12
          13           0.559415039   13    0
        13
          14           0.490981549   14    0
        14
          15           0.185377141   15    0
        15
          16           1.491484092    0    0
         0.000000000         0.000000000         0.000000000         0.000000000
         0.000000000         0.000000000         0.000000000         0.000000000
         0.000000000         0.000000000         0.000000000         0.000000000
         0.000000000         0.000000000         0.000000000         0.001647740
         0.208890516         0.053544641         0.175772988         0.165835296
         0.516171458         0.420087216         0.637554160         0.035418198
        -0.022267772         0.078270681        -0.107409182        -0.087851753
         0.124024786        -0.055954363         0.000640299        -0.008032742
         0.002594548
          17           1.157372380    0    0
         0.000000000         0.000000000         0.000000000         0.000000000
         0.000000000         0.000000000         0.000000000         0.000000000
         0.000000000         0.000000000         0.000000000         0.000000000
         0.000000000         0.000000000         0.000000000         0.011844209
        -0.411032683        -0.012723451         0.176775167        -0.075797843
         0.551113007         0.061104821        -0.216563164        -0.347889154
         0.200143300         0.060019078         0.400949403         0.184531404
        -0.275029520        -0.022086049        -0.054358779        -0.028362301
        -0.003025774
          18           1.045807641    0    0
         0.000000000         0.000000000         0.000000000         0.000000000
         0.000000000         0.000000000         0.000000000         0.000000000
         0.000000000         0.000000000         0.000000000         0.000000000
         0.000000000         0.000000000         0.000000000        -0.044073800
        -0.010480638        -0.084768595         0.357005136        -0.663532129
        -0.060409021         0.252954542        -0.074167189         0.312188154
        -0.343784151         0.335555830         0.021703570        -0.007394594
        -0.128418063         0.025213444         0.033701250        -0.023162720
         0.048236269
          19           0.877380451    0    0
         0.000000000         0.000000000         0.000000000         0.000000000
         0.000000000         0.000000000         0.000000000         0.000000000
         0.000000000         0.000000000         0.000000000         0.000000000
         0.000000000         0.000000000         0.000000000        -0.048483013
        -0.442204026        -0.227759905        -0.114383975         0.357924495
         0.022581236         0.519785204        -0.292460839         0.287875391
        -0.272205973        -0.203521794        -0.152208903         0.069838075
         0.080457691        -0.036260744         0.101271028         0.088917817
        -0.020785378
          20           0.667399874    0    0
         0.000000000         0.000000000         0.000000000         0.000000000
         0.000000000         0.000000000         0.000000000         0.000000000
         0.000000000         0.000000000         0.000000000         0.000000000
         0.000000000         0.000000000         0.000000000        -0.118085798
        -0.204275985         0.536268334         0.444106396        -0.141720522
         0.041957121        -0.058719243        -0.117634657        -0.082508436
        -0.052645300        -0.426468341        -0.175834964        -0.092504032
         0.418057487         0.108598471        -0.049465258         0.009057351
         0.018920815
          21           0.637520271    0    0
         0.000000000         0.000000000         0.000000000         0.000000000
         0.000000000         0.000000000         0.000000000         0.000000000
         0.000000000         0.000000000         0.000000000         0.000000000
         0.000000000         0.000000000         0.000000000        -0.462147683
         0.383459395        -0.078658068         0.139308084         0.042528225
        -0.140256903         0.146369949         0.027813464        -0.077704481
        -0.203419693        -0.485582818         0.397554741         0.129375995
        -0.249042561        -0.155543882        -0.110435066         0.117038564
         0.000004392
          22           0.463771009    0    0
         0.000000000         0.000000000         0.000000000         0.000000000
         0.000000000         0.000000000         0.000000000         0.000000000
         0.000000000         0.000000000         0.000000000         0.000000000
         0.000000000         0.000000000         0.000000000        -0.138812622
        -0.019468936        -0.000812845         0.556126116         0.561112748
        -0.215965325        -0.130343182        -0.028209660         0.008588727
        -0.074186481         0.420086713         0.094630317         0.007399783
        -0.071812469         0.298891539        -0.019276043         0.076460680
        -0.005526877
          23           0.363491951    0    0
         0.000000000         0.000000000         0.000000000         0.000000000
         0.000000000         0.000000000         0.000000000         0.000000000
         0.000000000         0.000000000         0.000000000         0.000000000
         0.000000000         0.000000000         0.000000000         0.329607675
         0.303864974         0.199255622         0.029305299         0.020670946
        -0.273658269         0.618957459        -0.294149488        -0.278701940
         0.274906946         0.061362175         0.079347649        -0.116398141
         0.006851700         0.120552519        -0.076066426        -0.125138129
        -0.025116928
          24           0.259248660    0    0
         0.000000000         0.000000000         0.000000000         0.000000000
         0.000000000         0.000000000         0.000000000         0.000000000
         0.000000000         0.000000000         0.000000000         0.000000000
         0.000000000         0.000000000         0.000000000        -0.027365037
        -0.457582580         0.327184404        -0.120664867        -0.048841505
        -0.456276490         0.172629534         0.507062432        -0.049496608
         0.055346460         0.058825111         0.109804287         0.336524902
        -0.140658842        -0.072991463        -0.099445625        -0.038508828
        -0.002853631
$end
