$coord
    1.18636439704721      1.78937411632488      0.02993704139717       c
    2.74604986082437      3.14656786605882      0.08217852034080       h
   -1.14005287870858     -1.98199579077605     -0.08411737935314       h
   -2.68456006218641      0.62517242736416     -0.07964817704886       h
   -3.27124821685435     -1.34222144958308     -0.18148740807620       o
   -4.12577859469297     -1.80589977135697      1.36381535010357       h
   -1.01080505984987      2.66189090749631     -0.00613783047961       o
    2.02141169845578     -1.32983996396042      0.00244719534209       s
$end
