$coord
        2.64852646416027       -1.30937700725889        0.26816025775222      C
        1.89116285117603       -3.91532335291253        0.51888685866204      C
        3.11155518847482       -6.24261993522308        0.09854200356504      C
        1.77253321819380       -8.47288390340300        0.49880362177150      C
       -0.77602741173436       -8.43467599993329        1.29662223222847      C
       -2.04954583227447       -6.16152872951466        1.68482099391263      C
       -0.68389353599301       -3.93869609521941        1.27976993604611      C
        5.06513353733112       -6.28826722428859       -0.53506617979623      H
        2.69815223511561      -10.28187803984365        0.18389366734138      H
       -1.76740285559037      -10.21080357996255        1.59706663916928      H
       -4.01732137511716       -6.09431937410773        2.26836214438020      H
       -1.46387285951630       -1.44997222450207        1.43631597313333      N
        0.55034265195003        0.16977901694961        0.82751417385713      C
        0.33191190304531        2.92529029007203        1.05164954898122      C
        5.15401044431318       -0.40777422144542       -0.51655570908949      C
        7.35801547001212       -1.57287554152433        0.41646291743764      C
        9.74962976076744       -0.73239502793179       -0.32188353920234      C
        9.98963685866846        1.29178882987901       -2.00534258368852      C
        7.81285025814730        2.46276009415342       -2.95042077681529      C
        5.42368344480035        1.61721503634032       -2.22345852618496      C
        7.18030710769082       -3.11959155191514        1.75762935990200      H
       11.42941883644790       -1.65278842840412        0.42928840601860      H
       11.85233116856746        1.94734135631307       -2.57998680685818      H
        7.97819825367873        4.02985717164113       -4.27306486718839      H
        3.73876099733928        2.51820753422195       -2.97738318275024      H
       -1.69398779163744        4.27240002402797       -0.02640650737339      C
       -1.83566769872616        6.89788439276755        0.21837109366997      C
        0.04365129386875        8.22078280741800        1.52363373593369      C
        2.07232504790030        6.89828266826350        2.59122133021339      C
        2.21267312625267        4.27624130306820        2.36631527735175      C
       -3.13298082445221        3.27156111012014       -1.09337438530675      H
       -3.41072107176206        7.91004186269338       -0.63309069025685      H
       -0.06782136103277       10.26620992381033        1.70601220988482      H
        3.54324287188937        7.91198788621945        3.61037641570708      H
        3.78329330300662        3.24498892042197        3.19486468767880      H
       -3.84124187499735       -0.76380471487195        2.28035825431952      N
       -5.76832156944593       -0.37456904213773        0.47376899619836      C
       -7.94670233776373        0.95320415079972        1.21151680227635      C
       -9.92344519632073        1.29535353716531       -0.49741002299915      C
       -9.76180105808849        0.32369181001437       -2.95426857578584      C
       -7.58946783400809       -0.99629965002065       -3.67574877643144      C
       -5.59295168953067       -1.35412199593043       -1.98363266456409      C
       -8.07344876159213        1.71933648155597        3.11804893716883      H
      -11.59665659160932        2.33506516540427        0.09394181213923      H
      -11.30614126762192        0.59406581436382       -4.28283005289393      H
       -7.43360196061794       -1.76113715987993       -5.57860528946620      H
       -3.90937261349521       -2.37994009476155       -2.55450234258229      H
       -3.74895091986993        0.56230570730810        3.66081319253314      H
$end
