$coord
   -2.97786206778814     -3.20757835260837     -2.51110280555246      h
   -1.46722213188464     -2.48155292739436     -1.32830965877470      c
    3.72328820505249      0.67533372978614      0.00000000000000      h
    0.61655111406823     -1.10283480987052     -2.18722066296676      c
   -1.46722213188464     -2.48155292739436      1.32830965877470      c
    3.60925831872295     -2.67661051360189      0.00000000000000      h
    2.44568936129308     -0.94506719991403      0.00000000000000      c
   -0.68841664095879      2.84567724392108     -1.31141361267626      c
    1.20878956068570     -1.00248843431145     -4.14878906504375      h
   -0.68841664095879      2.84567724392108      1.31141361267626      c
   -2.97786206778814     -3.20757835260837      2.51110280555246      h
    0.61655111406823     -1.10283480987052      2.18722066296676      c
    1.20878956068570     -1.00248843431145      4.14878906504375      h
    0.86972346435870      3.69276422837956      2.34547771212909      h
   -2.45068124101534      2.72918504374899     -2.35070658580703      h
    0.86972346435870      3.69276422837956     -2.34547771212909      h
   -2.45068124101534      2.72918504374899      2.35070658580703      h
$user-defined bonds
$redundant
     number_of_atoms            17
     degrees_of_freedom         24
     internal_coordinates       30
     frozen_coordinates          0
# definitions of redundant internals
   1 k  1.0000000000000 stre    2    1           val=   2.05138
   2 k  1.0000000000000 stre    7    6           val=   2.08618
   3 k  1.0000000000000 stre    8   15           val=   2.04921
   4 k  1.0000000000000 stre    8   16           val=   2.05296
   5 k  1.0000000000000 stre    7    3           val=   2.06348
   6 k  1.0000000000000 stre    4    9           val=   2.05148
   7 k  0.6888808795551 bend   16   15    8      val=  11.23104
       -0.4603506034824 bend   10   15    8
       -0.4166254725257 bend   10   16    8
        0.2717611847054 bend    4   15    8
        0.2570788396331 bend    4   16    8
   8 k -0.7113389211454 bend    2    9    4      val=   6.52597
        0.6907913101293 bend    7    9    4
        0.1296314202405 bend    8    9    4
   9 k  0.7071344968533 bend    4    1    2      val=   0.05567
       -0.7070790644334 bend    5    1    2
  10 k -0.8628859890555 bend    6    3    7      val=   8.22550
        0.1762816609122 bend    4    3    7
        0.3108675939558 bend    4    6    7
        0.1762816609122 bend   12    3    7
        0.3108675939558 bend   12    6    7
  11 k  0.1441884886503 bend    6    3    7      val=   1.72089
       -0.5036637731367 bend    4    3    7
        0.4857238346016 bend    4    6    7
       -0.5036637731367 bend   12    3    7
        0.4857238346016 bend   12    6    7
  12 k  1.0000000000000 outp    1    5    4    2 val=   6.38351
  13 k -0.4886417984357 bend   16   15    8      val=  32.98101
       -0.0181088237765 bend   10   15    8
       -0.0048749439001 bend   10   16    8
        0.6216661049802 bend    4   15    8
        0.6118894934249 bend    4   16    8
  14 k -0.1646736660765 bend    2    9    4      val=  23.31752
       -0.3431069216633 bend    7    9    4
        0.9247487356075 bend    8    9    4
  15 k  0.0079300524025 bend   16   15    8      val=  -0.73994
        0.1575982738920 bend   10   15    8
       -0.1722772095780 bend   10   16    8
       -0.6772406989750 bend    4   15    8
        0.6976858154263 bend    4   16    8
  16 k  0.0117809986643 bend   16   15    8      val=   0.12442
        0.6712554737100 bend   10   15    8
       -0.7031582692603 bend   10   16    8
        0.1757018059833 bend    4   15    8
       -0.1548374012629 bend    4   16    8
  17 k  1.0000000000000 stre    2    4           val=   2.64210
  18 k  1.0000000000000 stre    2    5           val=   2.65662
  19 k  1.0000000000000 stre    4    7           val=   2.85562
  20 k  1.0000000000000 stre    8   10           val=   2.62283
  21 k  1.0000000000000 bend    5    4    2      val= 108.97080
  22 k  1.0000000000000 bend    7    2    4      val= 106.55979
  23 k  1.0000000000000 bend   12    4    7      val=  99.98053
  24 k  1.0000000000000 tors    7    4    2    5 val= -27.43750
        1.0000000000000 tors    8    4    2    5
  25 k  1.0000000000000 tors   12    7    4    2 val=  22.02833
        1.0000000000000 tors   12    7    4    8
  26 k  1.0000000000000 stre    4    8           val=   4.24979
  27 k  0.6325094405738 bend    8    2    4      val=  94.15399
        0.7745526499761 bend    8    7    4
  28 k  0.7745526499761 bend    8    2    4      val=  14.97642
       -0.6325094405738 bend    8    7    4
  29 k  1.0000000000000 bend    4   10    8      val= 101.89287
  30 k  1.0000000000000 tors   10    8    4    2 val=  14.62445
        1.0000000000000 tors   10    8    4    7
        24 non zero eigenvalues  of BmBt
           1           2.967430230    1    0
         1
           2           2.576338891    2    0
         2
           3           2.443483912    3    0
         3
           4           2.334716517    4    0
         4
           5           2.105536590    5    0
         5
           6           2.046217197    6    0
         6
           7           1.506658027    7    0
         7
           8           1.153603918    8    0
         8
           9           1.010824234    9    0
         9
          10           0.937790276   10    0
        10
          11           0.763679359   11    0
        11
          12           0.744034369   12    0
        12
          13           0.639286855   13    0
        13
          14           0.372763479   14    0
        14
          15           0.312020064   15    0
        15
          16           0.253957028   16    0
        16
          17           1.069887001   17    0
        17
          18           0.660154704   18    0
        18
          19           0.561279594   19    0
        19
          20           0.475256153   20    0
        20
          21           0.391839442    0    0
         0.000000000         0.000000000         0.000000000         0.000000000
         0.000000000         0.000000000         0.000000000         0.000000000
         0.000000000         0.000000000         0.000000000         0.000000000
         0.000000000         0.000000000         0.000000000         0.000000000
         0.000000000         0.000000000         0.000000000         0.000000000
         0.328423038        -0.701842668         0.632103771         0.000000000
         0.000000000         0.000000000         0.000000000         0.000000000
         0.000000000         0.000000000
          22           0.300142392    0    0
         0.000000000         0.000000000         0.000000000         0.000000000
         0.000000000         0.000000000         0.000000000         0.000000000
         0.000000000         0.000000000         0.000000000         0.000000000
         0.000000000         0.000000000         0.000000000         0.000000000
         0.000000000         0.000000000         0.000000000         0.000000000
         0.000000000         0.000000000         0.000000000        -0.472150607
         0.881517898         0.000000000         0.000000000         0.000000000
         0.000000000         0.000000000
          23           0.504866517    0    0
         0.000000000         0.000000000         0.000000000         0.000000000
         0.000000000         0.000000000         0.000000000         0.000000000
         0.000000000         0.000000000         0.000000000         0.000000000
         0.000000000         0.000000000         0.000000000         0.000000000
         0.000000000         0.000000000         0.000000000         0.000000000
         0.000000000         0.000000000         0.000000000         0.000000000
         0.000000000        -0.993466531        -0.038584061         0.090283376
         0.049556561        -0.030472628
          24           0.078205783    0    0
         0.000000000         0.000000000         0.000000000         0.000000000
         0.000000000         0.000000000         0.000000000         0.000000000
         0.000000000         0.000000000         0.000000000         0.000000000
         0.000000000         0.000000000         0.000000000         0.000000000
         0.000000000         0.000000000         0.000000000         0.000000000
         0.000000000         0.000000000         0.000000000         0.000000000
         0.000000000        -0.082481132        -0.242411528        -0.925416818
         0.015219366         0.278936548
$end
