$coord
        0.00000000000000      -11.99493525602856       -0.69507912857104      C
        0.00000000000000       -9.61157066554375        0.91822657189101      C
        0.00000000000000       -7.20874099444936       -0.66388714109117      C
        0.00000000000000       -4.80282401952191        0.91169959183366      C
        0.00000000000000       -2.40418943496773       -0.67715780078414      C
        0.00000000000000        0.00000000000000        0.90227384366286      C
        0.00000000000000        2.40418943496773       -0.67715780078414      C
        0.00000000000000        4.80282401952191        0.91169959183366      C
        0.00000000000000        7.20874099444936       -0.66388714109117      C
        0.00000000000000        9.61157066554375        0.91822657189101      C
        0.00000000000000       11.99493525602856       -0.69507912857104      C
        0.00000000000000      -13.69681448759782        0.46423117743507      H
       -1.66656648360999      -12.04900059358410       -1.90685843312714      H
        1.66656648360999      -12.04900059358410       -1.90685843312714      H
        1.65840609849403       -9.60416319312329        2.15002758418078      H
       -1.65840609849403       -9.60416319312329        2.15002758418078      H
        1.65797871679860       -7.20826161049997       -1.90048876449906      H
       -1.65797871679860       -7.20826161049997       -1.90048876449906      H
        1.65923301011441       -4.79772622131999        2.14641260421142      H
       -1.65923301011441       -4.79772622131999        2.14641260421142      H
        1.65911944309759       -2.40716107708722       -1.91233133231711      H
       -1.65911944309759       -2.40716107708722       -1.91233133231711      H
        1.65907370468613        0.00000000000000        2.13730649055737      H
       -1.65907370468613        0.00000000000000        2.13730649055737      H
        1.65911944309759        2.40716107708722       -1.91233133231711      H
       -1.65911944309759        2.40716107708722       -1.91233133231711      H
        1.65923301011441        4.79772622131999        2.14641260421142      H
       -1.65923301011441        4.79772622131999        2.14641260421142      H
        1.65797871679860        7.20826161049997       -1.90048876449906      H
       -1.65797871679860        7.20826161049997       -1.90048876449906      H
        1.65840609849403        9.60416319312329        2.15002758418078      H
       -1.65840609849403        9.60416319312329        2.15002758418078      H
        1.66656648360999       12.04900059358410       -1.90685843312714      H
        0.00000000000000       13.69681448759782        0.46423117743507      H
       -1.66656648360999       12.04900059358410       -1.90685843312714      H
$end
