$coord
        2.90423522461017        4.13250370294915       -6.19944585283051      H
        1.65991528861018        4.13858030594915       -4.85283920583051      O
        2.56789517861016        5.76950794394914       -2.87874242983051      C
        2.96839652461017        7.66510474594915       -3.61658178583051      H
        4.29107678261016        5.00268434894915       -2.01047532083050      H
        0.54327657861016        5.94512490494916       -0.86265178583051      C
        1.28982738261017        7.01745520894914        0.74030979716949      H
       -1.64309160538984        7.30554828294916       -1.87223165983051      O
       -3.86703018838982        5.82965678894915       -1.59205748283052      C
       -4.98612346338983        6.40440220894915        0.04599045316948      H
       -5.46552842738984        6.27607318394915       -3.82312619083052      N
       -4.40055501538984        6.12952644594916       -6.19005504783050      C
       -2.37672102938982        5.78044133194915       -6.18441723983051      H
       -5.75891556838983        6.42349996894916       -8.34079018183050      C
       -4.85737076238983        6.31473622194914      -10.17300935283050      H
       -8.44214147138983        6.89156015194915       -8.19932132483052      C
       -9.90325209538983        7.18446786994915       -9.99997980583051      O
       -9.36765858538982        7.00314261394915       -5.71796464583050      N
      -11.24938385438983        7.33185950494914       -5.51027449983052      H
       -8.04895790038983        6.69662244394916       -3.48826050983051      C
       -9.07018774638982        6.80711396694916       -1.40522235283051      O
       -0.44341890238983        3.38093359894915        0.06802163516948      C
        0.88496171461018        1.84886716494916       -0.30881504983051      H
       -2.95373922338983        3.06680614794915       -1.34688348783050      C
       -2.58244510438983        2.29595875994915       -3.22717785583051      H
       -4.70818483238984        1.45428878694915       -0.13350611483050      O
       -4.53722699138983        1.80970070394915        1.67122434716949      H
       -1.05330377738984        3.48091011894916        2.72999719016949      O
        1.14950577861018        2.37375348694914        4.66353666716948      P
        0.19399965761018        2.97162650794915        7.26119294216950      O
        3.69031361561016        3.18870632394915        3.72368806016949      O
        1.04615080661016       -0.67432445805085        4.15366043816949      O
       -1.06030691338983       -2.11346720605085        5.10132816416950      C
       -2.75125187138984       -1.70609255005085        3.97867181116950      H
       -1.42142429038983       -1.61725690905085        7.07771509916948      H
       -0.42982459238983       -4.89395768305085        4.94075399016949      C
       -1.98864198738984       -5.96138698305086        5.79651640416949      H
       -0.18332023038983       -5.65869256405085        2.31326442216948      O
        1.71621665061017       -7.51696104205086        2.04107679416948      C
        0.97589665161016       -9.17935356205086        1.07095231916949      H
        3.79333467361016       -6.46796942005086        0.42794149316948      N
        3.97874381661016       -3.93740219705085       -0.08714282083051      C
        2.47291339261018       -2.79982154405085        0.70527541116949      H
        5.91337253061017       -2.94730880005086       -1.44900314683051      C
        6.00732536061016       -0.94094174005085       -1.83259125583051      H
        7.88886694761018       -4.56608379905085       -2.38824250683051      C
        9.74649518661017       -3.92137751005085       -3.65482908383051      O
        7.57361322061017       -7.11664148805086       -1.72343879283050      N
        8.93065191061018       -8.34245344805086       -2.31356525983052      H
        5.64360299661018       -8.17463349705086       -0.33117088583051      C
        5.53511401661017      -10.44099680605084        0.18447675516949      O
        2.05626528361016       -5.70425121205085        6.16173221916949      C
        3.51364596761018       -4.27094941705086        5.85413755116950      H
        2.68557654161017       -8.14128909205086        4.70237998516949      C
        4.70164450961017       -8.60008432705085        4.71147277916949      H
        1.22332433361018      -10.18997089605085        5.67324749916949      O
        1.03642117361017       -9.84483833305085        7.48148510316949      H
        1.66814013161016       -6.13911061105084        8.79656394016948      O
        3.29928660061016       -6.05354665205086        9.63719966516949      H
$eht charge=-1 unpaired=0
$end
