$coord
   -3.71965269053802      2.01646496165197      2.53803707968747      h
   -2.10546707183414      1.91726753990432      1.29298310852704      c
    0.43316716147899      1.37822489886466      2.07765998019642      c
   -2.10546707183414      1.91726753990432     -1.29298310852704      c
    3.74626240411857      1.33471394243734      0.00000000000000      h
    1.95544781362971      1.99899821810114      0.00000000000000      n
    0.43316716147899     -2.52110512878242      1.33527519125640      c
    1.16394524925174      1.64337433674846      3.96877937225775      h
    0.43316716147899     -2.52110512878242     -1.33527519125640      c
   -3.71965269053802      2.01646496165197     -2.53803707968747      h
    0.43316716147899      1.37822489886466     -2.07765998019642      c
    1.16394524925174      1.64337433674846     -3.96877937225775      h
    2.18233595575741     -2.95747136128690     -2.31637970096436      h
   -1.23835087446912     -3.14361132736933      2.33950995532573      h
    2.18233595575741     -2.95747136128690      2.31637970096436      h
   -1.23835087446912     -3.14361132736933     -2.33950995532573      h
$user-defined bonds
$redundant
     number_of_atoms            16
     degrees_of_freedom         22
     internal_coordinates       28
     frozen_coordinates          0
# definitions of redundant internals
   1 k  1.0000000000000 stre    3    8           val=   2.04467
   2 k  1.0000000000000 stre    6    5           val=   1.91005
   3 k  1.0000000000000 stre    2    1           val=   2.04098
   4 k  1.0000000000000 stre    7   14           val=   2.04694
   5 k  1.0000000000000 stre    7   15           val=   2.05246
   6 k  0.6303242139886 bend   15   14    7      val=   7.87596
       -0.5026726189584 bend    9   14    7
       -0.4329492142294 bend    9   15    7
        0.2950840690164 bend    3   14    7
        0.2747580636126 bend    3   15    7
   7 k  0.6990772218458 bend    6    8    3      val=   1.14545
       -0.7117236711656 bend    2    8    3
        0.0688509535078 bend    7    8    3
   8 k  0.7074847188372 bend    4    1    2      val=   1.36092
       -0.7067286414260 bend    3    1    2
   9 k  1.0000000000000 outp    1    3    4    2 val=  -6.70333
  10 k -0.5774187419873 bend   15   14    7      val=  22.31840
       -0.0522114452343 bend    9   14    7
       -0.0217649952984 bend    9   15    7
        0.5818975742620 bend    3   14    7
        0.5698974113260 bend    3   15    7
  11 k -0.3545804876096 bend    6    8    3      val=  14.16939
       -0.2614348493667 bend    2    8    3
        0.8977329766379 bend    7    8    3
  12 k  0.7071067811865 bend    3    5    6      val= 117.20772
        0.7071067811865 bend   11    5    6
  13 k  0.0105653899867 bend   15   14    7      val=  -0.99827
        0.2075133253828 bend    9   14    7
       -0.2343367740626 bend    9   15    7
       -0.6540414829771 bend    3   14    7
        0.6885801385387 bend    3   15    7
  14 k -0.0090826790648 bend   15   14    7      val=   0.18457
       -0.6426010750679 bend    9   14    7
        0.6985340563834 bend    9   15    7
       -0.2399503512233 bend    3   14    7
        0.2036059043421 bend    3   15    7
  15 k  1.0000000000000 stre    2    4           val=   2.58597
  16 k  1.0000000000000 stre    2    3           val=   2.71126
  17 k  1.0000000000000 stre    3    6           val=   2.64941
  18 k  1.0000000000000 stre    7    9           val=   2.67055
  19 k  1.0000000000000 bend    3    4    2      val= 106.82286
  20 k  1.0000000000000 bend    2    6    3      val= 105.33419
  21 k  1.0000000000000 bend   11    3    6      val= 103.29303
  22 k  1.0000000000000 tors    6    3    2    4 val= -27.44919
        1.0000000000000 tors    7    3    2    4
  23 k  1.0000000000000 tors   11    6    3    2 val=  16.00711
        1.0000000000000 tors   11    6    3    7
  24 k  1.0000000000000 stre    3    7           val=   3.96937
  25 k  0.8811721123376 bend    7    6    3      val=  95.95148
        0.4727956307311 bend    7    2    3
  26 k -0.4727956307311 bend    7    6    3      val=  30.75468
        0.8811721123376 bend    7    2    3
  27 k  1.0000000000000 bend    3    9    7      val= 100.77941
  28 k  1.0000000000000 tors    9    7    3    2 val=  17.91954
        1.0000000000000 tors    9    7    3    6
        22 non zero eigenvalues  of BmBt
           1           2.587062617    1    0
         1
           2           2.392632844    2    0
         2
           3           2.315259718    3    0
         3
           4           2.178103551    4    0
         4
           5           2.025432573    5    0
         5
           6           1.486688748    6    0
         6
           7           1.137914292    7    0
         7
           8           1.025551806    8    0
         8
           9           0.955795597    9    0
         9
          10           0.787259368   10    0
        10
          11           0.664600474   11    0
        11
          12           0.412585477   12    0
        12
          13           0.321067340   13    0
        13
          14           0.256507756   14    0
        14
          15           1.044316402   15    0
        15
          16           0.702479726   16    0
        16
          17           0.564350768   17    0
        17
          18           0.532955303   18    0
        18
          19           0.479987643    0    0
         0.000000000         0.000000000         0.000000000         0.000000000
         0.000000000         0.000000000         0.000000000         0.000000000
         0.000000000         0.000000000         0.000000000         0.000000000
         0.000000000         0.000000000         0.000000000         0.000000000
         0.000000000         0.000000000         0.306675366        -0.661209973
         0.684654360         0.000000000         0.000000000         0.000000000
         0.000000000         0.000000000         0.000000000         0.000000000
          20           0.511051795    0    0
         0.000000000         0.000000000         0.000000000         0.000000000
         0.000000000         0.000000000         0.000000000         0.000000000
         0.000000000         0.000000000         0.000000000         0.000000000
         0.000000000         0.000000000         0.000000000         0.000000000
         0.000000000         0.000000000         0.000000000         0.000000000
         0.000000000        -0.396855770         0.917880982         0.000000000
         0.000000000         0.000000000         0.000000000         0.000000000
          21           0.561154375    0    0
         0.000000000         0.000000000         0.000000000         0.000000000
         0.000000000         0.000000000         0.000000000         0.000000000
         0.000000000         0.000000000         0.000000000         0.000000000
         0.000000000         0.000000000         0.000000000         0.000000000
         0.000000000         0.000000000         0.000000000         0.000000000
         0.000000000         0.000000000         0.000000000        -0.989858356
        -0.040104732         0.121875606         0.046849610        -0.039031997
          22           0.083432586    0    0
         0.000000000         0.000000000         0.000000000         0.000000000
         0.000000000         0.000000000         0.000000000         0.000000000
         0.000000000         0.000000000         0.000000000         0.000000000
         0.000000000         0.000000000         0.000000000         0.000000000
         0.000000000         0.000000000         0.000000000         0.000000000
         0.000000000         0.000000000         0.000000000        -0.120467745
        -0.137851017        -0.943464695         0.020630088         0.275560135
$end
