$coord
     2.608782433    -1.160813039     1.219887896     O 
     1.436184912     2.535353332    -0.725962125     O 
     1.062728909     0.325793787     0.178052572     C 
    -0.945051741    -0.367098228     0.002744506     H 
     4.355808298     3.808243052    -0.545499756     H 
     6.116785783     4.490946213    -0.495533889     O 
     7.723598438     2.338204417    -0.617784421     C 
     9.547071221     2.821545776     0.276003948     H 
     6.876690127     0.707825688     0.368000534     H 
     8.114794698     1.773355190    -2.599568092     H 
$end
