$coord
        0.00000000000000       -2.35916157533293       -2.76248120489604      C
        0.00000000000000        2.35916157533293       -2.76248120489604      C
       -2.35164625783932        0.00000000000000        0.60966011900555      C
        2.35164625783932        0.00000000000000        0.60966011900555      C
        0.00000000000000        0.00000000000000       -4.43386470000706      C
       -2.36973383881034       -2.34137551647013       -1.10004060048369      C
       -2.36973383881034        2.34137551647013       -1.10004060048369      C
        2.36973383881034        2.34137551647013       -1.10004060048369      C
        2.36973383881034       -2.34137551647013       -1.10004060048369      C
        0.00000000000000        0.00000000000000        2.33912761782588      C
       -1.66627796989935        0.00000000000000       -5.65652400094531      H
        1.66627796989935        0.00000000000000       -5.65652400094531      H
       -2.48372217659083       -4.07361415846661        0.01116104632559      H
       -2.48372217659083        4.07361415846661        0.01116104632559      H
        2.48372217659083        4.07361415846661        0.01116104632559      H
        2.48372217659083       -4.07361415846661        0.01116104632559      H
       -4.05322604332731       -2.29185581095619       -2.29861705540677      H
       -4.05322604332731        2.29185581095619       -2.29861705540677      H
        4.05322604332731        2.29185581095619       -2.29861705540677      H
        4.05322604332731       -2.29185581095619       -2.29861705540677      H
        0.00000000000000        2.30579536113476        4.08620406233628      C
        0.00000000000000       -2.30579536113476        4.08620406233628      C
        0.00000000000000       -4.04971404452281       -3.94805398791772      H
        0.00000000000000        4.04971404452281       -3.94805398791772      H
       -4.04285005178305        0.00000000000000        1.80334896298250      H
        4.04285005178305        0.00000000000000        1.80334896298250      H
        1.66677584224801        2.26543618969534        5.30182837415231      H
        1.66677584224801       -2.26543618969534        5.30182837415231      H
       -1.66677584224801       -2.26543618969534        5.30182837415231      H
       -1.66677584224801        2.26543618969534        5.30182837415231      H
        0.00000000000000        4.09823416771782        3.08655106135033      H
        0.00000000000000       -4.09823416771782        3.08655106135033      H
$end
