$coord
        0.00000000000000        0.00000000000000       -2.60071375593475      Si
        0.00000000000000       -2.55789054801432       -0.14364390707288      C
        0.00000000000000        2.55789054801432       -0.14364390707288      C
        0.00000000000000       -1.40438438506763        2.12399029295469      C
        0.00000000000000        1.40438438506763        2.12399029295469      C
       -2.27586734412312        0.00000000000000       -4.25068071964161      H
        2.27586734412312        0.00000000000000       -4.25068071964161      H
        0.00000000000000       -4.59399354915346       -0.34228819443963      H
        0.00000000000000        4.59399354915346       -0.34228819443963      H
        0.00000000000000       -2.41440927163397        3.91297940616679      H
        0.00000000000000        2.41440927163397        3.91297940616679      H
$end
