$coord
   -3.32631148980870      1.09102844888502      0.17429150204109       n
   -3.77579270425515      2.81839999076862     -0.49861211213562       h
   -0.66644291233756      0.52908358594809      0.25559942147472       c
   -0.16182562015151     -0.16652396405748      2.12937651528264       h
   -0.01726798036523     -1.52474094832930     -1.67771015706780       c
    0.70324067781222      3.01571000399313     -0.29946176472286       c
   -0.05869709383738     -0.78146858809819     -3.59968287380105       h
   -1.46150148623293     -2.98958949644540     -1.55207585587179       h
    2.47108487989728     -2.80500927428096     -1.22771740977071       c
   -0.43506882272150      4.82149620305978     -1.22002764765907       o
    2.90515293928870     -4.61307713678030     -2.96214646378342       o
    3.94777122596628     -2.36135544530784      0.47473283686023       o
    3.18148481736578      3.01239347272468      0.27168539472525       n
    4.80272377250370      5.15162257655927     -0.25193238447482       c
    3.91734484729627      1.37807222236325      0.92907662151705       h
    3.62788486187583      6.65627871373020     -1.00058204897044       h
    5.72234558804372      5.80233579008944      1.46767185960156       h
    6.24226895459884      4.66400795773928     -1.63834964241809       h
   -5.06162432018853     -0.54790097846627      1.10208514010165       c
   -7.76841415956434      0.34062874345042      1.00866987227892       c
   -4.45901739834904     -2.61702841135309      1.96472230252142       o
   -8.46268283767971      0.51720409362791      2.93543960781302       h
   -8.89888742985948     -1.09304948111223      0.06788741620158       h
   -7.99240529516597      2.13856088688451      0.04102148966017       h
    4.51192232299974     -5.36759665725960     -2.50973635754521       h
$end
