$coord
        1.11597390400000        2.71688740200000       -0.96758587014287      C
       -0.65081596199999        3.77445932499999       -1.05036531714286      H
        1.32969813400000        1.71116389200001       -2.74902867214286      H
        2.65655034100000        4.07413963100000       -0.83322824214286      H
        1.11597390400000        0.91376944400000        1.27837803585713      C
        2.87383481500000       -0.16962558400001        1.29665735485714      H
        1.08755620499999        2.00941934500000        3.02517271085713      H
       -1.11597390400000       -0.91376944400000        1.27837803585713      C
       -2.87383481500000        0.16962558400001        1.29665735485714      H
       -1.08755620499999       -2.00941934500000        3.02517271085713      H
       -1.11597390400000       -2.71688740200000       -0.96758587014287      C
        0.65081596199999       -3.77445932499999       -1.05036531714286      H
       -2.65655034100000       -4.07413963100000       -0.83322824214286      H
       -1.32969813400000       -1.71116389200001       -2.74902867214286      H
$end
