$coord
        3.62649745500000       -0.35908736499999        0.00000000000000      H
        2.09851565400001        0.61286522400001        0.00000000000000      O
        0.01528626500001       -1.09098866599999        0.00000000000000      C
       -2.37806531400001        0.47350697499999        0.00000000000000      C
        0.07106551600000       -2.30780621800001        1.67353188900001      H
        0.07106551600000       -2.30780621800001       -1.67353188800000      H
       -4.03827604000000       -0.74827286400001        0.00000000000000      H
       -2.44264036000001        1.67639689600000       -1.67076344000001      H
       -2.44264036000001        1.67639689600000        1.67076344000001      H
$end
