$coord
       -4.44519235200000        3.43532456800000        5.94996601800000      H
       -5.86987910000000        3.25346213700000        4.46831948999999      C
       -6.41625212799999        5.16363393400000        3.89585391400000      H
       -7.53204273600000        2.28798479100000        5.22369518100000      H
       -4.69660101999999        1.91891404299999        2.21662805300001      C
       -2.52489485700000        2.36583494900000        1.52288668299999      O
       -6.18490919800000        0.15197946400000        1.04659947199999      N
       -8.01977818000001        0.10561392000000        1.57027048400001      H
       -5.62498569299999       -0.83117888199999       -1.49970637000000      C
       -6.95837097800001       -2.39124300200001       -1.79394511600001      H
       -5.98759219900001        1.14951610400000       -3.57114232700000      C
       -4.70500302399999        2.73857912800001       -3.27697805200001      H
       -5.56496883099999        0.32566959899999       -5.41436877099999      H
       -7.93620420100001        1.84070348200000       -3.57044751300000      H
       -2.95188896699999       -2.00834114700000       -1.62071537600001      C
       -1.53939415400000       -1.64577171900000       -3.41056351500000      O
       -2.38131317600000       -3.61020800300000        0.31124967900000      N
       -3.58942549200001       -3.70942021099999        1.78366586999999      H
        0.04732992699999       -4.90061226100000        0.45636549600001      C
        0.06348695800000       -6.03789857299999        2.18084117599999      H
        0.29317824700000       -6.15606683800000       -1.16446801800000      H
        2.38562822400000       -3.15572439500001        0.45478516500000      C
        4.27611829400001       -3.75864054300001       -0.72080736800000      O
        2.25163219600000       -1.14404449000000        2.06949215599999      N
        0.49948680700000       -0.55559698899999        2.55822516500001      H
        4.27446659500000        0.75470266200001        2.24131532500001      C
        3.50756872999999        2.24318079200000        3.46470896399999      H
        6.67563476800000       -0.31056944000000        3.44180793900000      C
        7.45542801199999       -1.80713268000000        2.26138696100001      H
        8.08864281400001        1.18163369800000        3.60971618899999      H
        6.24975630000000       -1.06491674700001        5.31997436600001      H
        4.85629604299999        2.04200461399999       -0.33095165100001      C
        7.03149460500001        2.47084175600000       -1.00147099500001      O
        2.77478370300000        2.83006083600001       -1.62469154800000      N
        1.05619170500000        2.24645032100000       -1.03340584900000      H
        2.95569594600001        3.87885390200000       -4.15217623000000      C
        2.12271843500000        2.59623167299999       -5.54675538899999      H
        1.99195456100000        5.70896597500001       -4.26550599600000      H
        4.95422544100000        4.14539952700000       -4.57866354500001      H
$end
