$coord
        5.64507774571696        0.09338163876414        2.73736994258224      N
        3.28228169476836       -0.04826815465736        1.34318598205421      C
        3.47888628787792       -2.28757845439329       -0.48440400758646      C
        5.74007438469984       -3.15692141412365       -0.82954942903633      O
        6.84652854020317       -2.19105627657426        0.32108289399765      H
        1.65897590931113       -3.18725997135623       -1.55340991764429      O
        5.56062018142042       -0.77703482962561        4.43572891757332      H
        1.66091797387970       -0.41374855422866        2.58514433176989      H
        2.84900608332293        2.45425025397590       -0.07268697740544      C
        4.59177000889501        2.92212130458922       -1.08512227104490      H
        2.61491627774081        3.91506584276449        1.37458072410263      H
        0.67234295068174        2.67722844303066       -1.96033416962503      C
        0.98889585620919        1.49413802426781       -3.62327274978302      H
        0.72067040471678        4.61717021464890       -2.66376176014159      H
       -1.99365569922683        2.22423076074554       -0.95447525169991      C
       -2.22996659661961        3.16456426658785        0.87762266479884      H
       -3.33082011720673        3.08655815037681       -2.27784903111363      H
       -4.94177286697190       -3.97963425210806       -0.12647037328767      N
       -6.60445464392870       -4.83791644767778        0.19618601463627      H
       -3.48678281412080       -5.09446130024271       -0.64135903871371      H
       -1.00995231183627       -1.66946381156678       -1.13230917693197      H
       -2.51113857047953       -0.46282010868794       -0.74193602861740      N
       -4.71387921315871       -1.46813098146463       -0.18457262614659      C
       -6.71625903251781       -0.03400155327922        0.34581614505988      N
       -8.41130410559532       -0.78675545905655        0.75520378807420      H
       -6.61001667917702        1.86276725373189        0.34165153063540      H
        6.24903835139524        1.88357541555947        3.01793987349334      H
$eht charge=1 unpaired=0
$end
