$coord
   -3.72084618921210      0.16549276608746      0.33783578940663       c
   -5.47429661175083      0.55561160841264     -0.66696183106679       h
   -3.16237542516041     -2.42772738346592     -0.15206248246104       o
   -1.66233349758938      1.97924434952657     -0.54465875574643       c
   -1.49763441647773      1.86481198354968     -2.60019701843599       h
   -2.30433771561915      3.89195522136650     -0.10649929567104       h
    0.92429150776023      1.50343209625343      0.68209853739121       c
    0.68940421862094      0.71042175267090      2.57661701574985       h
    1.94935266155658      3.27506357391665      0.91915145267878       h
   -1.97815775700016     -2.97838979913653      1.10832248721130       h
   -4.07742239267856      0.45355694860615      2.35500316296795       h
    2.58063835296063     -0.26406466063104     -0.86168488097773       c
    1.59439595338601     -2.03751594456023     -1.23927483904187       h
    2.99629306451949      0.62109628809552     -2.68562964717762       h
    4.84388964299858     -0.68518257044008      0.54079993498308       o
    5.91978065031729     -1.75796686799632     -0.45197524783292       h
$end
