$coord
    0.00000000000000      0.00000000000000     -1.27393248486998      c
    0.00000000000000      0.00000000000000      1.27393248486998      c
    2.36352606980605     -0.04690737057179     -2.89087234952659      c
   -2.36352606980605      0.04690737057179     -2.89087234952659      c
    2.36352606980605      0.04690737057179      2.89087234952659      c
   -2.36352606980605     -0.04690737057179      2.89087234952659      c
    4.10165407882318     -0.37673418700098     -1.83738112627161      h
    2.56279828048488      1.73665473811872     -3.93464331673998      h
    2.19917099976586     -1.54272211120634     -4.31930185999226      h
   -4.10165407882318      0.37673418700098     -1.83738112627161      h
   -2.19917099976586      1.54272211120634     -4.31930185999226      h
   -2.56279828048488     -1.73665473811872     -3.93464331673998      h
    4.10165407882318      0.37673418700098      1.83738112627161      h
    2.56279828048488     -1.73665473811872      3.93464331673998      h
    2.19917099976586      1.54272211120634      4.31930185999226      h
   -4.10165407882318     -0.37673418700098      1.83738112627161      h
   -2.19917099976586     -1.54272211120634      4.31930185999226      h
   -2.56279828048488      1.73665473811872      3.93464331673998      h
$redundant
     number_of_atoms            18
     degrees_of_freedom         13
     internal_coordinates       13
     frozen_coordinates          0
# definitions of redundant internals
   1 k  1.0000000000000 stre    3    9           val=   2.07482
   2 k  1.0000000000000 stre    3    8           val=   2.07612
   3 k  1.0000000000000 stre    1    2           val=   2.54786
   4 k  1.0000000000000 stre    3    7           val=   2.05906
   5 k  0.4361800912945 bend    9    7    3      val=   1.64128
        0.4601143862902 bend    8    7    3
        0.3646278932089 bend    8    9    3
       -0.3855746510971 bend    1    7    3
       -0.4006778548703 bend    1    9    3
       -0.3948134040646 bend    1    8    3
   6 k  1.0000000000000 stre    1    4           val=   2.86408
   7 k -0.3098213527793 bend    9    7    3      val=   1.96830
       -0.2767869773271 bend    8    7    3
        0.6951772738896 bend    8    9    3
       -0.4909325316964 bend    1    7    3
        0.2142735318161 bend    1    9    3
        0.2391659660086 bend    1    8    3
   8 k  0.6135566225674 bend    9    7    3      val=   0.64721
       -0.6119691922958 bend    8    7    3
        0.0305512156638 bend    8    9    3
       -0.0154967266984 bend    1    7    3
        0.3534177540042 bend    1    9    3
       -0.3506627217459 bend    1    8    3
   9 k  1.0000000000000 tors    7    3    1    2 val=  98.56895
        1.0000000000000 tors    7    3    1    4
        1.0000000000000 tors    9    3    1    2
        1.0000000000000 tors    9    3    1    4
        1.0000000000000 tors    8    3    1    2
        1.0000000000000 tors    8    3    1    4
  10 k -0.8164965809277 bend    4    3    1      val=   6.55744
        0.4082482904639 bend    2    3    1
        0.4082482904639 bend    2    4    1
  11 k  1.0000000000000 tors    3    1    2    5 val=  92.27393
        1.0000000000000 tors    3    1    2    6
        1.0000000000000 tors    4    1    2    5
        1.0000000000000 tors    4    1    2    6
  12 k -0.2049695599546 bend    9    7    3      val=   0.86350
       -0.2454354613911 bend    8    7    3
        0.4902470589259 bend    8    9    3
        0.6471638952451 bend    1    7    3
       -0.3834136752578 bend    1    9    3
       -0.3026211845110 bend    1    8    3
  13 k -0.3687263432479 bend    9    7    3      val=   0.10712
        0.3346485590724 bend    8    7    3
        0.0326505557708 bend    8    9    3
        0.0420934410951 bend    1    7    3
        0.5932062033477 bend    1    9    3
       -0.6303330147154 bend    1    8    3
        13 non zero eigenvalues  of BmBt
           1           4.333524977    1    0
         1
           2           3.902753398    2    0
         2
           3           3.294430485    3    0
         3
           4           2.343430730    4    0
         4
           5           0.878766778    5    0
         5
           6           0.752289387    6    0
         6
           7           0.683899553    7    0
         7
           8           0.564123023    8    0
         8
           9           0.360742518    9    0
         9
          10           0.354376998   10    0
        10
          11           0.144421861   11    0
        11
          12           0.073644863   12    0
        12
          13           0.042341099   13    0
        13
$user-defined bonds
$end
