$coord
       -5.66391450326922       -1.25733471173076       -0.75197909969231      C
       -3.00054603026923       -1.77554671073076        0.28545401330770      C
       -0.97150188126923       -0.22070473273077       -1.08468236769231      C
        1.69510936173076       -0.44197085873077        0.03195105130769      C
        2.80597722573076        2.20016276226922       -0.40084911269232      C
        4.78470931073078        2.69421461526923        1.35659227830768      O
        0.47443140873077        3.88488371826924       -0.04783129069231      C
       -6.59095171326924        1.12473292926923        0.11123639430770      O
        2.96977111573077       -2.44490655373076       -1.19953424369232      O
       -2.96124161926922       -1.36153420273077        2.94388841130769      O
       -1.60247005126923        2.44982580126922       -1.04242809469231      O
        5.13411775673077       -3.36872745073077        0.11475695430769      C
       -6.98140311726923       -2.67401126373078       -0.02648305569230      H
       -5.66405434226923       -1.36478642073076       -2.82701917969230      H
       -2.53184107226923       -3.77218583873077       -0.03074060869230      H
       -0.90755922226923       -0.83111646273078       -3.06888709869232      H
        1.59341186773078       -0.78567611173078        2.07812367630768      H
        3.51295584373078        2.30978765726922       -2.35074019969232      H
        5.64890935173076        4.23138009626922        0.88509241530768      H
        0.56871739773077        5.67500981126923       -1.08083299569230      H
        0.19545116073076        4.27394239526924        1.97242374330769      H
       -5.39622347826923        2.39889579626923       -0.45999564669230      H
       -4.18479384526924       -0.03581205173078        3.28024263030769      H
        6.61143939573077       -1.92554938073077        0.26838222830770      H
        4.62351190373077       -4.01177285873077        2.02241266430770      H
        5.83798777573077       -4.97119997273077       -0.97855346669231      H
$end
