$coord
    0.68391902268453      0.21679405065309     -2.81441127558071      b
   -2.67199537993843     -3.97743927106200      0.03497540139192      p
    2.02325266152397     -0.16048070975416     -0.41980608052722      h
    4.26224346168617      3.65384961705338     -2.81836810458488      h
   -2.80378310343644      1.84796600006216      0.15107304476153      b
    1.58317082705122      3.77079801391042     -2.86230158107979      p
    2.63670178694113      3.13142099211650      2.24139937019049      h
   -6.27112533979613     -3.92471014080274      1.62562669834852      cl
   -0.92594349239390     -2.94451283088352      2.60616476876177      n
   -1.79532342290201     -1.56841672860834      3.65515689388732      h
   -3.01460634915379     -0.47748181717446     -2.44834110183776      p
    2.18249449208515     -2.23505035804805      1.77725119258081      si
    3.26068149442689     -4.54078259646428      0.57204329987377      h
    1.73744972267909     -1.18654391698320     -4.24063427353503      h
    0.94405328902426      4.99525793054843      1.18501287451328      p
   -1.83118967048165      3.39933176543682      1.75515887283605      n
$user-defined bonds
$end
