$coord
       -1.30271191532766        3.24874510404782        1.14932050407845      P
       -3.78860479050170        1.31526749631053       -1.68180149453185      P
       -4.03857213841503       -2.66883593731506       -0.47478588680616      P
       -0.45968933812647       -3.27129205808962        1.72586162434647      P
        2.17174732302909       -2.63185388142664       -1.52399172041421      P
        4.52548437168551        0.51262018852890       -0.01362626881703      P
        2.10953285554636        3.67412464131458       -1.31752475305214      P
       -2.25167199615125        5.68982890603214        0.52652815423368      H
       -1.93806155705690        0.85886934908434       -3.57026996615608      H
       -5.54882312697971       -2.08556850959035        1.66820347131146      H
       -0.46175754812310       -5.94069054237236        1.35956002879974      H
        3.87983541137013       -4.53036067058285       -0.69769221149592      H
        3.75854849482951        0.38602568148757        2.55890286268818      H
        3.34474395422134        5.44312023257095        0.29131565581537      H
$end
