$coord
       -4.78132756117646       -0.75752783623530       -4.32975521079413      C
       -4.83708043917647       -1.82562864723529       -6.08996431979413      H
       -4.82602596617646       -2.11111896123529       -2.77762599479412      H
       -6.49309932617646        0.37955635776472       -4.22494174579412      H
       -2.41118401117647        0.86992357276471       -4.19989624979412      C
       -2.41482552117647        1.96895593876472       -2.45178511379413      H
       -2.41908714617646        2.23982508576470       -5.74414800379412      H
        0.00456900682353       -0.68787418023528       -4.33412777679412      C
        0.01519726982353       -2.06869098823529       -2.79430598779413      H
        0.01221098282353       -1.78354959323528       -6.08744015879411      H
        2.39720545382352        0.90537750676471       -4.20113535979411      C
        2.38527444382353        2.00492201976471       -2.45337065179412      H
        2.38454695482354        2.27478778476471       -5.74580439579411      H
        4.79079437282352       -0.68732331623530       -4.33092696579412      C
        4.86160990782353       -1.75556997223529       -6.09052307079413      H
        6.48590673582354        0.47455507076470       -4.22719734379412      H
        4.85550131582353       -2.03920558023529       -2.77800736279413      H
       -0.00058220917647        0.15246332876470        4.28739512020588      C
        0.00144309182352       -0.11234606223528        7.15927398120588      C
       -1.67481193917647        0.76463049576471        7.97822342520587      H
        0.01892589582352       -2.09803280523529        7.71298234620589      H
        1.66187015182353        0.79408852676472        7.97874056020589      H
       -2.34281317317647       -1.13567223023530        3.20288418820589      C
       -2.38684230317647       -0.96756764123529        1.14907483020588      H
       -2.36565170017646       -3.14119381723530        3.68100981020587      H
       -4.06424719817647       -0.28096568523529        3.94948680720589      H
        2.36649822682353       -1.09010862423528        3.20369331720588      C
        2.40680000882352       -0.92327290823529        1.14961604520588      H
        2.42910585782353       -3.09427800823529        3.68385817720587      H
        4.07067624382353       -0.20072172523529        3.94904116320588      H
       -0.02750678817648        2.94886565976472        3.57946355820588      C
        1.63123042982353        3.91373521776472        4.33337943820587      H
       -0.02849738517648        3.18783081976471        1.53165879720589      H
       -1.70578368317648        3.88113119676470        4.33117414720588      H
$end
