$coord
        1.94026717045453        5.24519040106061       -0.05920265293938      N
       -0.49545924054545        4.58793614306061       -0.70951216793940      C
       -0.66174000954544        2.01803162806062       -1.07222617493939      C
        1.82744863845455        1.02575162806062       -0.62007710593940      C
        2.85381362645454       -1.41674944993939       -0.70996759193940      C
        5.40468104145456       -1.74660868093939       -0.17929662893938      C
        6.95590041545455        0.33617738606062        0.44340587906061      C
        5.97054626145454        2.77111956106060        0.53654669406061      C
        3.40953479645456        3.09715209606062        0.00269721206061      C
        2.55244768445455        7.01236955106061        0.25044595806062      H
       -1.94199157354545        6.01279142906061       -0.88175691293939      H
        1.72586074945456       -3.05338443893938       -1.19038507193939      H
        8.93468163245456        0.06744701206062        0.85422475006061      H
        7.17909784145455        4.35177708606060        1.01042572106060      H
        6.26838786445454       -4.18732963693940       -0.30615771493939      O
        8.86523042345455       -4.58821799793939        0.21355094806060      C
        9.34982797645454       -4.01399074093938        2.13586904206060      H
       10.06923721245454       -3.58064066693939       -1.12617596193939      H
        9.17202554745453       -6.60720502593939        0.01320030906061      H
       -2.98126338954544        0.53062074206062       -1.70426770893940      C
       -3.98985361454545       -0.91475696893938        0.60578058506062      C
       -6.18735360754545       -2.46243688593939        0.06038865606060      N
       -8.66455761454544       -1.71910182893939        0.10543783406060      C
       -9.21365151554547        0.83200180206062        1.29062106306060      C
       -2.57270652054545       -0.82783902193939       -3.20686065393938      H
       -4.45874376554546        1.78146439006062       -2.41927388393940      H
       -4.45435015254545        0.41939525006062        2.10072958806062      H
       -2.50618249654545       -2.13582609393938        1.35098647006061      H
       -5.91424662854545       -4.12155961393938       -0.83546807493939      H
      -10.34571832654546       -3.07699089593939       -0.71153606493938      O
      -11.22976238054546        1.17141548706061        1.13690697206062      H
       -8.19027040554545        2.34689119306061        0.34317859206060      H
       -8.67113764054545        0.84510516206060        3.27776809706061      H
$end
