$coord
   -0.35841301726762      3.46318392071928      1.20678099818690       c
    0.37166755636368      4.39963770587076      2.89915736183690       h
    0.28011977385604      4.86859781218606     -1.00520958077039       o
    0.55773377085987      0.73775475145695      1.10643843025681       c
    2.62371277043362      0.72099099093213      0.97330533446888       h
    0.07915306880205     -0.20010498993739      2.88054355942798       h
   -0.55773377085987     -0.73775475145695     -1.10643843025681       c
   -0.07915306880205      0.20010498993739     -2.88054355942798       h
   -2.62371277043362     -0.72099099093213     -0.97330533446888       h
    2.09180966608417      4.98514478170565     -1.06381754705571       h
   -2.41547439922029      3.51411015027441      1.30502597010950       h
    0.35841301726762     -3.46318392071928     -1.20678099818690       c
   -0.37166755636368     -4.39963770587076     -2.89915736183690       h
    2.41547439922029     -3.51411015027441     -1.30502597010950       h
   -0.28011977385604     -4.86859781218606      1.00520958077039       o
   -2.09180966608417     -4.98514478170565      1.06381754705571       h
$end
