$coord
       -4.22436383377777        0.27046569600000        0.52757895877778      O
       -5.01176888677778        1.78011622800001        1.14319438477777      H
       -2.46875865277778        0.47976620000001        0.98290558877777      H
        1.14616767122222        0.45277121500000        1.25772231077778      O
        1.84155437822222       -0.62829832199999        2.53806519977778      H
        2.02489984022223       -0.43848009500001       -1.12741256322222      C
        1.21077357822223        0.79190857500000       -2.55059172322222      H
        4.07707364422222       -0.34249550599999       -1.26784174522222      H
        1.40442226122221       -2.36575399100000       -1.50362041122222      H
$end
