$coord
       -1.69039861262912        0.26676226871695       -1.49901197219934      C
       -0.26850217696208       -1.03899239311540       -3.11001116356424      C
        0.97712399821213       -2.21743462865619       -4.64940753963912      N
        3.21432392604133       -3.80860345087398       -3.94109419898007      C
        4.45050895694066       -3.01503316506354       -1.49990587283760      C
        3.22835494381647       -3.48347644499237        0.80716462436738      C
        4.27069393669389       -2.51393846702163        3.01547017324712      C
        6.49324732673217       -1.10155497043346        3.02943591487613      C
        7.70760606152929       -0.66059098618735        0.72482239522200      C
        6.68980576983741       -1.59920192212521       -1.52620748975483      C
        1.47454047608101       -4.54896087877299        0.89450751402965      H
        3.07364983202679       -2.95655071221257        5.24250188481622      F
        7.23391019599065       -0.38059795045258        4.80358791632642      H
        9.44729478907862        0.43400228504825        0.68975894226151      H
        7.62039295770504       -1.21547251898254       -3.31938855424752      H
       -0.89991073986222        2.86860213094563       -0.79106183904044      C
       -3.95609678781150       -0.95481664976323       -0.38437783926230      C
       -4.73339405165742       -0.33919003413472        2.08620064043767      C
       -6.81943838380183       -1.53095599530728        3.17624090581124      C
       -8.16619165693765       -3.36983565450060        1.83466357773422      C
       -7.40679501372584       -4.00126089407225       -0.61920857676067      C
       -5.33343153273271       -2.80039606281146       -1.72215393766773      C
       -3.68252543277441        1.07144146542550        3.14639585209444      H
       -9.79167620359689       -4.29539244322485        2.68863947835270      H
       -8.44906554787855       -5.41546005694818       -1.68968425256187      H
       -4.77652922332550       -3.26869515532608       -3.64655255827261      H
       -2.71869981488866        4.78187008732131       -0.46304162325064      C
       -1.98685439659318        7.23178928453676        0.18565246661027      C
        0.57248060811926        7.82154092527871        0.50800998208817      C
        2.39324250898840        5.93151096302122        0.18875535175060      C
        1.66674291122538        3.47372132620578       -0.44040982951564      C
       -4.70654876877202        4.33156459724698       -0.72340364592125      H
       -3.41831698871166        8.68950734882828        0.42687093970719      H
        1.13848950709146        9.73262877721486        1.01467724636333      H
        4.38688668433422        6.36174964476995        0.45869910659180      H
        3.08246165122190        1.99680327426396       -0.62372929949376      H
       -7.38578243734592       -1.03047380420501        5.08955081732526      H
        2.52141533197726       -5.76187935910823       -3.84450116221014      H
        4.54698539636374       -3.68472978053221       -5.51845437483336      H
$end
