$coord
   -4.35721344494385      0.90297887659219      0.82819233141540      b
    0.28337212071123      1.65183522650412     -0.76130120690799      c
    0.40499986618945     -2.21558439545454     -6.16499989069313      cl
    4.15644868219944     -2.19476121076230     -4.94369195800440      p
   -0.72928258377481     -1.13601712855358      1.45660672033766      h
   -4.70639755670489      2.26855027951224      3.76265136193590      b
   -5.47771378344344     -1.52436798778786      0.66383610284043      f
    6.21507264154963      2.27878148270302     -0.80373330514543      h
   -4.87554903473953      3.28951364055773      5.82073438127352      o
    3.86713990157750     -4.59193470093940     -1.31571887753581      al
    3.86803648047669      0.42734990415643     -0.80771778802946      al
   -4.96472075857332      2.33939507094589     -0.85409476439592      h
   -1.39618131239632      0.41936067926590      0.50672702152227      n
    3.98116786771506     -2.53173594891645      1.24535230245461      n
   -0.51006577527794      3.27396147305804     -1.77306674565962      h
    4.24088668943515     -2.65732526088144      3.14022431459194      h
$user-defined bonds
$end
