$coord
    2.91055241041820     -0.79498321766526     -0.56218407590281       c
    2.77980792846224     -0.80293896468471     -2.62906069538969       h
    5.47961241136264     -0.74370171959714      0.23975900310987       o
    1.37884434203841      1.40112799259740      0.49987791557544       c
    1.45134368512657      1.32796346591046      2.56141794846305       h
    2.29667487615030      3.16505883626911     -0.06451336045058       h
   -1.36462982206684      1.44775509520022     -0.41272752577902       c
   -1.43165084909576      1.49120367844752     -2.47533336420558       h
   -2.28680105710597      3.16754193640772      0.25186269899100       h
    6.19423880467921      0.82317226238952     -0.33711580375000       h
    2.17730276606205     -2.59505885308068      0.11113101442274       h
   -2.91299393658189     -0.78462562873092      0.51382031498387       c
   -2.19310465598524     -2.55254001509075     -0.27844925595457       h
   -2.78216252722382     -0.91059099329681      2.57625607805847       h
   -5.45931864242158     -0.37124614743605     -0.26466937299356       o
   -6.43864086489757     -1.80987953459283      0.25037737425055       h
$end
