$coord
    3.23980113909674     -0.71718988629406     -4.95813363141336      h
   -2.58855576067787     -1.29452359720472      0.68009949938747      f
   -0.06392998656889     -0.19669220286248      1.18303565189036      b
    1.79426936474380     -3.88702385280115      2.41727936477534      h
   -0.34118501500562      2.09796955621762      2.90569675213891      n
    1.55219980060992      4.30462117577208      0.26808163865786      al
    1.98731758110000     -2.39001830906911      0.99706061919075      c
    3.94329945799359     -1.68821293858197      1.08022376229859      h
   -3.07330629587161      4.09289916915300      2.05097545073640      p
   -1.59203748370749     -0.77115776516204     -4.74904990701402      o
    0.02541349701989      2.04119118400858      4.78993104897985      h
    1.56367709335188     -3.57872340767051     -1.45575467949619      o
   -4.96553706422700      2.16753242295326      2.22041320042979      h
   -3.00686589574692      1.16067252159400     -2.17558505445076      mg
    0.51590408956965      1.04879072594139     -0.91579153486619      h
    1.00953547831986     -2.39013479599388     -4.33848218124478      si
$user-defined bonds
$end
