$coord
        3.92365651134432        3.92365651134432       -3.92365651134432      Na
        2.39445989605745       -2.39445989605745       -2.39445989605745      Na
       -3.92365651134432       -3.92365651134432       -3.92365651134432      Na
        3.92365651134432       -3.92365651134432        3.92365651134432      Na
        2.39445989605745        2.39445989605745        2.39445989605745      Na
       -3.92365651134432        3.92365651134432        3.92365651134432      Na
       -2.39445989605745       -2.39445989605745        2.39445989605745      Na
       -2.39445989605745        2.39445989605745       -2.39445989605745      Na
$end
