$coord
        0.40064165857833       -0.92515879751099        1.05860586152393      C
       -0.40263012345999        0.92635381340982       -1.05918246437213      C
        0.83326434256241        0.34262858541146       -3.55161854994242      C
       -0.38263870508673       -0.28557135961260       -5.66755494370825      C
       -0.83326670472072       -0.34003895123495        3.55169957197313      C
        0.38466968881834        0.28274503717150        5.66806682341824      C
       -0.10020582713846       -2.85137608289369        0.46065855065600      H
        2.46410979153178       -0.88622475906269        1.27197489910089      H
       -2.46593385019372        0.88588342718409       -1.27384218526026      H
        0.09647125481971        2.85277896872551       -0.46049816010543      H
        2.89458763575277        0.43149487148970       -3.57165154230230      H
       -2.43511429803855       -0.40164970964540       -5.73909243628210      H
        0.61921500338659       -0.69961236131438       -7.41202209804786      H
       -2.89482999319736       -0.42325306486264        3.57197066989260      H
       -0.61579696028396        0.69777436591829        7.41309333685025      H
        2.43745708666962        0.39322601682695        5.73939266660577      H
$end
