$coord
   -2.53575144842884   -1.55076532951295   -0.63938127895879      si
    1.01414454321480   -1.51537736665024   -0.33713988779454      c 
    2.22132451553433    0.93022965339044    0.42856462377571      c 
    1.82403965437240   -2.13534273750565   -2.14182437080583      h 
    1.56732265246512   -2.99434837153298    1.00616765004729      h 
    1.04905106500326    3.08190323291970    0.95319146550958      c 
    4.27247440294117    0.89582819254404    0.55919042445033      h 
   -0.98873573828294    3.29432688164485    0.87116796672096      h 
    2.09647614118662    4.75484199141180    1.48986440519703      h 
   -3.40539143241512    0.26819383871809   -2.56567969406671      h 
   -3.76757807285974   -0.92315921350454    1.78218864605904      h 
   -3.34737628263107   -4.10633077172257   -1.40630995013406      h 
$end
