$coord
       -2.45592700790231       -1.42989507692308        0.02453686153846      C
       -2.27890700790232        1.23589092307691        0.03727546153846      C
        0.00000299209769        2.51626492307692        0.35232126153845      C
        2.27891299209770        1.23588492307692        0.03726036153847      C
        2.45594299209769       -1.42988507692308        0.02455196153847      C
        4.09843299209769       -2.22867507692308       -0.91190173846155      H
        1.95028299209768       -2.46835507692308        1.71267426153845      H
        3.84962299209768        2.33149492307692       -0.69043973846153      H
        0.00000488182769        4.55632492307692        0.22496126153846      H
       -3.84961700790231        2.33149492307692       -0.69039573846155      H
       -4.09842700790231       -2.22865507692308       -0.91193773846154      H
       -0.00001779490230       -1.95351507692308       -0.92156073846154      H
       -1.95030700790231       -2.46837507692308        1.71265426153847      H
$end
