$coord
       -0.51155420141667        1.44242675516668        1.94191254783333      N
       -1.12588278341667        2.47511737516668        3.43239743083334      H
       -0.63990137041668        2.60986611016668       -0.43022257016667      C
       -1.37391129041668        4.78975565716666       -0.62925179016667      O
        0.68751816958333       -2.43709712083333        0.36834384283332      N
        0.15057630058332        1.72795531516667       -4.38228318916667      H
        0.71456759258332       -1.46192844983333       -2.02466451816668      C
        1.22815753158333       -2.77318816683332       -3.50100900816667      H
        0.12643852458334        0.97413438316668       -2.49348630716667      C
        0.91056495458333       -4.30473713183334        0.66106418283333      H
       -0.00313491841668       -1.06137220383334        2.47877115783333      C
       -0.16343850941667       -1.98093252283333        4.57842822083333      O
$end
