$coord
       -2.35612847805023       -2.21382181048393       -1.31551206111907      C
       -2.35612847805023       -2.21382181048393        1.31551206111907      C
        1.38311538696289       -4.28005067706109        1.31662702560424      C
        1.38311538696289       -4.28005067706109       -1.31662702560424      C
       -0.63801487684250        3.93134625554086        2.13547658920288      C
        1.61459312438964        2.56939442753792        2.13658308982848      C
        1.61459312438964        2.56939442753792       -2.13658308982848      C
       -0.63801487684250        3.93134625554086       -2.13547658920288      C
        2.92752788066864       -5.12590400576591        2.35754823684693      H
        2.92752788066864       -5.12590400576591       -2.35754823684693      H
       -3.89861204624176       -1.36438719630241       -2.35701775550841      H
       -3.89861204624176       -1.36438719630241        2.35701775550841      H
       -1.53067018985750        4.46848686337470        3.89635992050170      H
        2.49677965641021        2.01705344319344        3.89736962318420      H
        2.49677965641021        2.01705344319344       -3.89736962318420      H
       -1.53067018985750        4.46848686337470       -3.89635992050170      H
        2.77895448207856        1.87286515831947        0.00000000000000      N
       -0.48862805366518       -3.25648967623710        2.67297983169557      N
       -0.48862805366518       -3.25648967623710       -2.67297983169557      N
       -1.79887928962707        4.63587959408761        0.00000000000000      N
$end
