$coord
        0.33236237391830        4.99251593848070       -1.39854887363810      N
       -3.21467939987778        3.69077481528124        0.55638471009831      N
       -2.87641326561570        0.12719552417596        5.05656060340505      N
        1.47840901240707        0.31182256539663        4.45525941016772      N
        3.47247608527541        2.75765456457933        1.14497014644244      N
        2.21483095511793       -0.78010497788588       -3.99155369636912      N
       -2.07702592983843       -0.76212928990523       -3.41354599831004      N
       -2.53657595291733       -1.36890767316023        6.18021782996754      H
       -4.52645508423448        0.10632236500582        4.10643967750171      H
        5.29616721495986        0.59323631425698        3.80116614463430      H
        1.43162747249008        5.79180468817553       -2.73023644325634      H
        4.38880332335830       -3.08401952485244       -1.66523853180309      H
        0.13671728000046       -4.42294464806716        3.14507183196643      H
       -0.49811674132943       -6.88230047921338        1.00083991649251      H
        2.66039760932327       -5.90008745888869        1.54397782447436      H
       -3.33132950440050        6.15694703360399       -2.62751141426464      H
       -3.78857795372605       -0.02850909332434       -3.84163347122570      H
        3.74526079520583       -0.07735018233459       -4.87509051201245      H
        0.48032077178358       -3.38046441773573       -0.73205319282910      C
        0.71565147265792       -5.25885163048904        1.35643419387440      C
       -1.12088827267288        2.65794100066026        1.69293567302326      C
        1.11833222731948        3.42620934744676        0.51413818957906      C
        3.46162398681044        1.21391023894150        3.14162143828967      C
       -2.02558664456009       -2.44667731026808       -1.37630203602216      C
       -0.84954450502992        0.99504812260469        3.74715050819020      C
        2.47484358176589       -2.49179230431715       -2.05865875122449      C
       -0.06605097129940        0.21903717716534       -4.74454441902539      C
       -2.24552408829332        5.06603945990404       -1.29538694260022      C
       -0.27062842473388        1.80995418330034       -6.40132895347974      O
       -3.98042742386459       -3.03227434853712       -0.29153486204644      O
$end
