$coord
    0.00000000000000      0.00000000000000     -4.96649158946527      c
    2.35472600160250      1.35950169089301     -4.00557458214590      c
    2.39403929536952      3.31380432203894     -4.66791542336356      h
    2.40259640395168      1.38713968057553     -1.94473981187739      h
    4.06685837374115      0.41639668642874     -4.66791542336356      h
   -2.35472600160250      1.35950169089301     -4.00557458214590      c
   -4.06685837374115      0.41639668642874     -4.66791542336356      h
   -2.40259640395168      1.38713968057553     -1.94473981187739      h
   -2.39403929536952      3.31380432203894     -4.66791542336356      h
    0.00000000000000     -2.71900338178603     -4.00557458214590      c
   -1.67281907837163     -3.73020100846767     -4.66791542336356      h
    0.00000000000000     -2.77427936115106     -1.94473981187739      h
    1.67281907837163     -3.73020100846767     -4.66791542336356      h
    0.00000000000000      0.00000000000000     -7.85094914483976      c
    1.66675737184757     -0.96230281730999     -8.58447082646062      h
   -1.66675737184757     -0.96230281730999     -8.58447082646062      h
    0.00000000000000      1.92460563461997     -8.58447082646062      h
    0.00000000000000      0.00000000000000      4.96649158946527      c
   -2.35472600160250     -1.35950169089301      4.00557458214590      c
   -2.40259640395168     -1.38713968057553      1.94473981187739      h
   -2.39403929536952     -3.31380432203894      4.66791542336356      h
   -4.06685837374115     -0.41639668642874      4.66791542336356      h
    2.35472600160250     -1.35950169089301      4.00557458214590      c
    4.06685837374115     -0.41639668642874      4.66791542336356      h
    2.39403929536952     -3.31380432203894      4.66791542336356      h
    2.40259640395168     -1.38713968057553      1.94473981187739      h
    0.00000000000000      0.00000000000000      7.85094914483976      c
    1.66675737184757      0.96230281730999      8.58447082646062      h
    0.00000000000000     -1.92460563461997      8.58447082646062      h
   -1.66675737184757      0.96230281730999      8.58447082646062      h
    0.00000000000000      2.71900338178603      4.00557458214590      c
   -1.67281907837163      3.73020100846767      4.66791542336356      h
    1.67281907837163      3.73020100846767      4.66791542336356      h
    0.00000000000000      2.77427936115106      1.94473981187739      h
$user-defined bonds
$end
