$coord
       -0.61552091945455        5.16873437827273       -0.05648757521212      N
        1.45152939854546        3.94890302327273        0.95584241778789      C
        0.81876787854545        1.50271320027274        1.57983749878788      C
       -1.78996861545454        1.19434582327272        0.89583605878787      C
       -3.49614740945456       -0.84135016172727        1.05946365278789      C
       -5.95257009945456       -0.48231356172727        0.23709647578787      C
       -6.76440772345456        1.86090509227273       -0.75265885021212      C
       -5.11898550945455        3.88954673027273       -0.94123271721213      C
       -2.63095337245456        3.52840875427273       -0.11565300621212      C
       -0.64200542945455        6.97307876927272       -0.63981386221212      H
        3.23496586154545        4.91403332927273        1.15353421278788      H
       -2.95361085745456       -2.65447610972726        1.83511869278788      H
       -8.71618475645455        2.05745171327272       -1.32708452821211      H
       -5.75261630245454        5.68752274427273       -1.68239836821212      H
       -7.67199776345454       -2.43866184272728        0.47026220678788      O
       -8.19704868145454       -3.63788762472728       -1.88317041621212      C
       -6.48169715645453       -4.46650034672728       -2.68030408221211      H
       -8.99352472245453       -2.30617882272727       -3.24387517521212      H
       -9.56484180145453       -5.12088411072727       -1.49843354321213      H
        2.54402723754545       -0.48698685472727        2.60843803178787      C
        3.47747061854545       -2.28346431572727        0.51983727878788      C
        4.85115212454544       -0.98332716572728       -1.46740802221213      N
        7.35521291654545       -0.32063238572727       -1.39598393821212      C
        9.00680319654545       -1.73553070572727        0.47002788078788      C
        1.57164794154545       -1.59641474772728        4.05553917278788      H
        4.17436376854545        0.39899794827273        3.51225617878788      H
        1.86115585354545       -3.22911154772728       -0.34194769321211      H
        4.68055144154545       -3.74741803272728        1.32038567878789      H
        3.82192987154546        0.16242693127273       -2.59275307721212      H
        8.21929579554545        1.27594041227273       -2.82630998121212      O
        8.91390993654545       -3.76695213072727        0.14552791278788      H
        8.42337675354545       -1.37499933272726        2.41234683478788      H
       10.93592052554546       -1.08991904972727        0.21416465078787      H
$end
