$coord
       -0.29406215100001        1.35706325600000        0.00000000000000      H
       -0.79562377499999        3.99787028999999        1.53821428000000      H
       -0.48374717700000       -4.01085837700000        1.54072383600000      H
        1.97698975700000       -2.97072295600000        0.00000000000000      H
        0.06255748900000        3.24719742800000        0.00000000000000      N
        0.06255748900000       -3.01296400100000        0.00000000000000      N
       -0.48374717700000       -4.01085837700000       -1.54072383600000      H
       -0.79562377499999        3.99787028999999       -1.53821428000000      H
$end
