$coord
    0.34788133084836      0.97346864310829      0.27964251896623      c
   -0.01145208998706     -0.68943270829963      2.29278376967553      c
   -0.33373348457885     -3.26781382475668      1.86936581345763      c
   -0.30841603759943     -4.20881667111796     -0.58326075589431      c
    0.03883073517864     -2.56143354150070     -2.60904880070650      c
    0.37156825569463      0.00741734263171     -2.17997920192037      c
    0.73477244093909      3.76705964613120      0.73739512813770      c
   -0.85870621241755      5.33927885919988     -0.77422318306289      o
   -2.58763584814390      4.84272427192242     -0.47926752916843      h
   -0.04747919053870      0.03780041523162      4.20951061549714      h
   -0.61334056865874     -4.53461902417166      3.45381143184360      h
   -0.56379605625389     -6.21232535660187     -0.91960626669730      h
    0.06119110551713     -3.28599839221026     -4.52448404612825      h
    0.62792519780240      1.29028355889917     -3.75581596347345      h
    0.48561555205151      4.17882938633841      2.75344274201534      h
    2.65677487014634      4.32357739519610      0.22973372745827      h
$redundant
     number_of_atoms            16
     degrees_of_freedom         42
     internal_coordinates       42
     frozen_coordinates          0
# definitions of redundant internals
   1 k  1.0000000000000 tors    9    8    7    1 val=  55.55437
   2 k  1.0000000000000 stre    8    9           val=   1.82284
   3 k  1.0000000000000 bend    7    9    8      val= 108.08502
   4 k  1.0000000000000 stre    2   10           val=   2.05037
   5 k  0.7071067964799 bend    3   10    2      val=   0.09662
       -0.7071067658932 bend    1   10    2
   6 k  1.0000000000000 outp   10    1    3    2 val=   0.21663
   7 k  1.0000000000000 stre    3   11           val=   2.04779
   8 k  0.7071068175200 bend    4   11    3      val=   0.13091
       -0.7071067448531 bend    2   11    3
   9 k  1.0000000000000 outp   11    2    4    3 val=   0.27055
  10 k  1.0000000000000 stre    4   12           val=   2.04753
  11 k  0.7071067902237 bend    3   12    4      val=   0.01906
       -0.7071067721494 bend    5   12    4
  12 k  1.0000000000000 outp   12    5    3    4 val=  -0.18168
  13 k  1.0000000000000 stre    5   13           val=   2.04802
  14 k  0.7071067948126 bend    6   13    5      val=  -0.06166
       -0.7071067675605 bend    4   13    5
  15 k  1.0000000000000 outp   13    4    6    5 val=  -0.32687
  16 k  1.0000000000000 stre    6   14           val=   2.04810
  17 k  0.7071076399367 bend    5   14    6      val=   0.48449
       -0.7071059224354 bend    1   14    6
  18 k  1.0000000000000 outp   14    1    5    6 val=  -0.71118
  19 k  1.0000000000000 stre    7   16           val=   2.06435
  20 k  1.0000000000000 stre    7   15           val=   2.07270
  21 k  0.0321733300433 bend   15   16    7      val=   0.86311
        0.4673436550886 bend    8   16    7
        0.5321602148827 bend    8   15    7
       -0.5042390671705 bend    1   16    7
       -0.4930550209839 bend    1   15    7
  22 k  0.0421453966944 bend   15   16    7      val=   1.84232
        0.5256681173526 bend    8   16    7
       -0.4799555085542 bend    8   15    7
        0.4815851218613 bend    1   16    7
       -0.5095245589241 bend    1   15    7
  23 k  0.9043979766767 bend   15   16    7      val=   2.97818
       -0.2609329844393 bend    8   16    7
       -0.1927746366779 bend    8   15    7
       -0.1949183937288 bend    1   16    7
       -0.1970356228060 bend    1   15    7
  24 k -0.0282346651213 bend   15   16    7      val=   2.85384
       -0.4957931116551 bend    8   16    7
        0.4939696140996 bend    8   15    7
        0.5287531597593 bend    1   16    7
       -0.4793809659464 bend    1   15    7
  25 k  1.0000000000000 tors    8    7    1    2 val= 140.01250
        1.0000000000000 tors    8    7    1    6
  26 k  1.0000000000000 stre    7    8           val=   2.70112
  27 k  1.0000000000000 bend    1    8    7      val= 113.55125
  28 k  1.0000000000000 stre    1    7           val=   2.85716
  29 k  0.7071071338231 bend    2    7    1      val=   0.25401
       -0.7071064285498 bend    6    7    1
  30 k  1.0000000000000 outp    7    6    2    1 val=  -0.57799
  31 k  1.0000000000000 stre    1    2           val=   2.63574
  32 k  1.0000000000000 stre    2    3           val=   2.63272
  33 k  1.0000000000000 stre    3    4           val=   2.62707
  34 k  1.0000000000000 stre    4    5           val=   2.63406
  35 k  1.0000000000000 stre    5    6           val=   2.62561
  36 k  1.0000000000000 stre    6    1           val=   2.64264
  37 k -0.5000000000000 bend    1    3    2      val=  -0.57415
       -0.5000000000000 bend    2    4    3
        1.0000000000000 bend    3    5    4
       -0.5000000000000 bend    4    6    5
       -0.5000000000000 bend    5    1    6
        1.0000000000000 bend    6    2    1
  38 k  0.8660254037844 bend    1    3    2      val=   0.10397
       -0.8660254037844 bend    2    4    3
        0.8660254037844 bend    4    6    5
       -0.8660254037844 bend    5    1    6
  39 k -1.0000000000000 bend    1    3    2      val=  -0.34632
        1.0000000000000 bend    2    4    3
       -1.0000000000000 bend    3    5    4
        1.0000000000000 bend    4    6    5
       -1.0000000000000 bend    5    1    6
        1.0000000000000 bend    6    2    1
  40 k -0.5000000000000 tors    2    3    4    5 val=  -0.22790
       -0.5000000000000 tors    3    4    5    6
        1.0000000000000 tors    4    5    6    1
       -0.5000000000000 tors    5    6    1    2
       -0.5000000000000 tors    6    1    2    3
        1.0000000000000 tors    1    2    3    4
  41 k  0.8660254037844 tors    2    3    4    5 val=  -0.11610
       -0.8660254037844 tors    3    4    5    6
        0.8660254037844 tors    5    6    1    2
       -0.8660254037844 tors    6    1    2    3
  42 k -1.0000000000000 tors    2    3    4    5 val=   0.07191
        1.0000000000000 tors    3    4    5    6
       -1.0000000000000 tors    4    5    6    1
        1.0000000000000 tors    5    6    1    2
       -1.0000000000000 tors    6    1    2    3
        1.0000000000000 tors    1    2    3    4
        42 non zero eigenvalues  of BmBt
           1          11.011737330    1    0
         1
           2           5.498806365    2    0
         2
           3           5.117996131    3    0
         3
           4           4.655077872    4    0
         4
           5           4.430103820    5    0
         5
           6           4.128433888    6    0
         6
           7           3.715261913    7    0
         7
           8           3.546308769    8    0
         8
           9           3.345353362    9    0
         9
          10           3.308073709   10    0
        10
          11           3.062275380   11    0
        11
          12           2.876812207   12    0
        12
          13           2.396288119   13    0
        13
          14           2.161383198   14    0
        14
          15           1.922544765   15    0
        15
          16           1.834621771   16    0
        16
          17           1.746684336   17    0
        17
          18           1.509196210   18    0
        18
          19           1.274401072   19    0
        19
          20           1.158322422   20    0
        20
          21           1.044473531   21    0
        21
          22           0.895033592   22    0
        22
          23           0.804132942   23    0
        23
          24           0.751602321   24    0
        24
          25           0.504081931   25    0
        25
          26           0.480428687   26    0
        26
          27           0.447893005   27    0
        27
          28           0.389622648   28    0
        28
          29           0.359048800   29    0
        29
          30           0.346348139   30    0
        30
          31           0.335569923   31    0
        31
          32           0.297925146   32    0
        32
          33           0.271138028   33    0
        33
          34           0.265932640   34    0
        34
          35           0.264227506   35    0
        35
          36           0.152797487   36    0
        36
          37           0.132629071   37    0
        37
          38           0.111990002   38    0
        38
          39           0.082823049   39    0
        39
          40           0.063735939   40    0
        40
          41           0.050025411   41    0
        41
          42           0.025207724   42    0
        42
$user-defined bonds
$end
