$coord
   -1.88670847279661     -6.32938588466102     -6.37051916213559      h
   -0.59630208779661     -5.59211779266102     -5.29665818013559      o
    0.37513763520339     -7.55140100666102     -3.69115397013559      c
    1.18231084820339     -9.09311411366102     -4.81958702713559      h
   -1.11356015379661     -8.32441477666102     -2.46829773113559      h
    2.38291046220339     -6.42893230266102     -1.99797082113559      c
    3.12270984120339     -7.93389949966102     -0.77587028313559      h
    4.44456655820339     -5.39210201266102     -3.47956796513559      o
    5.49637046920339     -3.26205937966102     -2.24477262613559      c
    7.50389234020339     -3.54310018466102     -1.86914971213559      h
    5.29409079820339     -1.03773453666102     -3.96336351913559      n
    3.57286033620339     -0.94879231566102     -5.90450252813559      c
    2.41611521520339     -2.63097971566102     -6.10348784113559      h
    3.35487004920339      1.08795927033898     -7.44535543213559      c
    1.97074856220339      1.11934932033898     -8.94821879713559      h
    4.94825015520339      3.26421893233898     -7.07251419513559      c
    4.96875160320339      5.22151698933898     -8.34837195713559      o
    6.58705549320339      3.03612881633898     -4.99469036013559      n
    7.72193799620339      4.54062036933898     -4.61790961113559      h
    6.84643758220339      1.00498026833898     -3.38626463413559      c
    8.31357359820339      0.98492763033898     -1.57999990413559      o
    1.51230179320339     -4.22484907166102     -0.34976390613559      c
    0.19268289020339     -3.02034906366102     -1.39032111413559      h
    4.00128446120339     -2.84543375766102      0.21374236786441      c
    3.75051309820339     -0.83120090266102      0.61845647986441      h
    5.30731245520339     -4.07129390566102      2.23045548886441      o
    3.99130462920339     -4.76009827366102      3.33047141286441      h
    0.35904265020339     -5.13273730966102      1.92702766686441      o
   -2.39498693879661     -3.89541805266102      2.74532947586441      p
   -3.11305390179661     -5.30303752666102      5.09450208986441      o
   -4.10189743479661     -3.68475139966102      0.50043080886441      o
   -1.63131238279661     -0.98470674666102      3.40070288986441      o
   -0.08783313779661     -0.28695150266102      5.53036342086441      c
    1.83810416020339      0.09624675533898      4.88206514086441      h
   -0.07073810979661     -1.79975633766102      6.94347235986441      h
   -1.28409545279661      2.08001949533898      6.62606680186441      c
   -0.24843679279661      2.66986136933898      8.31491113986441      h
   -1.15067758479661      4.16119872833898      4.83519804686441      o
   -3.54415671479661      4.55524533633898      3.65630099186441      c
   -4.13268579579661      6.49333357233898      4.04803476386441      h
   -3.26551283779661      4.46037939133898      0.87101986986441      n
   -3.74065892679661      2.35389880533898     -0.57939339313559      c
   -4.38538089979661      0.68285965533898      0.40413982086441      h
   -3.39227433379661      2.29467101333898     -3.11755693613559      c
   -3.80113015879661      0.59310258333898     -4.17431533213559      h
   -2.47204127179661      4.49120838033898     -4.42924843913559      c
   -2.12471020179661      4.72139080133898     -6.72554122813559      o
   -1.90652470679661      6.51329266933898     -2.80219927413559      n
   -1.19654274679661      8.10329980233898     -3.61436117513559      h
   -2.21206996679661      6.63076880833898     -0.21822782813559      c
   -1.60210912479661      8.49798797333898      1.02292039186441      o
   -4.08907356579661      1.71857557333898      7.22720318986441      c
   -4.54407234079661     -0.26207892966102      7.58071064086441      h
   -5.47020267179661      2.70452064433898      4.83266675886441      c
   -5.88964285079661      1.11970628933898      3.59165592186441      h
   -7.80474823879661      3.89701144433898      5.41002264686441      o
   -7.56586873279661      4.62734178433898      7.09574666886441      h
   -4.78490128879661      3.23155294033898      9.37782796286441      o
   -5.85122585479661      2.21352088833898     10.46770966486441      h
$user-defined bonds
$end
