$coord
       -2.23848345969442        0.10227168251187        1.25714913245168      C
       -2.23848345969442        0.10227168251187       -1.25714913245168      C
        0.39118893551467       -0.17317053547963       -2.33202770165470      C
        2.11056690671474        0.26459405522692        0.00000000000000      C
        0.39118893551467       -0.17317053547963        2.33202770165470      C
       -3.91239967370219        0.20855463570718        2.43168999674773      H
       -3.91239967370219        0.20855463570718       -2.43168999674773      H
        0.77973326186957        1.16311940527378       -3.85971406861087      H
        0.64855674701190       -2.06784581048981       -3.13435267759702      H
        3.77673448449678       -0.94919183235441        0.00000000000000      H
        2.77550698678941        2.21873902208075        0.00000000000000      H
        0.77973326186957        1.16311940527378        3.85971406861087      H
        0.64855674701190       -2.06784581048981        3.13435267759702      H
$end
