$coord
        0.51155420075000       -1.44242675458334        1.94191254783333      N
        1.12588278375000       -2.47511737558332        3.43239743083334      H
        0.63990137075001       -2.60986611058333       -0.43022257016667      C
        1.37391129075001       -4.78975565658333       -0.62925179016667      O
       -0.68751817024999        2.43709712041666        0.36834384283332      N
       -0.15057630025000       -1.72795531558333       -4.38228318916667      H
       -0.71456759224999        1.46192845041667       -2.02466451816668      C
       -1.22815753225000        2.77318816641668       -3.50100900816667      H
       -0.12643852425001       -0.97413438258334       -2.49348630716667      C
       -0.91056495525000        4.30473713141667        0.66106418283333      H
        0.00313491875001        1.06137220441668        2.47877115783333      C
        0.16343850975000        1.98093252241666        4.57842822083333      O
$end
