$coord
        2.37077463899999        0.08535892300000       -0.42176794400000      C
       -0.05729649200000        0.08515105300000        0.59845732400001      N
        0.14195621600001        0.08498097800001        3.14764099300001      C
        2.58866004500000        0.08503767000001        3.76057361800001      N
        4.01808657899999        0.08530223100000        1.57965975000000      C
       -2.44940613700001        0.08516995000001       -0.82159616900001      C
        3.18900709500000        0.08503767000001        5.58667253500000      H
       -1.36608291800000        0.08482980000001        4.53010783600001      H
        6.06044573800000        0.08541561500000        1.62231086600000      H
        2.69654450199999        0.08552899800001       -2.43850241800000      H
       -2.02340520700001        0.08532112800001       -2.84269591000000      H
       -3.54722355400000       -1.60692849600000       -0.35608106799999      H
       -3.54731804000000        1.77713611600000       -0.35585430100000      H
        3.97677716899999        0.08520774500000        8.43602027999999      O
        1.88978268200000        0.08535892300000        9.77797139800000      N
        2.01357863199999        0.08619040200001       12.11614826300000      O
       -0.22164596100001        0.08464082700000        8.59702493500001      O
$end
