$coord
       -2.13661811579835        1.31551076951075        0.00000000000000      C
       -2.13661811579835       -1.31551076951075        0.00000000000000      C
        2.13661811579835       -1.31551076951075        0.00000000000000      C
        2.13661811579835        1.31551076951075        0.00000000000000      C
        0.00000000000000       -2.67297720728556        0.00000000000000      N
        0.00000000000000        2.67297720728556        0.00000000000000      N
       -3.89752214465655        2.35701544131925        0.00000000000000      H
       -3.89752214465655       -2.35701544131925        0.00000000000000      H
        3.89752214465655       -2.35701544131925        0.00000000000000      H
        3.89752214465655        2.35701544131925        0.00000000000000      H
$end
