$coord
       -0.82043837600792       -1.92115325484607       -3.89478217822687      C
       -0.05359327652702        0.47975068189562       -4.52283484112787      C
        2.16476687149555        1.56640035147646       -3.43289533770198      C
        3.57596850997274        0.14041669525792       -1.78137832167337      C
        2.82507574619623       -2.35987415306427       -1.09854084988078      C
        0.68519328528683       -3.36210733972381       -2.17868832702029      C
       -0.94630981307320       -4.87303992247711       -0.72443752640155      C
       -0.26863123934388       -5.62401597247427        1.73486674308761      C
        2.02045701620951       -4.58334541044103        2.82105451909280      C
        3.46206167796410       -2.84209405498286        1.50556228311728      C
        1.79122424162656        4.23462796116917       -3.04386100137415      C
        3.12502985182004        5.39459207457247       -1.11714111748135      C
        4.58427025837666        3.92024194254554        0.67331332509088      C
        4.67092070303424        1.28009702014286        0.35533036535499      C
       -4.45688985917154        1.86366979856004       -4.76776615662281      C
       -5.22456217046630       -0.68880305047754       -4.12830139501800      C
       -3.45309755934831       -2.51943783389585       -3.53932117493584      C
       -2.23536008571538       -6.80434360235140        3.12247579227547      C
       -4.66621066845267       -6.88058960142856        2.15671472176524      C
       -5.35770080535679       -5.67325175024137       -0.13107983806700      C
       -3.49142382168430       -4.59369922194868       -1.59069472145850      C
        4.83114190399645       -0.50276019354924        2.38199817205775      C
        5.51910696716809        0.43237788191781        4.71461257649432      C
        5.90868410686409        3.06646196415777        4.98368303493188      C
        5.38969480929470        4.78378615891662        3.07917269271819      C
       -6.04847158105763        4.02195304359546       -4.71437908652258      C
       -5.01883453671575        6.41044794135416       -4.42460425181247      C
       -2.40927324623035        6.82405341830440       -3.99609930816357      C
       -1.85317549967709        2.41230703293197       -4.82014382792565      C
       -0.77904449738952        4.79683123559072       -4.13635167753800      C
        2.33369969346793       -4.88872683122900        4.82320886841951      H
        2.76090639781409        7.35357991186724       -0.64002971275824      H
       -7.20516746583112       -0.99867690871603       -3.70209152491939      H
       -1.86953814968337       -7.53766309213997        4.99901888424559      H
       -6.13947668957376       -7.75313126753099        3.27653848902487      H
       -7.33713217126522       -5.50816324588475       -0.62515044605654      H
        5.64272311259066       -0.76781199813801        6.36733723960821      H
        6.47355168028380        3.78018334275182        6.81623149548619      H
        5.46636448882491        6.78983544782816        3.48191750651783      H
       -8.08300261430572        3.80252986435828       -4.77211546717484      H
       -6.28029864993758        8.01918629694302       -4.34693600346220      H
       -1.76776198490325        8.68617971078179       -3.44084377323463      H
$end
