$coord
       -3.49929847684486       -1.14339580423765       -0.74775896160445      C
       -3.39913165344511       -2.55351322404919       -2.24621918840226      H
       -3.49929847684486       -2.55112649994335        1.55343991890799      O
       -1.27507759035553        0.67403696570833       -0.93503460082568      C
       -1.47462889053599        1.79265468089156       -2.66254475273829      H
       -1.34490675041792        2.00469140163200        0.64269018861601      H
        1.27507759035553       -0.67403696570833       -0.93503460082568      C
        1.47462889053599       -1.79265468089156       -2.66254475273829      H
        1.34490675041792       -2.00469140163200        0.64269018861601      H
       -3.73112440964887       -1.36195396986267        2.90693736432598      H
       -5.28022173790349       -0.11770348191293       -0.97163292684129      H
        3.49929847684486        1.14339580423765       -0.74775896160445      C
        5.28022173790349        0.11770348191293       -0.97163292684129      H
        3.39913165344511        2.55351322404919       -2.24621918840226      H
        3.49929847684486        2.55112649994335        1.55343991890799      O
        3.73112440964887        1.36195396986267        2.90693736432598      H
$end
