$coord
    4.43087192807692     -0.06929814130769      1.64157502319231      c
    2.41877673107692     -1.87714986430769      0.63262197119231      c
    0.37986632207692     -0.57746813730769     -0.96975039580769      c
   -1.60320835192308      0.95867500269231      0.53706230719231      c
   -3.91226264992308     -0.79901772230769      0.60330287219231      c
   -3.58909304992308     -2.40268077230769      2.75227281219231      o
   -3.65555282292308     -2.20103567030769     -1.90570900180769      c
    5.75083608407692      1.19551436069231     -0.33169197380769      o
   -2.34204586092308      3.20422316869231     -0.73319827580769      o
    3.74997341807692     -3.67798692330769     -0.88399840980769      o
   -1.00148369192308     -2.55267021330769     -2.27025793280769      o
   -0.58510524692308      5.22681390369231     -0.49334291480769      c
    3.57682538507692      1.39910021069231      2.81964721319231      h
    5.74425416807692     -1.15657088730769      2.82792610219231      h
    1.50231253807692     -2.83381230830769      2.23420065219231      h
    1.28050217107692      0.62250408669231     -2.39511023880769      h
   -0.98203652192308      1.38898639769231      2.47054679219231      h
   -5.66391014192308      0.29844442569231      0.73682902119231      h
   -4.88631813292308     -3.68676092130769      2.74814754019231      h
   -4.56037819392308     -4.06254238330769     -1.91496865980769      h
   -4.45090636692308     -1.05180447830769     -3.44282724080769      h
    6.35481707707692     -0.10319037730769     -1.47258380480769      h
    2.49557141607692     -4.57836009930769     -1.86993459980769      h
   -0.36485768292308      5.78049039069231      1.49831867519231      h
    1.27855386307692      4.74123369269231     -1.26459300380769      h
   -1.36600238692308      6.81436325969231     -1.55448452980769      h
$redundant
     number_of_atoms            26
     degrees_of_freedom         72
     internal_coordinates       72
     frozen_coordinates          0
# definitions of redundant internals
   1 k  1.0000000000000 stre    1   13           val=   2.06723
   2 k  1.0000000000000 stre    1   14           val=   2.07715
   3 k -0.0030214226643 bend   14   13    1      val=   0.31832
        0.4797127561602 bend    8   13    1
        0.5272545187936 bend    8   14    1
       -0.5133788820642 bend    2   13    1
       -0.4778193575448 bend    2   14    1
   4 k -0.0034095914951 bend   14   13    1      val=   0.33560
        0.5475252987958 bend    8   13    1
       -0.4968272010483 bend    8   14    1
        0.4594785337643 bend    2   13    1
       -0.4921855657907 bend    2   14    1
   5 k  0.9023662108301 bend   14   13    1      val=   2.08959
       -0.2232417966511 bend    8   13    1
       -0.2002042612041 bend    8   14    1
       -0.1983341700269 bend    2   13    1
       -0.2376554913641 bend    2   14    1
   6 k -0.0243379803239 bend   14   13    1      val=   2.74768
       -0.4671421860219 bend    8   13    1
        0.4849771062796 bend    8   14    1
        0.5355472925773 bend    2   13    1
       -0.5090895250840 bend    2   14    1
   7 k  1.0000000000000 stre    2   15           val=   2.07850
   8 k  0.3687328415137 bend   10   15    2      val=   3.79596
        0.4795429948904 bend    1   15    2
       -0.7962880180191 bend    3   15    2
   9 k  0.7494068747576 bend   10   15    2      val=   3.40942
       -0.6601772650083 bend    1   15    2
       -0.0505501219791 bend    3   15    2
  10 k  1.0000000000000 stre    3   16           val=   2.06948
  11 k  0.0418216757957 bend   11   16    3      val=   0.89094
       -0.7230852145773 bend    2   16    3
        0.6894916387407 bend    4   16    3
  12 k  0.8481894223648 bend   11   16    3      val=   6.08745
       -0.3390219596180 bend    2   16    3
       -0.4069874871359 bend    4   16    3
  13 k  1.0000000000000 stre    4   17           val=   2.07591
  14 k -0.7723263579613 bend    9   17    4      val=   3.78688
        0.2197535419436 bend    5   17    4
        0.5960036724732 bend    3   17    4
  15 k -0.1899701380557 bend    9   17    4      val=   4.57699
        0.8154115246516 bend    5   17    4
       -0.5468229988876 bend    3   17    4
  16 k  1.0000000000000 stre    5   18           val=   2.07136
  17 k -0.7624432726852 bend    6   18    5      val=   4.35440
        0.6144867837232 bend    7   18    5
        0.2026974310804 bend    4   18    5
  18 k -0.2021561227580 bend    6   18    5      val=   6.41152
       -0.5237970024618 bend    7   18    5
        0.8275080677815 bend    4   18    5
  19 k  1.0000000000000 tors   19    6    5    4 val=  62.78356
        1.0000000000000 tors   19    6    5    7
  20 k  1.0000000000000 stre    6   19           val=   1.82529
  21 k  1.0000000000000 bend    5   19    6      val= 109.32221
  22 k  1.0000000000000 stre    7   20           val=   2.06978
  23 k  1.0000000000000 stre    7   21           val=   2.07751
  24 k  0.0484159318041 bend   21   20    7      val=   1.36679
        0.4741275371299 bend   11   20    7
        0.5233875775168 bend   11   21    7
       -0.5330729822117 bend    5   20    7
       -0.4634194810533 bend    5   21    7
  25 k  0.0213242143481 bend   21   20    7      val=   0.19729
       -0.5370942583797 bend   11   20    7
        0.4706757485592 bend   11   21    7
       -0.4667611870940 bend    5   20    7
        0.5212229555946 bend    5   21    7
  26 k -0.8829817151479 bend   21   20    7      val=   3.64829
        0.2524164161663 bend   11   20    7
        0.2550225369785 bend   11   21    7
        0.1896976832607 bend    5   20    7
        0.2358125063748 bend    5   21    7
  27 k -0.0148824799844 bend   21   20    7      val=   2.63859
       -0.4807363069385 bend   11   20    7
        0.5100975665331 bend   11   21    7
        0.5074270426637 bend    5   20    7
       -0.5009884070228 bend    5   21    7
  28 k  1.0000000000000 tors   22    8    1    2 val= -52.43403
  29 k  1.0000000000000 stre    8   22           val=   1.83114
  30 k  1.0000000000000 bend    1   22    8      val= 106.58414
  31 k  1.0000000000000 tors   23   10    2    1 val=  75.26865
        1.0000000000000 tors   23   10    2    3
  32 k  1.0000000000000 stre   10   23           val=   1.83201
  33 k  1.0000000000000 bend    2   23   10      val= 106.97779
  34 k  1.0000000000000 tors   26   12    9    4 val=  59.34681
        1.0000000000000 tors   25   12    9    4
        1.0000000000000 tors   24   12    9    4
  35 k  1.0000000000000 stre   12   26           val=   2.06304
  36 k  1.0000000000000 stre   12   25           val=   2.07457
  37 k  1.0000000000000 stre   12   24           val=   2.07889
  38 k  0.3994503538179 bend   25   26   12      val=   0.33145
        0.3782817767842 bend   24   26   12
        0.4529122660089 bend   24   25   12
       -0.4168010152596 bend    9   26   12
       -0.3980540202338 bend    9   25   12
       -0.4000533741149 bend    9   24   12
  39 k  0.2999669758857 bend   25   26   12      val=   1.82916
        0.4443402662609 bend   24   26   12
       -0.6510880311329 bend   24   25   12
        0.4228629818446 bend    9   26   12
       -0.2762442391119 bend    9   25   12
       -0.1831445762659 bend    9   24   12
  40 k -0.6675737236280 bend   25   26   12      val=   0.22421
        0.5872321117020 bend   24   26   12
        0.0928305899669 bend   24   25   12
       -0.0472357967832 bend    9   26   12
       -0.2937032044943 bend    9   25   12
        0.3352513374260 bend    9   24   12
  41 k  0.2153178681168 bend   25   26   12      val=   1.88490
        0.2374925865067 bend   24   26   12
       -0.4297571597536 bend   24   25   12
       -0.6945587869403 bend    9   26   12
        0.3435247995879 bend    9   25   12
        0.3348478374079 bend    9   24   12
  42 k -0.3134864587438 bend   25   26   12      val=   0.45954
        0.3218326402319 bend   24   26   12
       -0.0006809109557 bend   24   25   12
        0.0119760731039 bend    9   26   12
        0.6221792723038 bend    9   25   12
       -0.6410140833199 bend    9   24   12
  43 k  1.0000000000000 stre    5    6           val=   2.70079
  44 k  0.8629999890931 bend    7    6    5      val=  32.06066
       -0.5052039378560 bend    4    6    5
  45 k  0.5052039378560 bend    7    6    5      val= 108.88928
        0.8629999890931 bend    4    6    5
  46 k  1.0000000000000 tors    8    1    2    3 val= -59.95855
  47 k  1.0000000000000 stre    1    8           val=   2.68995
  48 k  1.0000000000000 bend    2    8    1      val= 112.33769
  49 k  1.0000000000000 stre    2   10           val=   2.70467
  50 k -0.6783111855305 bend    1   10    2      val=   6.24283
        0.7347747515969 bend    3   10    2
  51 k  0.7347747515969 bend    1   10    2      val= 107.52296
        0.6783111855305 bend    3   10    2
  52 k  1.0000000000000 tors   12    9    4    3 val=  44.17497
        1.0000000000000 tors   12    9    4    5
  53 k  1.0000000000000 stre    9   12           val=   2.68984
  54 k  1.0000000000000 bend    4   12    9      val= 114.02604
  55 k  1.0000000000000 tors    1    2    3    4 val=  45.53290
        1.0000000000000 tors    1    2    3   11
  56 k  1.0000000000000 stre    2    1           val=   2.88701
  57 k  1.0000000000000 bend    3    1    2      val= 113.72646
  58 k  1.0000000000000 stre    4    9           val=   2.68364
  59 k -0.6361822537376 bend    5    9    4      val=  13.11734
        0.7715388130414 bend    3    9    4
  60 k  0.7715388130414 bend    5    9    4      val= 109.67008
        0.6361822537376 bend    3    9    4
  61 k  1.0000000000000 stre    3    2           val=   2.90068
  62 k -0.7010175283989 bend   11    2    3      val=   5.05586
        0.7131440421665 bend    4    2    3
  63 k  0.7131440421665 bend   11    2    3      val= 111.14670
        0.7010175283989 bend    4    2    3
  64 k  1.0000000000000 stre    3   11           val=   2.73877
  65 k  1.0000000000000 stre   11    7           val=   2.70197
  66 k  1.0000000000000 stre    7    5           val=   2.88560
  67 k  1.0000000000000 stre    5    4           val=   2.90269
  68 k  1.0000000000000 stre    4    3           val=   2.92623
  69 k -0.8090169943749 bend    3    7   11      val=  -0.64443
        0.3090169943749 bend   11    5    7
        0.3090169943750 bend    7    4    5
       -0.8090169943750 bend    5    3    4
        1.0000000000000 bend    4   11    3
  70 k  0.5877852522925 bend    3    7   11      val=   0.02204
       -0.9510565162952 bend   11    5    7
        0.9510565162952 bend    7    4    5
       -0.5877852522925 bend    5    3    4
  71 k -0.8090169943749 tors    7    5    4    3 val=  28.04152
        0.3090169943749 tors    5    4    3   11
        0.3090169943750 tors    4    3   11    7
       -0.8090169943750 tors    3   11    7    5
        1.0000000000000 tors   11    7    5    4
  72 k  0.5877852522925 tors    7    5    4    3 val=  -4.30469
       -0.9510565162952 tors    5    4    3   11
        0.9510565162952 tors    4    3   11    7
       -0.5877852522925 tors    3   11    7    5
        72 non zero eigenvalues  of BmBt
           1           5.362490200    1    0
         1
           2           5.266438329    2    0
         2
           3           4.999964959    3    0
         3
           4           4.475581261    4    0
         4
           5           4.005914969    5    0
         5
           6           3.889209041    6    0
         6
           7           3.752478733    7    0
         7
           8           3.701617010    8    0
         8
           9           3.566399597    9    0
         9
          10           3.488807274   10    0
        10
          11           3.303217024   11    0
        11
          12           3.248099202   12    0
        12
          13           2.976975986   13    0
        13
          14           2.895438393   14    0
        14
          15           2.843059631   15    0
        15
          16           2.711942816   16    0
        16
          17           2.399032119   17    0
        17
          18           2.352165790   18    0
        18
          19           2.296731232   19    0
        19
          20           2.202503502   20    0
        20
          21           2.098538785   21    0
        21
          22           2.044519685   22    0
        22
          23           1.830451571   23    0
        23
          24           1.778313292   24    0
        24
          25           1.529356426   25    0
        25
          26           1.514915450   26    0
        26
          27           1.358851606   27    0
        27
          28           1.194898130   28    0
        28
          29           1.181695763   29    0
        29
          30           1.111797783   30    0
        30
          31           1.058837732   31    0
        31
          32           1.043021746   32    0
        32
          33           0.961635438   33    0
        33
          34           0.911577299   34    0
        34
          35           0.803967598   35    0
        35
          36           0.779941472   36    0
        36
          37           0.769549371   37    0
        37
          38           0.738725268   38    0
        38
          39           0.697727282   39    0
        39
          40           0.696021475   40    0
        40
          41           0.689278971   41    0
        41
          42           0.544601588   42    0
        42
          43           0.507173626   43    0
        43
          44           0.439222662   44    0
        44
          45           0.395187835   45    0
        45
          46           0.384091290   46    0
        46
          47           0.335239447   47    0
        47
          48           0.331401348   48    0
        48
          49           0.317216387   49    0
        49
          50           0.311304058   50    0
        50
          51           0.293535554   51    0
        51
          52           0.291835179   52    0
        52
          53           0.285559185   53    0
        53
          54           0.269460763   54    0
        54
          55           0.254339403   55    0
        55
          56           0.245761870   56    0
        56
          57           0.231613013   57    0
        57
          58           0.191452681   58    0
        58
          59           0.151231804   59    0
        59
          60           0.123092363   60    0
        60
          61           0.108447089   61    0
        61
          62           0.088092841   62    0
        62
          63           0.072454366   63    0
        63
          64           0.062576902   64    0
        64
          65           0.058296944   65    0
        65
          66           0.038583091   66    0
        66
          67           0.034034850   67    0
        67
          68           0.026969564   68    0
        68
          69           0.019735438   69    0
        69
          70           0.014034109   70    0
        70
          71           0.012316862   71    0
        71
          72           0.004185739   72    0
        72
$user-defined bonds
$end
