$coord
        1.94143272102438        2.99267371006722       -0.43694648413707      C
        1.99129360660897        0.50797683459191       -0.87323293304539      C
       -0.29674868731984       -0.72499558579608       -0.88166270485731      C
       -2.50092336993608        0.44707590358060       -0.51380444598336      C
       -2.40693444456409        3.00990522900242       -0.08842943216280      C
       -0.25294496436444        4.32294650632936       -0.02120780192812      C
        3.98435855626528        4.51011024631584       -0.31439012020863      C
        6.31419920313865        3.28787161851519       -0.72457715845048      C
        6.34398052243204        0.47884003838335       -1.26249762686764      C
        4.10577632965571       -1.00794003995228       -1.35514647286042      C
       -0.01043933418092       -3.20534783229787       -1.38882262650329      C
       -2.28200017718062       -4.58775437473681       -1.52071556867401      C
       -4.76663381210845       -3.25014254575028       -1.05175377788472      C
       -4.92133521126467       -0.62221469217295       -0.51258406196847      C
        0.05192038411221        6.90569399179976        0.46584593303288      C
       -2.34341687525963        8.04384734783813        0.91142592879637      C
       -4.79612140911746        6.57298149715533        0.84516981235775      C
       -4.73608878733253        3.96650051871920        0.30600910965906      C
        3.15579896412580        7.05456084734927        0.24196447906665      C
        2.64603735021215       -3.72589834851549       -1.76080220259445      C
       -6.56210768807527        1.94263181999893        0.11858780301621      C
        8.29360627317079        5.10799418929158       -0.52834514971468      C
        7.68853819984836        7.62112879395063       -0.00208834265276      C
        5.20416575745855        8.66052752927576        0.39084998877729      C
       -7.35474827499194        7.30691824008377        1.27415402078014      C
       -9.26362635767449        5.48909679246698        1.12878663223380      C
       -8.96774135504338        2.84314803154507        0.57257104389615      C
        3.00327986860783       -6.23454169864742       -2.37575720404927      C
        0.81360074756147       -7.84157429666435       -2.53403083608054      C
       -1.70191146682468       -7.14211305937244       -2.15285701877115      C
        8.19364926167591       -0.33825655597368       -1.57894198926958      H
       -6.43694830460605       -4.42660188881406       -1.16892591095466      H
       -2.52234158188740       10.03515089848942        1.34930797652204      H
       10.26223590378224        4.60490854792321       -0.77380842747551      H
        9.24618581614288        8.93972997905415        0.13569273507179      H
        5.04994421411735       10.65882360422550        0.79900087777488      H
       -7.87308802299820        9.23328530918855        1.73200528588309      H
      -11.17541878834141        6.12707931560541        1.47915304359677      H
      -10.64160630342166        1.66860725064303        0.54288168885933      H
        4.83506928621629       -7.05701563202386       -2.76570394243477      H
        1.16334350608055       -9.79507578676137       -3.02966361288683      H
       -3.15602335881385       -8.56594977726454       -2.36954653770954      H
$end
