$coord
   -0.71128044300885      0.83914153290364      3.94736852905374       c
   -2.86633507971606      0.64009261295066      2.24117733308734       c
   -2.72238562933085      1.25018427577465     -0.34254239621681       c
    1.86525310112653      0.62962844710664     -1.34091347244984       c
    2.89817034333489     -0.13349480477309      0.98750747899613       c
    1.75384104346965      0.50600237363042      3.41142966279698       c
    5.10867931841063     -1.59597193634913      0.98057428534592       c
    6.21797786948032     -2.37597236620092     -1.25784089930773       c
    5.13242842563002     -1.69466995052339     -3.55329723419644       c
    2.97693419438384     -0.19673854317007     -3.57710847773403       c
   -4.81835152484058      0.86174810601330     -1.88297708441881       c
   -7.06961607740874     -0.06128100574588     -0.90281169761902       c
   -7.24913267458821     -0.59353827824002      1.66516201285184       c
   -5.17040042199061     -0.23221978904891      3.21294649060689       c
   -0.34781024976157      2.41781421947559     -1.37994374620413       c
   -1.19523926593923      1.09558770653299      5.92214864482699       h
    3.04872359745226      0.51052365854368      5.00026869083400       h
    5.93424683514063     -2.14899059666934      2.77023096274712       h
    7.91737152186232     -3.51095753933222     -1.21656299353503       h
    5.98148653025816     -2.29926089875272     -5.31257250179086       h
    2.16139325408520      0.38772065336808     -5.36126508217458       h
   -4.69227535460775      1.33720867848815     -3.86953120956169       h
   -8.68327032666730     -0.33338430431256     -2.12814373550732       h
   -9.00160397805025     -1.28949110190324      2.45515878074892       h
   -5.29703013719803     -0.66830694181269      5.20815545396212       h
    0.12772558364184      4.07163883946465     -0.22994338770173       h
   -0.68010097881262      3.08020547326486     -3.30183524661479       h
$end
