$coord
   -1.30027265681554     -0.61309276057398      2.07720673493905      c
    1.30027265681554      0.61309276057398      2.07720673493905      c
    2.77341404782649     -0.11498875721395     -0.27778497331397      c
    1.31887980258282     -0.13537049365675     -2.60537020196916      c
   -1.31887980258282      0.13537049365675     -2.60537020196916      c
   -2.77341404782649      0.11498875721395     -0.27778497331397      c
   -2.36292152154134     -0.06392617506307      3.75398892018767      h
   -1.11588263436044     -2.67266923056030      2.14820304081795      h
    2.36292152154134      0.06392617506307      3.75398892018767      h
    1.11588263436044      2.67266923056030      2.14820304081795      h
    3.53259618066783     -2.07421277763127     -0.14364594657900      h
    4.51933942597612      0.97670288743803     -0.55688918578745      h
    2.28796294775884     -0.41602074518998     -4.39570838829511      h
   -2.28796294775884      0.41602074518998     -4.39570838829511      h
   -3.53259618066783      2.07421277763127     -0.14364594657900      h
   -4.51933942597612     -0.97670288743803     -0.55688918578745      h
$user-defined bonds
$end
