$coord
       -3.65990346467987       -0.24473865331467       -1.07229626501433      C
       -1.06667651703545        0.98745777467409       -0.81033947717747      C
       -1.02832187111992        2.71626589413276        1.49778989621979      C
        1.06667651703545       -0.98745777467409       -0.81033947717747      C
        1.02832187111992       -2.71626589413276        1.49778989621979      C
        3.65990346467987        0.24473865331467       -1.07229626501433      C
       -4.13101233208189       -1.34721587917011        0.60260552851242      H
       -5.12655022461994        1.18316287141041       -1.30184077905886      H
       -3.73066604435197       -1.50097852637347       -2.70374354243469      H
       -0.76323944248209        2.16384220070838       -2.48487515999240      H
       -1.44516164442422        1.66033803219921        3.21685281261722      H
       -2.46298333495473        4.18237444679805        1.31237300005096      H
        0.78901148700192        3.64951370802855        1.74347398627734      H
        0.76323944248209       -2.16384220070838       -2.48487515999240      H
        1.44516164442422       -1.66033803219921        3.21685281261722      H
       -0.78901148700192       -3.64951370802855        1.74347398627734      H
        2.46298333495473       -4.18237444679805        1.31237300005096      H
        4.13101233208189        1.34721587917011        0.60260552851242      H
        5.12655022461994       -1.18316287141041       -1.30184077905886      H
        3.73066604435197        1.50097852637347       -2.70374354243469      H
$end
