$coord
   -0.37818527334250     -0.80435590276998      0.00000000000000      c
   -2.68454089593920      0.13858203386142     -1.41576912545871      c
   -2.68454089593920      0.13858203386142      1.41576912545871      c
    1.96141168882067      0.70694506641779      0.00000000000000      c
    4.29722291028938     -0.22514355163832      0.00000000000000      c
   -0.09501340797561     -2.83436483473805      0.00000000000000      h
   -2.52569355534406      1.93606966899935     -2.38159048372485      h
   -3.82734441569677     -1.24748838380006     -2.39466297883731      h
   -3.82734441569677     -1.24748838380006      2.39466297883731      h
   -2.52569355534406      1.93606966899935      2.38159048372485      h
    1.70175321950512      2.74845381002147      0.00000000000000      h
    4.65079577307953     -2.24457483439748      0.00000000000000      h
    5.93717282358352      0.99871360898319      0.00000000000000      h
$redundant
     number_of_atoms            13
     degrees_of_freedom         20
     internal_coordinates       20
     frozen_coordinates          0
# definitions of redundant internals
   1 k  1.0000000000000 stre    1    3           val=   2.86580
   2 k  1.0000000000000 stre    1    4           val=   2.78527
   3 k  1.0000000000000 stre    2    7           val=   2.04671
   4 k  1.0000000000000 stre    3    2           val=   2.83154
   5 k  1.0000000000000 stre    5   12           val=   2.05015
   6 k  1.0000000000000 stre    1    6           val=   2.04966
   7 k  1.0000000000000 stre    5   13           val=   2.04628
   8 k  1.0000000000000 stre    2    8           val=   2.04583
   9 k  1.0000000000000 stre    4    5           val=   2.51492
  10 k  1.0000000000000 stre    4   11           val=   2.05796
  11 k -0.7724984247205 bend    7    8    2      val=  30.05028
        0.3209524968028 bend    3    8    2
        0.3304013165162 bend    3    7    2
        0.3044870177265 bend    1    8    2
        0.3136212758740 bend    1    7    2
  12 k  0.8164929112032 bend   12   13    5      val=  -2.39816
       -0.4103664712137 bend    4   13    5
       -0.4061264399894 bend    4   12    5
  13 k -0.6459514655828 bend    4    6    1      val=  29.50306
        0.5397900999979 bend    3    6    1
        0.5397900999979 bend    2    6    1
  14 k -0.7071067811865 bend    5   11    4      val=  -1.69501
        0.7071067811865 bend    1   11    4
  15 k -0.0024479831687 bend   12   13    5      val=   0.09432
       -0.7058796115275 bend    4   13    5
        0.7083275946962 bend    4   12    5
  16 k -0.0075292729218 bend    7    8    2      val=   0.37519
        0.5105477786200 bend    3    8    2
       -0.5045514303884 bend    3    7    2
        0.4947548982682 bend    1    8    2
       -0.4898262146190 bend    1    7    2
  17 k  0.7071067811865 bend    3    4    1      val= 119.83323
        0.7071067811865 bend    2    4    1
  18 k  1.0000000000000 bend    1    5    4      val= 125.38478
  19 k  0.0065519797530 bend    7    8    2      val=   3.94193
       -0.4854256250874 bend    3    8    2
       -0.4797986450940 bend    3    7    2
        0.5200673754146 bend    1    8    2
        0.5134610202003 bend    1    7    2
  20 k  0.0002720610657 bend    7    8    2      val=   0.12382
        0.4895078006801 bend    3    8    2
       -0.4951000508204 bend    3    7    2
       -0.5042492476588 bend    1    8    2
        0.5108724644852 bend    1    7    2
        20 non zero eigenvalues  of BmBt
           1           5.120318341    1    0
         1
           2           4.396935897    2    0
         2
           3           3.893087663    3    0
         3
           4           3.638986005    4    0
         4
           5           2.949709408    5    0
         5
           6           2.605522858    6    0
         6
           7           2.207906115    7    0
         7
           8           1.796999869    8    0
         8
           9           1.113468158    9    0
         9
          10           0.933420856   10    0
        10
          11           0.898843944   11    0
        11
          12           0.678040577   12    0
        12
          13           0.577653294   13    0
        13
          14           0.460089633   14    0
        14
          15           0.391382933   15    0
        15
          16           0.345294961   16    0
        16
          17           0.210699718   17    0
        17
          18           0.169344425   18    0
        18
          19           0.087095038   19    0
        19
          20           0.040360039   20    0
        20
$user-defined bonds
$end
