$coord
        2.91280566232240       -1.91174663638767        1.13180150821851      N
        3.28038045735284       -2.43387412859599        2.92285336500814      H
        0.50968312218163       -0.68634008327209        0.59121239447164      C
        0.05934414069696       -1.11864047131793       -1.37105529168331      H
       -1.50942836612069       -1.71285265353617        2.35250232976048      C
       -1.00655958515867       -1.21189031736150        4.28961638046252      H
       -1.53243101494393       -3.76877182884213        2.19010628388533      H
       -4.12965816730166       -0.65634652549377        1.81270198831472      C
       -5.48506546250945       -1.45133323122226        3.14536805198406      H
       -4.11806576926376        1.38981960945648        2.02760497992791      H
       -5.12154284060614       -1.46365590884482       -1.37147011885211      S
       -8.13006075867009        0.14469896091242       -1.34131108641276      C
       -9.00170154389355       -0.14435651931942       -3.17871045892396      H
       -7.86843542617419        2.16006587672792       -1.03176234712657      H
       -9.35868795399267       -0.63209135869933        0.11286055073347      H
        0.81006855770856        2.18213347169948        0.88044484511641      C
        0.10760003353394        3.31733796055758        2.78028841046705      O
        1.95049492682607        3.27977949524964       -1.12009134927208      N
        2.71850143663219        2.09905745992101       -2.41559630781016      H
        4.75800416508394       -2.12030005566539       -0.63520524925907      C
        4.51239240881002       -1.29025764059501       -2.79352561460379      O
        7.12602175253803       -3.46825508350473        0.19529891956340      C
        8.72881273346106       -2.21692844720937       -0.09806688317594      H
        7.38980559588280       -5.11354340328957       -1.00728135774166      H
        7.07572226842789       -4.06666251711685        2.15973022568005      H
        2.63230439042745        5.92697088596353       -1.08904766046651      C
        4.53129922377389        6.22432065314661       -0.34642090082200      H
        2.53016883983417        6.68773494884554       -2.99329375255729      H
        1.30242657413295        6.91717237559675        0.11884362617541      H
$end
