$coord
   -3.68826078741962      0.40220186415488      0.00000000000000      c
   -3.68826078741962     -1.18228292057861      2.41120996439264      c
   -3.68826078741962     -1.18228292057861     -2.41120996439264      c
   -3.68826078741962      0.42509023350332      4.80635536241877      c
   -3.68826078741962      0.42509023350332     -4.80635536241877      c
   -5.34881840871938      1.64840100967340      0.00000000000000      h
   -2.02770316611986      1.64840100967340      0.00000000000000      h
   -5.34745969524832     -2.42590825838142      2.40738515762569      h
   -2.02906187959093     -2.42590825838142      2.40738515762569      h
   -5.34745969524832     -2.42590825838142     -2.40738515762569      h
   -2.02906187959093     -2.42590825838142     -2.40738515762569      h
   -5.35882640112933      1.64248049603662      4.87530203973695      h
   -2.01769517370991      1.64248049603662      4.87530203973695      h
   -3.68826078741962     -0.74971503866778      6.50749297409075      h
   -5.35882640112933      1.64248049603662     -4.87530203973695      h
   -2.01769517370991      1.64248049603662     -4.87530203973695      h
   -3.68826078741962     -0.74971503866778     -6.50749297409075      h
    3.68826078741962     -0.40220186415488      0.00000000000000      c
    3.68826078741962      1.18228292057861     -2.41120996439264      c
    3.68826078741962      1.18228292057861      2.41120996439264      c
    3.68826078741962     -0.42509023350332     -4.80635536241877      c
    3.68826078741962     -0.42509023350332      4.80635536241877      c
    2.02770316611986     -1.64840100967340      0.00000000000000      h
    5.34881840871938     -1.64840100967340      0.00000000000000      h
    2.02906187959093      2.42590825838142     -2.40738515762569      h
    5.34745969524832      2.42590825838142     -2.40738515762569      h
    2.02906187959093      2.42590825838142      2.40738515762569      h
    5.34745969524832      2.42590825838142      2.40738515762569      h
    2.01769517370991     -1.64248049603662     -4.87530203973695      h
    5.35882640112933     -1.64248049603662     -4.87530203973695      h
    3.68826078741962      0.74971503866778     -6.50749297409075      h
    2.01769517370991     -1.64248049603662      4.87530203973695      h
    5.35882640112933     -1.64248049603662      4.87530203973695      h
    3.68826078741962      0.74971503866778      6.50749297409075      h
$user-defined bonds
$redundant
     number_of_atoms            34
     degrees_of_freedom         26
     internal_coordinates       42
     frozen_coordinates          0
# definitions of redundant internals
   1 k  1.0000000000000 stre    2    8           val=   2.07354
   2 k  1.0000000000000 stre    1    6           val=   2.07617
   3 k  1.0000000000000 stre    4   14           val=   2.06737
   4 k  1.0000000000000 stre    4   12           val=   2.06823
   5 k -0.0262022866565 bend   12   14    4      val=   1.46286
        0.5166744874613 bend   13   14    4
        0.5238035059554 bend   13   12    4
       -0.4851744620122 bend    2   14    4
       -0.4718013806047 bend    2   12    4
   6 k  0.0060250546782 bend   12   14    4      val=   0.27174
       -0.5973872706944 bend   13   14    4
        0.5889854476752 bend   13   12    4
       -0.3797329100114 bend    2   14    4
        0.3898604968570 bend    2   12    4
   7 k  0.8983944500403 bend   12   14    4      val=   0.59321
       -0.1957942452428 bend   13   14    4
       -0.1994595197890 bend   13   12    4
       -0.2363142042980 bend    2   14    4
       -0.2427416784963 bend    2   12    4
   8 k  0.8325498072915 bend    9    8    2      val=   1.88338
       -0.4201823296258 bend    4    8    2
       -0.3609814790944 bend    1    8    2
   9 k -0.0331371511801 bend    9    8    2      val=   0.08626
       -0.6882592267178 bend    4    8    2
        0.7247076417767 bend    1    8    2
  10 k  0.8353955653106 bend    7    6    1      val=   2.36914
       -0.3886606807097 bend    2    6    1
       -0.3886606807097 bend    3    6    1
  11 k -0.0023017960162 bend   12   14    4      val=   0.18137
       -0.3816821761449 bend   13   14    4
        0.3880169835409 bend   13   12    4
        0.5912743885979 bend    2   14    4
       -0.5951057351601 bend    2   12    4
  12 k  1.0000000000000 stre    1    7           val=   2.07617
  13 k  1.0000000000000 stre    1    2           val=   2.88523
  14 k  1.0000000000000 stre    2    9           val=   2.07354
  15 k  1.0000000000000 stre    2    4           val=   2.88451
  16 k  1.0000000000000 stre    4   13           val=   2.06823
  17 k -0.1671280644586 bend    2    7    1      val=  81.11152
        0.9859351956748 bend    3    2    1
  18 k  0.9859351956748 bend    2    7    1      val= 109.84568
        0.1671280644586 bend    3    2    1
  19 k -0.6182588883011 bend    4    9    2      val=   7.66091
        0.7838063626097 bend    1    9    2
       -0.0583398060443 bend    1    4    2
  20 k  0.6091780294575 bend    4    9    2      val=  22.68799
        0.4309638800873 bend    1    9    2
       -0.6657118464369 bend    1    4    2
  21 k  0.4966468317254 bend    4    9    2      val= 110.90389
        0.4471215941919 bend    1    9    2
        0.7439248648515 bend    1    4    2
  22 k  1.0000000000000 bend    2   13    4      val= 110.83526
  23 k  1.0000000000000 tors    4    2    1    3 val=  57.89516
        1.0000000000000 tors    4    2    1    7
        1.0000000000000 tors    9    2    1    3
        1.0000000000000 tors    9    2    1    7
  24 k  1.0000000000000 tors   13    4    2    1 val=   1.12574
        1.0000000000000 tors   13    4    2    9
  25 k  1.0000000000000 stre    7   23           val=   5.22640
  26 k  1.0000000000000 stre    7   25           val=   4.78094
  27 k  1.0000000000000 stre    9   32           val=   4.80423
  28 k  1.0000000000000 stre   13   32           val=   5.20340
  29 k  0.8540562569088 bend   23    1    7      val= 112.08548
        0.5189666160823 bend   25    1    7
       -0.0148032673847 bend   25   23    7
       -0.0322866025121 bend   27   25    7
  30 k -0.0098095103424 bend   23    1    7      val=  62.01715
        0.0821055213885 bend   25    1    7
        0.6321515232303 bend   25   23    7
        0.7704199559604 bend   27   25    7
  31 k -0.3243608962139 bend   23    1    7      val=  20.09079
        0.5169958270430 bend   25    1    7
        0.5823196694159 bend   25   23    7
       -0.5370373603752 bend   27   25    7
  32 k  0.7433203080156 bend   23    2    9      val= 122.37956
        0.6653615300521 bend   32    2    9
        0.0690576137601 bend   32   23    9
  33 k -0.6665188938546 bend   23    2    9      val=   6.37511
        0.7454450602968 bend   32    2    9
       -0.0080141258943 bend   32   23    9
  34 k -0.0568109481205 bend   23    2    9      val=  44.63089
       -0.0400711418074 bend   32    2    9
        0.9975804828523 bend   32   23    9
  35 k  0.7053212129280 bend   27    4   13      val= 118.41969
        0.7082834413476 bend   32    4   13
       -0.0292669319630 bend   32   27   13
  36 k  0.7087587669247 bend   27    4   13      val=  19.02723
       -0.7038036664917 bend   32    4   13
        0.0481810060111 bend   32   27   13
  37 k -0.0135276347226 bend   27    4   13      val=  56.59661
        0.0547262802096 bend   32    4   13
        0.9984097542358 bend   32   27   13
  38 k  1.0000000000000 tors   23    9    2    1 val=  90.67831
        1.0000000000000 tors   23    9    2    4
        1.0000000000000 tors   32    9    2    1
        1.0000000000000 tors   32    9    2    4
  39 k  1.0000000000000 tors   27   13    4    2 val= -32.96042
        1.0000000000000 tors   32   13    4    2
  40 k  1.0000000000000 tors   16   25    7    1 val=  55.04770
        1.0000000000000 tors   16   25    7   23
        1.0000000000000 tors   16   25    7   27
        1.0000000000000 tors   19   25    7    1
        1.0000000000000 tors   19   25    7   23
        1.0000000000000 tors   19   25    7   27
  41 k  1.0000000000000 tors   13   32    9    2 val=  19.48729
        1.0000000000000 tors   13   32    9   23
        1.0000000000000 tors   22   32    9    2
        1.0000000000000 tors   22   32    9   23
  42 k  1.0000000000000 tors    9   32   13    4 val= 125.99323
        1.0000000000000 tors    9   32   13   27
        1.0000000000000 tors   22   32   13    4
        1.0000000000000 tors   22   32   13   27
        26 non zero eigenvalues  of BmBt
           1           3.072764339    1    0
         1
           2           2.179599366    2    0
         2
           3           2.058651789    3    0
         3
           4           2.000354804    4    0
         4
           5           1.651639564    5    0
         5
           6           1.433463790    6    0
         6
           7           0.948467732    7    0
         7
           8           0.839514678    8    0
         8
           9           0.732156553    9    0
         9
          10           0.684226171   10    0
        10
          11           0.392317458   11    0
        11
          12           1.690830259   12    0
        12
          13           1.463853504   13    0
        13
          14           1.314045495   14    0
        14
          15           0.780414898   15    0
        15
          16           0.447453405   16    0
        16
          17           0.641987487    0    0
         0.000000000         0.000000000         0.000000000         0.000000000
         0.000000000         0.000000000         0.000000000         0.000000000
         0.000000000         0.000000000         0.000000000         0.000000000
         0.000000000         0.000000000         0.000000000         0.000000000
         0.164144000         0.400195495        -0.864072806        -0.220302242
        -0.132516884         0.013590326         0.000000000         0.000000000
         0.000000000         0.000000000         0.000000000         0.000000000
         0.000000000         0.000000000         0.000000000         0.000000000
         0.000000000         0.000000000         0.000000000         0.000000000
         0.000000000         0.000000000         0.000000000         0.000000000
         0.000000000         0.000000000
          18           0.584237907    0    0
         0.000000000         0.000000000         0.000000000         0.000000000
         0.000000000         0.000000000         0.000000000         0.000000000
         0.000000000         0.000000000         0.000000000         0.000000000
         0.000000000         0.000000000         0.000000000         0.000000000
        -0.170769196         0.294624257         0.243634670        -0.227980276
        -0.454197939         0.752599364         0.000000000         0.000000000
         0.000000000         0.000000000         0.000000000         0.000000000
         0.000000000         0.000000000         0.000000000         0.000000000
         0.000000000         0.000000000         0.000000000         0.000000000
         0.000000000         0.000000000         0.000000000         0.000000000
         0.000000000         0.000000000
          19           0.268600236    0    0
         0.000000000         0.000000000         0.000000000         0.000000000
         0.000000000         0.000000000         0.000000000         0.000000000
         0.000000000         0.000000000         0.000000000         0.000000000
         0.000000000         0.000000000         0.000000000         0.000000000
         0.059549961        -0.511735936        -0.362506349         0.437258515
         0.226717431         0.600477708         0.000000000         0.000000000
         0.000000000         0.000000000         0.000000000         0.000000000
         0.000000000         0.000000000         0.000000000         0.000000000
         0.000000000         0.000000000         0.000000000         0.000000000
         0.000000000         0.000000000         0.000000000         0.000000000
         0.000000000         0.000000000
          20           0.132032465   23    0
        23
          21           0.433615067   23    0
        23
          22           0.263031232   24    0
        24
          23           1.289681687    0    0
         0.000000000         0.000000000         0.000000000         0.000000000
         0.000000000         0.000000000         0.000000000         0.000000000
         0.000000000         0.000000000         0.000000000         0.000000000
         0.000000000         0.000000000         0.000000000         0.000000000
         0.000000000         0.000000000         0.000000000         0.000000000
         0.000000000         0.000000000         0.000000000         0.000000000
        -0.472376102        -0.167026305        -0.152874147        -0.650427042
         0.109835656         0.106716995         0.077532960        -0.300960659
        -0.009238969         0.066677974         0.155186080         0.018542653
         0.133117897        -0.018501137         0.211173459        -0.143080669
        -0.255810935        -0.070498614
          24           0.871554172    0    0
         0.000000000         0.000000000         0.000000000         0.000000000
         0.000000000         0.000000000         0.000000000         0.000000000
         0.000000000         0.000000000         0.000000000         0.000000000
         0.000000000         0.000000000         0.000000000         0.000000000
         0.000000000         0.000000000         0.000000000         0.000000000
         0.000000000         0.000000000         0.000000000         0.000000000
        -0.059504596         0.600633506         0.663580254        -0.074781024
         0.174564812        -0.089300422         0.064818991        -0.186683992
        -0.004277975        -0.122504413         0.240874370        -0.054331574
        -0.033548034        -0.036675632         0.107268810         0.055513460
        -0.020866316        -0.137023554
          25           0.473048690    0    0
         0.000000000         0.000000000         0.000000000         0.000000000
         0.000000000         0.000000000         0.000000000         0.000000000
         0.000000000         0.000000000         0.000000000         0.000000000
         0.000000000         0.000000000         0.000000000         0.000000000
         0.000000000         0.000000000         0.000000000         0.000000000
         0.000000000         0.000000000         0.000000000         0.000000000
         0.211800807         0.031009094        -0.024804279        -0.373872798
         0.263853540        -0.273186044         0.066573912         0.233119576
        -0.258577791        -0.152773912         0.117693239         0.102030787
         0.007973093         0.486907059        -0.338739990         0.121772132
        -0.124281366         0.337833004
          26           0.303309060    0    0
         0.000000000         0.000000000         0.000000000         0.000000000
         0.000000000         0.000000000         0.000000000         0.000000000
         0.000000000         0.000000000         0.000000000         0.000000000
         0.000000000         0.000000000         0.000000000         0.000000000
         0.000000000         0.000000000         0.000000000         0.000000000
         0.000000000         0.000000000         0.000000000         0.000000000
         0.270900212        -0.494739121         0.569463739        -0.187424858
        -0.180550898        -0.023126844         0.027694863         0.001997045
        -0.258606123         0.196235720        -0.219032164        -0.326016965
         0.020429705        -0.069411687         0.051655577        -0.039420526
        -0.139250904         0.005347697
$end
