$coord
    0.00000000000000      2.49930831965350      0.00000000000000       n
    0.05636864081785     -3.62805307718289      0.00000000000000       p
   -0.01243061850212      5.17298922849288      0.00000000000000       f
    0.58538802308852     -6.25241402368009      0.00000000000000       h
    1.09712397014782      2.09206855856437      1.52671730166284       h
   -1.75664405970330     -3.78149883917320      1.96051149437127       h
    1.09712397014782      2.09206855856437     -1.52671730166284       h
   -1.75664405970330     -3.78149883917320     -1.96051149437127       h
$end
