$coord
    3.64995234040493     -0.21548420313173      0.20577796173015       n
    5.03472511849470      0.56373383269137      1.26087844797787       h
    1.10791020329174      0.39283831992809      0.99631494935956       c
   -0.06413422098639      0.37014531951662     -0.68936338627915       h
    0.11312415303209     -1.53147836653875      2.93220827249075       c
    1.11399848545454      3.02211986789374      2.14195726932333       c
    1.68159709302190     -2.01850330596251      4.17522913879635       h
   -1.31621629301132     -0.63123020573211      4.12247145409774       h
   -0.99608800379033     -3.88493210576964      1.65944927122987       c
    2.90110945996681      3.78047491279985      3.42641696329796       o
   -0.49808776006072     -5.59118532110555      2.70592088410173       h
   -0.20905041978140     -4.07797831136997     -0.23617010044503       h
   -3.88420462446956     -3.78085428820841      1.51808481950111       c
   -4.66850455497203     -3.99121842134176      3.41176607268388       h
   -4.59391843891644     -5.37433623041809      0.42210719703345       h
   -4.94791567391595     -1.43701894814876      0.52482097052354       n
   -4.99774115127727      0.01256375439327      1.76252139193142       h
   -4.40018875888481     -0.56339230183663     -1.86312105575365       c
   -4.12387544628015      1.84100965908400     -2.21004875310815       n
   -4.12671841340409     -2.42718057952085     -3.64227137414643       n
   -3.95932863032575      2.23764159831742     -4.08034473952088       h
   -5.18439471370454     -3.99294199593816     -3.46456412329680       h
   -3.75739912012224     -1.87325267768897     -5.41828255095184       h
   -1.02666649623783      4.33282585858492      1.72187966309664       n
   -1.31737415662602      6.85574782409077      2.73762481114905       c
   -2.23920513616011      3.68416446578410      0.35922279532065       h
   -0.79233566078356      6.86847517242492      4.72357751702048       h
   -3.27963640062133      7.42550854782272      2.54395366781581       h
   -0.11891446180879      8.21590652577064      1.75906085236325       h
    4.17297983011164     -1.10721339305136     -2.14423665205732       c
    6.94929938350184     -1.25253209841068     -2.78998807689081       c
    2.52918268416750     -1.76385194860837     -3.64519483422730       o
    8.17017571236949     -0.94549116432872     -1.16663828671301       h
    7.33783274756123     -3.09540601293544     -3.60722640620001       h
    7.36128123581153      0.16723154595415     -4.21985177329706       h
$end
