$coord
       -1.21432788018481       -0.91425318394308        0.00000000000000      C
        0.86536444616348        1.04899252995323        0.00000000000000      C
        3.99605456318300       -0.41908183613259        0.00000000000000      Cl
       -3.05098828221010        0.03611203556479        0.00000000000000      H
       -1.10844419645740       -2.11430208064905       -1.67226981073235      H
       -1.10844419645740       -2.11430208064905        1.67226981073235      H
        0.81039277298162        2.23841730792788        1.67516503480213      H
        0.81039277298162        2.23841730792788       -1.67516503480213      H
$end
