$coord
        0.00000000000000        0.42865032600000        0.00000000000000      C
        0.03333098699999       -2.45018092500000        0.00000000000000      N
       -2.57444741600000        1.53272273599999        0.00000000000000      B
        2.53639967300001        1.63229617799999        0.00000000000000      B
       -1.78163933300000       -3.09902590200000        0.00000000000000      H
        0.93285567599999       -3.14595535799999        1.55073749400000      H
        0.93285567599999       -3.14595535799999       -1.55073749400000      H
       -2.87294286399999        3.76292254800001        0.00000000000000      H
       -4.39674420399999        0.15181680700001        0.00000000000000      H
        4.42584031500000        0.35492077700001        0.00000000000000      H
        2.71669276099999        3.87554265799999        0.00000000000000      H
$end
