$coord
   -3.31505036147333     -1.19880264989333     -2.70478341638000      c
   -2.71897764747333     -3.14358464529333     -3.11426138488000      h
   -2.38019198997333      0.06139543240667     -4.06540150318000      h
   -5.36562471107333     -1.07768695549333     -3.01047768518000      h
   -2.65118389187333     -0.45541773349333      0.02192201362000      c
   -3.28100039047333      1.49213919610667      0.39843603862000      h
   -3.68495063307333     -1.68982154899333      1.34455663522000      h
    0.12041113752667     -0.58150501009333      0.62220372702000      c
    1.60559084552667      1.39173472110667      1.17644159372000      c
    0.65139998152667      3.22834988710667      1.18274797022000      h
    4.36375206302667      1.39227207010667      1.78015616852000      c
    5.42181591212667      2.53962351030667      0.40166444492000      h
    4.71064300282667      2.24230232200667      3.64885177072000      h
    5.15253419472667     -0.52342045609333      1.77523673142000      h
    1.37083248812667     -3.67757813979333      0.54270689562000      cl
$redundant
     number_of_atoms            15
     degrees_of_freedom         39
     internal_coordinates       39
     frozen_coordinates          0
# definitions of redundant internals
   1 k  1.0000000000000 tors    2    1    5    8 val=  59.66708
        1.0000000000000 tors    4    1    5    8
        1.0000000000000 tors    3    1    5    8
   2 k  1.0000000000000 stre    1    2           val=   2.07489
   3 k  1.0000000000000 stre    1    4           val=   2.07677
   4 k  1.0000000000000 stre    1    3           val=   2.07686
   5 k  0.4146554088441 bend    4    2    1      val=   1.21740
        0.4212125333436 bend    3    2    1
        0.4172987667589 bend    3    4    1
       -0.3995017288432 bend    5    2    1
       -0.3983962103524 bend    5    4    1
       -0.3977203303330 bend    5    3    1
   6 k  0.3422723349094 bend    4    2    1      val=   0.21415
       -0.6886926844707 bend    3    2    1
        0.3538574468900 bend    3    4    1
       -0.2218243951234 bend    5    2    1
        0.4342579217535 bend    5    4    1
       -0.2134266560557 bend    5    3    1
   7 k  0.6475911193016 bend    4    2    1      val=  -0.03901
       -0.0066167654798 bend    3    2    1
       -0.6381230271719 bend    3    4    1
        0.2919361380547 bend    5    2    1
        0.0022740293415 bend    5    4    1
       -0.2968991123219 bend    5    3    1
   8 k  0.2159545935484 bend    4    2    1      val=   0.22686
       -0.4334514470487 bend    3    2    1
        0.2209340155742 bend    3    4    1
        0.3474115720756 bend    5    2    1
       -0.6920342159957 bend    5    4    1
        0.3421483023752 bend    5    3    1
   9 k -0.2944577258695 bend    4    2    1      val=   0.15702
        0.0010835218432 bend    3    2    1
        0.2944166615891 bend    3    4    1
        0.6408319471312 bend    5    2    1
        0.0042770978080 bend    5    4    1
       -0.6449251313178 bend    5    3    1
  10 k  1.0000000000000 stre    5    6           val=   2.08120
  11 k  1.0000000000000 stre    5    7           val=   2.08370
  12 k  0.0271986248810 bend    7    6    5      val=   0.57624
        0.4917259777485 bend    8    6    5
        0.5065808203531 bend    8    7    5
       -0.5034941499160 bend    1    6    5
       -0.4973281723999 bend    1    7    5
  13 k  0.0078444454813 bend    7    6    5      val=   0.36961
        0.5019630453425 bend    8    6    5
       -0.4899316923973 bend    8    7    5
        0.4996835503698 bend    1    6    5
       -0.5081878117980 bend    1    7    5
  14 k  0.9077157445638 bend    7    6    5      val=   3.35449
       -0.2303345582396 bend    8    6    5
       -0.2136451742399 bend    8    7    5
       -0.1945147350428 bend    1    6    5
       -0.1987910353279 bend    1    7    5
  15 k -0.0085187969614 bend    7    6    5      val=   0.82123
       -0.5025208195487 bend    8    6    5
        0.5052697620107 bend    8    7    5
        0.5015672555576 bend    1    6    5
       -0.4904416497083 bend    1    7    5
  16 k  1.0000000000000 stre    9   10           val=   2.06970
  17 k  0.7071067968368 bend    8   10    9      val=  -0.87856
       -0.7071067655363 bend   11   10    9
  18 k  1.0000000000000 outp   10   11    8    9 val=  -0.04888
  19 k  1.0000000000000 tors   14   11    9    8 val= 118.65775
        1.0000000000000 tors   13   11    9    8
        1.0000000000000 tors   12   11    9    8
  20 k  1.0000000000000 stre   11   14           val=   2.07173
  21 k  1.0000000000000 stre   11   13           val=   2.08204
  22 k  1.0000000000000 stre   11   12           val=   2.08234
  23 k  0.4401522917479 bend   13   14   11      val=   1.45613
        0.4383323499774 bend   12   14   11
        0.3787722384354 bend   12   13   11
       -0.3847260598650 bend    9   14   11
       -0.4016659911800 bend    9   13   11
       -0.4016373897100 bend    9   12   11
  24 k -0.2950764459283 bend   13   14   11      val=   0.84410
       -0.3219288666243 bend   12   14   11
        0.6930338476122 bend   12   13   11
       -0.4816094311566 bend    9   14   11
        0.2292812239986 bend    9   13   11
        0.2108986915532 bend    9   12   11
  25 k -0.6640608914575 bend   13   14   11      val=   0.03200
        0.6492508227924 bend   12   14   11
        0.0184734073969 bend   12   13   11
       -0.0078778498682 bend    9   14   11
       -0.2588908564995 bend    9   13   11
        0.2647049275355 bend    9   12   11
  26 k  0.2188834516343 bend   13   14   11      val=   0.46642
        0.2374200260142 bend   12   14   11
       -0.4735378720255 bend   12   13   11
       -0.6605916145467 bend    9   14   11
        0.3564080338004 bend    9   13   11
        0.3287486605886 bend    9   12   11
  27 k  0.2653927349139 bend   13   14   11      val=   0.07861
       -0.2581951791125 bend   12   14   11
       -0.0074812787855 bend   12   13   11
       -0.0173236360307 bend    9   14   11
       -0.6473262523686 bend    9   13   11
        0.6659689113125 bend    9   12   11
  28 k  1.0000000000000 stre    8   15           val=   3.33999
  29 k  0.7071068916895 bend    9   15    8      val=   3.43039
       -0.7071066706836 bend    5   15    8
  30 k  1.0000000000000 outp   15    5    9    8 val=   0.06605
  31 k  1.0000000000000 tors    1    5    8    9 val= 113.87895
  32 k  1.0000000000000 stre    5    1           val=   2.90315
  33 k  1.0000000000000 bend    8    1    5      val= 114.23688
  34 k  1.0000000000000 tors   11    9    8    5 val= 180.20126
  35 k  1.0000000000000 stre    9   11           val=   2.82346
  36 k  1.0000000000000 bend    8   11    9      val= 128.32811
  37 k  1.0000000000000 stre    8    9           val=   2.53113
  38 k  1.0000000000000 stre    8    5           val=   2.83866
  39 k  1.0000000000000 bend    5    9    8      val= 125.77336
        39 non zero eigenvalues  of BmBt
           1           7.258298105    1    0
         1
           2           5.140422927    2    0
         2
           3           4.258862723    3    0
         3
           4           4.089534568    4    0
         4
           5           3.671729026    5    0
         5
           6           3.599575196    6    0
         6
           7           3.181774163    7    0
         7
           8           3.035846410    8    0
         8
           9           2.985078508    9    0
         9
          10           2.674028862   10    0
        10
          11           2.391799683   11    0
        11
          12           2.170254144   12    0
        12
          13           2.128946948   13    0
        13
          14           1.258602797   14    0
        14
          15           1.044825818   15    0
        15
          16           0.878676474   16    0
        16
          17           0.862237662   17    0
        17
          18           0.770520626   18    0
        18
          19           0.713510608   19    0
        19
          20           0.686432557   20    0
        20
          21           0.682726897   21    0
        21
          22           0.680120045   22    0
        22
          23           0.669021869   23    0
        23
          24           0.567175101   24    0
        24
          25           0.458679410   25    0
        25
          26           0.401976771   26    0
        26
          27           0.346863434   27    0
        27
          28           0.297705852   28    0
        28
          29           0.292699204   29    0
        29
          30           0.273260459   30    0
        30
          31           0.267060226   31    0
        31
          32           0.234122866   32    0
        32
          33           0.188324345   33    0
        33
          34           0.161369641   34    0
        34
          35           0.081959332   35    0
        35
          36           0.060306058   36    0
        36
          37           0.035912077   37    0
        37
          38           0.030659363   38    0
        38
          39           0.023175865   39    0
        39
$user-defined bonds
$end
