$coord
        2.63005810003749       -0.76957250806250        0.21893040475001      C
        3.02360403003751        0.38796965983749       -1.46361915885000      H
        3.17957638893749        0.29130561333750        1.92328802345001      H
        3.91749913253749       -3.34230486506250        0.07094673825001      C
        3.23388702553750       -4.40261869036251       -1.57686011465001      H
        5.97286130063750       -3.11032426756250       -0.11496637434999      H
        3.55055687473750       -4.47536834756250        1.77276526445001      H
       -1.60133153996250        2.22409973273751        0.24811419755001      C
       -0.62342973736250        3.00200932603750       -1.41440656135001      H
       -0.80708196666249        3.07736254893751        1.97191857025000      H
       -4.45510390946251        2.57366995333749        0.06980045724999      C
       -5.41916007876250        1.82938810553750        1.75274673445000      H
       -4.92576187716250        4.58908580133751       -0.10187673735000      H
       -5.20285903506249        1.58927850743750       -1.59700452705001      H
       -0.82952904966251       -1.17275117336250        0.36272958825000      S
       -1.64378565836250       -2.29122939656251       -2.12250650505000      O
$end
