$coord
    2.05219182937087      0.00000000000000      1.07432764311690      c
    1.34866718099269      0.00000000000000     -1.38375014107856      c
   -1.34866718099269      0.00000000000000     -1.38375014107856      c
   -2.05219182937087      0.00000000000000      1.07432764311690      c
    0.00000000000000      0.00000000000000      2.59381482815261      o
    3.85899004690498      0.00000000000000      2.01218151906025      h
    2.58949368751825      0.00000000000000     -2.99966643517488      h
   -2.58949368751825      0.00000000000000     -2.99966643517488      h
   -3.85899004690498      0.00000000000000      2.01218151906025      h
$redundant
     number_of_atoms             9
     degrees_of_freedom          8
     internal_coordinates        8
     frozen_coordinates          0
# definitions of redundant internals
   1 k  1.0000000000000 stre    1    6           val=   2.03570
   2 k  1.0000000000000 stre    2    3           val=   2.69733
   3 k  1.0000000000000 stre    3    4           val=   2.55677
   4 k  1.0000000000000 stre    2    7           val=   2.03736
   5 k  1.0000000000000 stre    4    5           val=   2.55349
   6 k  0.7071067811865 bend    2    6    1      val=   8.67678
       -0.7071067811865 bend    5    6    1
   7 k  0.5877852522925 bend    1    3    2      val=   1.22350
       -0.9510565162952 bend    2    4    3
        0.9510565162952 bend    3    5    4
       -0.5877852522925 bend    4    1    5
   8 k -0.7071067811865 bend    1    7    2      val=   0.50567
        0.7071067811865 bend    3    7    2
         8 non zero eigenvalues  of BmBt
           1           4.006747775    1    0
         1
           2           3.663587307    2    0
         2
           3           2.644611622    3    0
         3
           4           1.891928775    4    0
         4
           5           0.785932728    5    0
         5
           6           0.463478951    6    0
         6
           7           0.372723070    7    0
         7
           8           0.297547932    8    0
         8
$user-defined bonds
$end
