$coord
        2.28140942245142        1.31717234418407        0.00000000000000      C
        4.05131103241145        2.33902551513365        0.00000000000000      H
        2.28140942245142       -1.31717234418407        0.00000000000000      C
        4.05131103241145       -2.33902551513365        0.00000000000000      H
        0.00000000000000       -2.63434468836815        0.00000000000000      C
        0.00000000000000       -4.67805103026731        0.00000000000000      H
       -2.28140942245142       -1.31717234418407        0.00000000000000      C
       -4.05131103241145       -2.33902551513365        0.00000000000000      H
       -2.28140942245142        1.31717234418407        0.00000000000000      C
       -4.05131103241145        2.33902551513365        0.00000000000000      H
        0.00000000000000        2.63434468836815        0.00000000000000      C
        0.00000000000000        4.67805103026731        0.00000000000000      H
$end
