$coord
       -4.77340548147620       -0.82472714533334       -0.13823609590477      C
       -3.52344560147619        1.12240261566668        0.17780328109525      O
       -3.71110264247619       -3.10704405733333       -0.46451129490477      N
       -1.79411271547620       -3.28552657033332       -0.45325834290475      H
       -4.79511225547619       -4.63812363733333       -0.71471335390477      H
       -7.61842188447619       -0.72056790533332       -0.16518833390476      C
       -8.26041922047619       -0.00276032133333        1.64968214109524      H
       -8.49500922847618       -2.54206000033332       -0.52484957090476      H
       -8.20752982247618        0.61874294166667       -1.60650274590476      H
        5.48391361252381       -1.00275883733332       -0.09650691190477      N
        6.40993499552381       -2.65807788633333       -0.31937830190475      H
        7.00254657452381        1.15690494666667        0.18786226109524      C
        9.29962572952380        0.97620495566667        0.15916719509524      O
        5.54255906152381        3.45352009166668        0.49615960009524      C
        6.52854814452381        5.21699889866667        0.72866227009525      H
        2.99301499852380        3.33697024166667        0.48543208509524      C
        1.82062133852380        4.99305123966668        0.70780917609525      H
        1.69839753552380        1.12167940766667        0.19334514009524      N
       -0.25329347347619        1.10455647966666        0.19176283809524      H
        2.89060669952381       -1.15443790733333       -0.11328186690475      C
        1.76208363552381       -3.16494755033333       -0.38125916890477      O
$end
