$coord
   -1.97401442529541     -1.53663797674849     -0.96404844410074       n
    0.51551948914996     -1.60524831391057      0.19221490891819       c
    2.17210096056972      0.59724637522747     -0.70916573390697       c
    4.08923886618656      0.24108237190890     -1.98752156809471       o
    1.76570317687931     -4.11759975531098     -0.44679220456557       c
    4.19958436234711     -4.30168597468846      0.60150873004831       o
   -2.26713053316303     -2.58701507989182     -2.52189414145288       h
    0.26438864132988     -1.44513461802136      2.23132100858573       h
    0.63398066494729     -5.64576014595614      0.33923773233735       h
    1.80970810609912     -4.33127073191786     -2.50697965016646       h
    5.15060975559885     -2.98991213422085     -0.24802414750269       h
    1.33660706239557      2.87960000384031      0.03101465221902       n
   -0.30983995784043      2.91539302943321      1.01191075172800       h
    2.59435333097942      5.19820611340683     -0.68831173300965       c
    1.48308873744316      6.25848761212443     -2.05823897701269       h
    2.91684925268930      6.37572828263293      0.96465665995623       h
    4.39574510879649      4.70036963847640     -1.53297679344686       h
   -3.88373542751531     -0.07954385776297     -0.07478749078557       c
   -3.59748683014043      1.38333609823243      1.71123470314302       o
   -6.38990219859491     -0.36937644350831     -1.39403579888641       c
   -7.77040566232197     -1.02793902830601     -0.02140002845590       h
   -6.33061266589768     -1.67996171134074     -2.97449240552962       h
   -7.00130793522704      1.47637781216631     -2.05657216209248       h
$end
