$coord
        2.37004565040617       -2.25279485153864        0.65747598106267      N
        1.92402191239696       -3.07287297267809        2.31404607509638      H
        0.56558260478373       -0.50140876950653       -0.45920722353629      C
        0.86432827744099       -0.58254728266017       -2.49773865460972      H
       -2.10334237783444       -1.30704202140009        0.20597855279260      C
        1.13319657774801        2.18528643071693        0.47515431914191      C
       -2.37334906897987       -1.15063402613501        2.24065192426907      H
       -2.33498126669351       -3.28368250451552       -0.33487400644052      H
       -4.06153828068548        0.32727034669915       -1.13829775848568      C
       -0.10795978460807        3.20000081007524        2.15249196605471      O
       -3.74136517353957        0.36481383532195       -3.16871427278913      H
       -3.92900423912735        2.25110849897598       -0.41199299997206      H
       -6.72226549070190       -0.57223454220471       -0.73476828495460      C
       -7.20401441320191       -1.01993726353309        1.74225224244316      O
       -8.29760365594541       -0.86462559253416       -2.36336262230427      O
        4.70665865580461       -2.61047850814827       -0.33349862736068      C
        6.34386626891495       -4.51983046100742        1.00112654979000      C
        5.43825571821778       -1.47260027835737       -2.22568113376247      O
        8.11331663358350       -3.61559334693105        1.52195401565223      H
        6.78104611715985       -6.03347650419572       -0.31845178292354      H
        5.46246445083427       -5.31690347252194        2.67646249693060      H
        3.12391999353403        3.26494595931779       -0.70187901620358      N
        4.10112708052579        5.68331151821120        0.12241326169604      C
        4.19090465743254        2.11570065726786       -1.79982639855456      H
        5.43675930293905        5.48490181097583        1.67877405008893      H
        5.03518071853988        6.61357302827139       -1.45073377166277      H
        2.52946773613508        6.83386786735626        0.76623280731315      H
       -8.95711694176251       -1.54449747614718        1.80419441242371      H
$end
