$coord
    1.98220774935294      4.39230290217647      0.07629584488235      c
    1.16802192535294      4.98009970617647     -1.72420213511765      h
    0.78367944335294      5.15846040817647      1.56586791788235      h
    3.83958167935294      5.26242234417647      0.25226993688235      h
    2.12018885835294      1.52205299217647      0.24546098088235      c
    2.93349601635294      0.97485853717647      2.06203748288235      h
    3.39497834335294      0.78286673217647     -1.20040270211765      h
   -0.45888118564706      0.27829836417647     -0.04710027311765      c
   -1.72734891064706      0.97537256917647      1.42994592188235      h
   -1.30447851764706      0.86461423017647     -1.84215141811765      h
   -0.35251051664706     -2.59538253482353      0.06559447388235      c
    0.44798779835294     -3.16689315082353      1.88093364388235      h
    0.95427609335294     -3.27923457182353     -1.37910563411765      h
   -2.94008004264706     -3.80834702282353     -0.28168737111765      c
   -3.76849622364706     -3.29158693182353     -2.09617488311765      h
   -2.83248132564706     -5.86204148882353     -0.19843135711765      h
   -4.24014118464706     -3.18786308482353      1.19084957088235      h
$user-defined bonds
$end
