$coord
    -1.213128497    -2.248849518    -1.147536108     C 
    -0.021089342     0.044295177     0.002513336     N 
    -1.187560504     2.557763025    -0.670399192     C 
    -3.843211336     2.933591730     0.397484965     C 
     0.098568108    -0.142749901     1.937309291     H 
     1.811642513     0.105352224    -0.649933460     H 
    -1.150427388    -2.014580187    -3.200043095     H 
    -0.058827170    -3.885956938    -0.636062871     H 
    -3.156371527    -2.491339157    -0.487568203     H 
    -4.515216795     4.833824597    -0.088004539     H 
    -5.201451891     1.575445661    -0.381441191     H 
    -3.861371603     2.770546172     2.468190013     H 
    -1.136896950     2.657842914    -2.738156268     H 
     0.144941983     3.980934566     0.031123787     H 
     4.824168097     0.298557809    -2.316558400     CL
$end
