$coord
       -1.98976634463448       -0.47541919023750       -0.29810051801044      C
       -3.63425893780327       -0.98586256462191       -1.44824264454251      H
       -0.52922158296689       -2.28468267411101        0.32388016191527      O
       -1.42741786255810        2.07405568906571        0.15880691502932      C
       -0.71978345593320        2.55364361515236        2.02784432621212      H
        1.25694188865822        1.68766338667457       -0.44430107000727      H
       -2.68006440371627        3.47167257050820       -0.64902833006570      H
        1.65403382041375       -1.21177554435611        0.37229683516594      H
        3.10395454176225        0.39403624459864       -0.00989649575791      O
        4.02837455089953        0.01801097977252       -1.53468438703910      H
$end
