$coord
    3.97579823750657      0.24948531688068      0.25320033926645       n
    4.71013995193895      1.82439000378639      1.03513259412887       h
    1.26644869376885      0.20669512954560     -0.01572098611533       c
    0.80512035070488     -0.61657854915200     -1.84756117444565       h
    0.06871763111704     -1.40823063429709      2.08025623064625       c
    0.70933275318568     -0.66067230721825      3.89350247409687       h
    0.82709232133376     -3.31181519480863      1.86871253143816       h
   -2.80758569206009     -1.48273567949844      2.08163557416085       c
   -3.46704231699419     -2.78577367730183      3.53458147875382       h
   -3.59208019608362      0.38217961963761      2.48112964061860       h
   -4.02662955628140     -2.54081617888057     -0.94992860109677       s
   -7.35269579413052     -2.27535487842617     -0.22872125811413       c
   -8.39629011638453     -2.82973812929880     -1.90870488041385       h
   -7.84210779392552     -0.33878419223905      0.26114624912049       h
   -7.85495185639915     -3.53251366400549      1.31810936296035       h
    0.37102330059504      2.93679850629925      0.13162977169600       c
    1.56572551866212      4.52856313617350      1.33177383829052       o
   -1.80364335140574      3.41690304169113     -1.11191150104145       n
   -2.70893882940793      1.92969066815053     -1.90205051552286       h
    5.43153357674191     -1.70366859602505     -0.54425408963891       c
    4.52569784402088     -3.60783061259067     -1.50858966005581       o
    8.23861712660035     -1.37841315456983     -0.15375181065033       c
    9.18413967429579     -1.66804226483270     -1.95413177860597       h
    8.89343855883572     -2.83739400431609      1.13741966670625       h
    8.74243336106888      0.46672734152526      0.59580531774211       h
   -3.02141435009052      5.86294573371246     -0.99562460822434       c
   -1.60098608448518      7.25052914844936     -0.48175303737816       h
   -3.81215833062991      6.33836334012841     -2.83039173070912       h
   -4.52147197980959      5.90608212816708      0.41632711236204       h
$end
