$coord
        2.56028411278332       -0.85543555665628        1.10623811928672      C
        1.38172428466492       -2.53850312937568        1.18778736082526      H
        3.85377897402994       -0.99585165696034       -1.25937585591739      O
        0.93810918524389        1.50810160952779        1.36891383121009      C
       -0.10064492411135        1.37468694454606        3.14506175433091      H
        2.16485514002473        3.16653093292662        1.51262561388991      H
       -0.91741857381493        1.90010828825972       -0.81720639698800      C
        0.11671893459767        2.31235960305325       -2.55274410551311      H
       -2.10909499102166        3.53233466909996       -0.40408202872106      H
        4.98551894747997        0.42260701400175       -1.34192854203250      H
        3.89996954989607       -0.96465605795867        2.67702950354687      H
       -2.59405162905184       -0.37449269693235       -1.31715612215649      C
       -3.96900691470879        0.09270240517484       -2.78800933987897      H
       -1.45277798726144       -1.95792067984308       -1.99391051404389      H
       -3.84620117223707       -1.01116788726738        0.98998405731773      O
       -4.89940790705662       -2.45368088217498        0.66856620855361      H
$end
