$coord
   -3.38918206947903     -1.44724857510347      0.00000000000000      c
   -0.63178169143009     -1.64687612646749      0.00000000000000      c
    0.63178169143009      1.64687612646749      0.00000000000000      c
    3.38918206947903      1.44724857510347      0.00000000000000      c
   -4.01652434699616     -3.45543278158572      0.00000000000000      h
   -4.18250654119081     -0.61121770835047     -1.70802999617077      h
   -4.18250654119081     -0.61121770835047      1.70802999617077      h
    0.27660198782180     -2.29656950297935     -1.72667500025547      h
    0.27660198782180     -2.29656950297935      1.72667500025547      h
   -0.27660198782180      2.29656950297935      1.72667500025547      h
   -0.27660198782180      2.29656950297935     -1.72667500025547      h
    4.18250654119081      0.61121770835047      1.70802999617077      h
    4.01652434699616      3.45543278158572      0.00000000000000      h
    4.18250654119081      0.61121770835047     -1.70802999617077      h
$user-defined bonds
$end
