$coord
        2.64351899003241       -0.09808056574904        1.09391332544804      C
        1.60151077227631       -0.92267201246435        2.66451762682101      H
        2.69355893803121       -2.03968346043465       -0.79299522577346      O
        1.36436526040823        2.31957268770249        0.19016880993067      C
        1.18370555237824        3.56874780195454        1.82628424715240      H
        2.60364765835464        3.29092593507608       -1.14964512855912      H
       -1.24294090773968        1.93592615738244       -1.02589641274709      C
       -1.04963326270227        1.10469232331002       -2.90458087583828      H
       -2.10362801331923        3.79275026856840       -1.29059791108492      H
        3.53199262866991       -1.37734389948889       -2.26309444276891      H
        4.55687992766203        0.31033649472088        1.75356569583283      H
       -3.04784479342460        0.27754785658918        0.50141993209987      C
       -2.88670217689505        0.75232642966765        2.51398204307535      H
       -4.98961020455767        0.67310911017708       -0.06266520829262      H
       -2.66916635310791       -2.35840089055488        0.13728860355414      O
       -0.94588918773297       -2.61799823860778       -0.39974699697223      H
$end
