$coord
       -4.16891852134737       -0.28357372625492        1.60886922974007      C
       -3.62340168440485       -0.19387611592310       -1.40432137315054      C
       -6.09493643341641        1.07360002851180       -2.47897779528800      C
       -7.08283888783263        2.88158019428492       -0.37045303013026      C
       -6.66430741005928        1.31901218088499        2.11058355807765      C
       -1.30493099733494        1.54030778747099       -1.94358928728637      C
        1.22247515929925        0.36539350581733       -1.16953530981853      C
        3.02049309918824        2.05189773336678        0.19555807512408      C
        3.54253309604776        4.47533951257835       -0.75682158807858      C
        5.20993021384972        6.07915892528939        0.51211314670011      C
        6.33317293617798        5.29921445653045        2.77526524298347      C
        5.78947728676628        2.90552967755711        3.75727013927478      C
        4.15054407692541        1.28595677874853        2.47133511625574      C
       -3.35470940802434       -2.55336500783309       -2.52744789027425      O
       -5.71177446313114        2.33561861408261       -4.69114212548586      F
       -7.90496730274672       -0.70635273175916       -2.89329507247609      F
       -5.61773331812574        5.01031251733793       -0.28894349768809      F
       -9.51026163725845        3.59214193879153       -0.70153860676871      F
       -6.43850075572590        2.83416971298192        4.15655936139482      F
       -8.70899121263530       -0.20157255684949        2.46239176194112      F
       -4.32674806635289       -3.01687725655517        2.73234194108833      C
       -6.07188956710823       -4.45457389161682        1.59964013335564      F
       -2.21860163554483        0.87919596653953        2.92765160598676      F
        1.58981775039050       -1.94059750702506       -1.81099842078234      N
        3.96045422994917       -3.31195801499671       -1.41488185278185      C
        3.54651821715401       -5.40977522101917        0.54678293784628      C
        4.76452043313414       -4.42822284604427       -3.97143428494001      C
       -2.05124420195988       -4.16604836200006        2.51829509485772      F
       -4.88244933152547       -2.88659371886684        5.23371199874508      F
        5.46179312691673       -2.04374210122235       -0.74031720047719      H
        5.06305620547341       -2.92808581549419       -5.37042582099800      H
        6.53341155895593       -5.48801441128911       -3.74756578909624      H
        3.30090509629412       -5.71373444366521       -4.68337628282739      H
        3.00235963674448       -4.62853566248808        2.38538886682144      H
        2.04233136094887       -6.69111187496315       -0.07933259941724      H
        5.29661378356795       -6.49827513607109        0.77406594361007      H
        2.65668633533889        5.09558933824984       -2.50632675595058      H
        5.61967006426208        7.94201701468148       -0.25561936187064      H
        7.61480815318225        6.55745578935971        3.77621506624142      H
        6.63476351688293        2.30202869808938        5.53189391104228      H
        3.69873293921288       -0.55946386026326        3.24841986988400      H
       -1.53589371626457        3.37445930504805       -1.03870593712085      H
       -1.28695875584108        1.82686901507195       -3.99424668814627      H
       -1.49501097002285       -2.92249842907430       -2.48505643011695      H
$end
