$coord
   -0.23697260192693      8.10477705838416      0.75024073893477       c
   -2.64174548205668      7.54716290718850     -0.18998947492067       c
   -2.36533637443518      6.75561596752328     -2.82199417465278       c
    1.59733353265958      7.65492340608063     -1.27720258739195       c
    0.27959726458029      6.64943735837699     -3.43000788873034       c
    3.67675755572359      6.36006189489469     -0.22661142251293       c
    0.68065799916011      6.93328990826332      3.02268233407478       c
    3.21968930698992      5.99536856179704      2.49257276879805       c
   -0.98699451057551      5.39806600441329      4.42043111840135       c
   -4.24661391972592      5.75635354386569      1.06234015916502       c
   -3.48624235899275      4.80893670152689      3.41754212132215       c
   -3.95104903624058      4.65182430392094     -3.23367592598986       c
   -5.17829028824085      3.97218052077635     -0.84583461406554       c
   -3.12660309843750      2.70919377616425     -4.84097247276724       c
    1.26000910314451      4.42177981594239     -4.69782137183105       c
   -0.51428688836608      2.60127491822219     -5.61274890865761       c
    4.83012941318936      4.38724488189130     -1.62113973556383       c
    3.67296752099147      3.44998153806449     -3.88485570925786       c
    5.95204545636496      2.24535879609395     -0.34185939428877       c
    4.07926071826063      3.78941905934135      3.64219673242447       c
    5.57368789154563      1.94641035796768      2.24340444132732       c
   -0.06673832399944      3.10044002910031      5.60115695061326       c
    2.45009437094737      2.35699474533940      5.30486849099164       c
   -4.06724754026127      2.22029157894122      4.04164666444861       c
   -2.02218950973208      1.18911621624192      5.50026201573452       c
   -5.75106268863884      1.43485847023372     -0.27933572648350       c
   -5.41917783579728      0.61569412799944      2.35277290818592       c
   -3.99538919227738      0.19039312042265     -4.46191287468955       c
   -5.40807191531431     -0.47525742968053     -2.29371802167017       c
    0.12799115098034     -0.04515595080837     -5.90979155797886       c
   -2.04665069171399     -1.53886786275207     -5.38423566576454       c
    4.30899755882474      0.79149818473099     -4.12635685088964       c
    5.76104252131922      0.04603599626845     -1.96466473446613       c
    2.60496385260620     -0.96908897752119     -5.25830998544744       c
    5.66355287293194     -2.45931302194142     -0.99205897661164       c
    5.06204586387514     -0.55467543808641      3.23644248504841       c
    3.06980662362317     -0.30197559041854      5.05804134522694       c
    5.31469544482787     -2.77656440252776      1.74639739769296       c
   -1.45934025023048     -1.45016714163623      5.49617529399954       c
    1.21051075065538     -2.23730856276786      5.34874528618066       c
   -5.26457442757796     -2.00165971399702      2.87463381889260       c
   -3.34724657685016     -3.05662030364050      4.49063935752600       c
   -5.41485244165171     -3.10329559425971     -1.64086847639116       c
   -5.66888813672292     -3.80152464494862      0.89151420798533       c
   -1.87664733831994     -4.10629514031769     -4.57318278398306       c
   -3.72323461407146     -4.98620454012097     -2.84009982970457       c
    2.84905184034128     -3.53264042678826     -4.58800485090635       c
    4.56404274559613     -4.31585745365973     -2.63049348574364       c
    0.62359393912536     -5.22856796378718     -4.48957468582273       c
    3.60181139523857     -6.63687861644306     -1.63079661404811       c
    1.14901225927720     -7.21372073104083     -2.82734228858146       c
    3.96384002551624     -4.94326750573784      2.65229657894704       c
    1.83026665600485     -4.62637101571926      4.31803422919220       c
    3.33170905961296     -6.95423071943228      0.95167552915187       c
   -2.70142378922367     -5.58322760700967      3.51852662921958       c
   -4.19005498348649     -6.07095968581121      1.35686720505817       c
   -3.09470338747871     -6.91433217569821     -0.97522397341160       c
   -0.63353748906399     -7.94600359150740     -0.89858783084594       c
   -0.16018868277768     -6.42037420517926      3.53305238708523       c
    0.73618949130108     -7.83357773673841      1.46411388741477       c
$end

