$coord
       -2.76760826395662       -2.76760826395662        2.55057600611586      O
       -2.76760826395662        2.76760826395662       -2.55057600611586      O
        2.76760826395662       -2.76760826395662       -2.55057600611586      O
        2.76760826395662        2.76760826395662        2.55057600611586      O
       -2.90009736056245       -2.90009736056245        0.68456340373726      H
       -2.90009736056245        2.90009736056245       -0.68456340373726      H
        2.90009736056245       -2.90009736056245       -0.68456340373726      H
        2.90009736056245        2.90009736056245        0.68456340373726      H
       -3.94889185806045       -3.94889185806045        3.25998766377268      H
       -3.94889185806045        3.94889185806045       -3.25998766377268      H
        3.94889185806045       -3.94889185806045       -3.25998766377268      H
        3.94889185806045        3.94889185806045        3.25998766377268      H
       -2.65561054426089       -2.65561054426089       -2.53035887270051      O
       -2.65561054426089        2.65561054426089        2.53035887270051      O
        2.65561054426089       -2.65561054426089        2.53035887270051      O
        2.65561054426089        2.65561054426089       -2.53035887270051      O
       -2.93401860949177       -0.87317544683791       -2.88542082702048      H
       -2.93401860949177        0.87317544683791        2.88542082702048      H
        2.93401860949177       -0.87317544683791        2.88542082702048      H
       -0.87317544683791       -2.93401860949177       -2.88542082702048      H
        0.87317544683791        2.93401860949177       -2.88542082702048      H
        0.87317544683791       -2.93401860949177        2.88542082702048      H
       -0.87317544683791        2.93401860949177        2.88542082702048      H
        2.93401860949177        0.87317544683791       -2.88542082702048      H
$end
