$coord
        5.23115965604457       -0.27890753638359        0.24597784911966      N
        2.57414984207536        0.02434078618284       -0.23010793331735      C
        2.02466836849966        2.84494770276726       -0.26078333274024      C
        3.36727684928513        4.34231750735038        0.90123244302968      O
        0.97331501980564       -1.29115869938208        1.82841550125504      C
       -1.79163734701974       -1.19028892813480        1.22636770992832      C
       -2.77906195719776       -2.68019514984525       -0.71959364648746      C
       -3.41656982088665        0.49400995141497        2.45323758937911      C
       -5.30638519043062       -2.48333874069372       -1.43084346374974      C
       -5.94520223293741        0.70081609681499        1.76777420492423      C
       -6.89612933536707       -0.78672162004451       -0.18852788180764      C
       -9.38983552572082       -0.50411993640646       -0.79225637467640      O
        6.13324679719916        1.23207719559946        0.97750079274852      H
        2.11845665740063       -0.83674284267004       -2.04750461362565      H
        1.63376334617461       -3.24001763023955        1.92198305707175      H
        1.36795056432908       -0.37638283847795        3.63374572526750      H
       -1.55873678391525       -4.01443404691660       -1.68160983121954      H
       -2.68724561479418        1.66639738838335        3.96467156659769      H
       -6.04510795684144       -3.65900980714134       -2.93629859484081      H
       -7.20238781119866        1.99383775332356        2.72762210417256      H
       -9.78892985751891       -1.67488389534534       -2.12686284680735      H
       -0.03512683606608        3.52731309289954       -1.60961558305244      N
       -1.16538986990553        2.12523346428493       -2.22727558626018      H
       -1.05981874825708        6.06087517656298       -1.45749474126616      C
        0.48839888768218        7.34970884360699       -1.07516417140652      H
       -1.94263283622338        6.55868459730977       -3.24285056359581      H
       -2.45062449989242        6.22355977612185        0.05481705640471      H
        6.42397196948537       -2.48331282462887       -0.28784083763520      C
        5.30249150092336       -4.30360246342357       -1.18991153657943      O
        9.21351669450924       -2.54742378366601        0.29944579879574      C
        9.55939191720878       -4.04144014462395        1.66748826260447      H
        9.92492544918465       -0.76832984404314        1.03963993679347      H
       10.23109255451489       -3.02854983764201       -1.41934985932501      H
$end
