$coord
   -0.03950493098824      0.04025437165436     -0.00434590479437       n
    0.05971703942220      0.21637464827965      2.69297562945730       c
    2.31134735452222     -0.25554007664217     -1.31602987063412       c
   -2.37081130537673      0.05334427226085     -1.38977660522912       c
    1.97175464248996     -0.86005153815430     -3.25702521579126       h
    3.43277851145003      1.49711398284590     -1.38142900711466       h
    3.50100917229161     -1.70074541782470     -0.42059335694033       h
   -2.42254100272960      1.53587440330263     -2.84092929987994       h
   -2.76142245070954     -1.75264636697491     -2.34729395668820       h
   -3.93502586975264      0.41870408970179     -0.10166430396012       h
   -1.83162081803231      0.49055933996143      3.45856990027340       h
    0.85976599928230     -1.49542436700042      3.56844813588679       h
    1.22455554785690      1.81218265858990      3.33909007596236       h
$end
