$coord
       -0.64581216571186        5.89583091513558        3.35707213755931      H
       -0.80805251271186        4.09640756013559        3.66389655255933      O
        0.54953741028815        3.47493847613559        5.92984809055932      C
       -0.40280530871187        4.25686627313558        7.59744850755932      H
        2.48851173928815        4.20814025513559        5.86241567555933      H
        0.70415611428813        0.62963512213559        6.13366203055933      C
        1.80597105728815        0.13724528313559        7.81988739755932      H
       -1.80720431171185       -0.45162640586441        6.34890314355933      O
       -1.90359526571186       -2.84135064986442        5.12940230255932      C
       -2.47463361071187       -4.32076251386441        6.44501593055931      H
       -3.89956108471186       -2.73781369586441        3.14612863955933      N
       -4.41838214271186       -0.53938093386441        1.86766607855932      C
       -3.31589332371186        1.08795773613560        2.45769239055933      H
       -6.21265656171187       -0.39486735186441        0.04177748855933      C
       -6.56500712171186        1.36778136913559       -0.93119820444068      H
       -7.67125158271185       -2.59857188186442       -0.62338149344069      C
       -9.35807183571187       -2.72985908386441       -2.23418808544069      O
       -6.97064908971186       -4.77010892986441        0.73147834255932      N
       -7.89465064371186       -6.39834427586440        0.29956729455933      H
       -5.15246566771187       -4.98785166286440        2.58403077755932      C
       -4.66170382871187       -6.99531684186441        3.64768912855932      O
        1.85447843328814       -0.69056902886441        3.83952995455931      C
        1.25468771928815        0.22843703413560        2.09070439055932      H
        0.74522571828813       -3.36701232686440        4.04899190755932      C
        0.66746406028815       -4.36162500386440        2.23966393155932      H
        2.11245324328815       -4.79798333386442        5.88262553955933      O
        3.87769372328813       -4.28337163986441        5.71158360555933      H
        4.53997370828813       -0.63883494586441        4.06608939255931      O
        6.35312819028813       -0.70968190686441        1.53688900855932      P
        5.82737675128814       -3.06072799486441        0.03384819855932      O
        8.96998351428813       -0.11822733986442        2.43721191755932      O
        5.09746139428813        1.72123345013559        0.07434068055931      O
        6.49421135328814        2.83425843713559       -1.99031913444067      C
        7.69704216628814        1.41565153013559       -2.90060675844068      H
        7.68846337728814        4.36089606613558       -1.26121239244068      H
        4.65875923828815        3.89496560413558       -3.91913146144069      C
        5.74176914028813        4.94408062513559       -5.33740218744069      H
        3.36434191028814        1.83205095113558       -5.21954904744068      O
        0.70767402828813        2.06084536813558       -4.93320359244068      C
       -0.19649882071185        2.84462547413559       -6.61702787344067      H
       -0.32827357071186       -0.51098307686440       -4.62161536744068      N
        0.98667922028815       -2.29290322286441       -3.27088023644069      C
        2.79345304228815       -1.69111393486441       -2.51052441744067      H
        0.12747221328814       -4.68311917386441       -2.92647049344067      C
        1.24944939828813       -6.04435570086441       -1.89365284744068      H
       -2.26060494571185       -5.44055139686441       -3.98466205744069      C
       -3.26496974371186       -7.54401805886441       -3.82089519044068      O
       -3.49325676871186       -3.49067731786440       -5.29682145544067      N
       -5.20338754771186       -3.91269432786442       -6.06381531444069      H
       -2.68002112571186       -1.04126815786442       -5.68785716344069      C
       -3.92620962271186        0.51589534913559       -6.87495884244069      O
        2.57666518928813        5.58569815613559       -2.81779235144068      C
        3.10302171828813        6.40005062813560       -0.99558003444068      H
        0.31218215728815        3.78696417313559       -2.60940357344069      C
        0.49382129628814        2.66631603213558       -0.88734673444068      H
       -2.04431201171185        5.03669137113560       -2.53477470444068      O
       -1.82728699671186        6.54470915213560       -3.58243350144067      H
        1.83205437828814        7.53586552113559       -4.56139055544067      O
        2.71205460728815        9.08153420313558       -4.11696536444069      H
$eht charge=-1 unpaired=0
$end
