$coord
   -5.48435975183484      1.01410503619187      0.37296030946129      c
   -3.05823245639326     -0.51149179234469      0.66861576799402      c
   -0.77979195754643      1.07592536270561     -0.12269022805576      c
    1.77622841223636     -0.16692937085561      0.33434024314385      c
    3.98868476348584      1.57634325925634     -0.26031285385347      c
    6.53607712166310      0.31287533589505      0.18336592348353      c
   -3.24013170948923     -2.96076013876128     -0.83887767561057      c
   -5.75953699848954      1.53597303072967     -1.60368221121142      h
   -7.12946718765276     -0.07009871102829      0.97305836965328      h
   -5.41883025813966      2.74843794194443      1.48133617232735      h
   -2.82980921469290     -0.99155317442160      2.66813473605877      h
   -0.96611324511419      1.54727196410640     -2.13011751156991      h
   -0.83593721707051      2.86996089179196      0.90325834965542      h
    1.95134822523983     -1.87581611656941     -0.80950077229994      h
    1.89754059428285     -0.76906726555120      2.30947669938218      h
    3.85009648769734      2.19712349798378     -2.22434854272637      h
    3.84162657118885      3.27773986098845      0.89924597727730      h
    6.73780078444169     -1.36026869932790     -1.00066312502312      h
    8.10011652872251      1.58040913290473     -0.24251064871056      h
    6.72257884063764     -0.28461172785166      2.14553085158687      h
   -3.39905651215970     -2.54275729309970     -2.85366450186327      h
   -1.59473429501939     -4.16454073330424     -0.56668423552104      h
   -4.90609752599362     -4.03827029138268     -0.28627109357853      h
$user-defined bonds
$redundant
     number_of_atoms            23
     degrees_of_freedom         63
     internal_coordinates       63
     frozen_coordinates          0
# definitions of redundant internals
   1 k  1.0000000000000 tors   10    1    2    3 val=  59.87005
        1.0000000000000 tors   10    1    2    7
        1.0000000000000 tors    9    1    2    3
        1.0000000000000 tors    9    1    2    7
        1.0000000000000 tors    8    1    2    3
        1.0000000000000 tors    8    1    2    7
   2 k  1.0000000000000 stre    1   10           val=   2.05930
   3 k  1.0000000000000 stre    1    9           val=   2.05961
   4 k  1.0000000000000 stre    1    8           val=   2.06281
   5 k  0.4336576406324 bend    9   10    1      val=   1.32360
        0.4118114166910 bend    8   10    1
        0.4101745638966 bend    8    9    1
       -0.3962324096992 bend    2   10    1
       -0.3966405235700 bend    2    9    1
       -0.3997316693763 bend    2    8    1
   6 k -0.6823107462399 bend    9   10    1      val=   0.56034
        0.3562929118653 bend    8   10    1
        0.3562267646468 bend    8    9    1
       -0.2201907895459 bend    2   10    1
       -0.2197989132307 bend    2    9    1
        0.4287357608260 bend    2    8    1
   7 k  0.0008094844168 bend    9   10    1      val=   0.01190
       -0.6131011664014 bend    8   10    1
        0.6139922374860 bend    8    9    1
       -0.3519751065988 bend    2   10    1
        0.3510460609997 bend    2    9    1
       -0.0001555327153 bend    2    8    1
   8 k  0.4294797759338 bend    9   10    1      val=  -0.25984
       -0.2174477605132 bend    8   10    1
       -0.2209705632132 bend    8    9    1
       -0.3456525902772 bend    2   10    1
       -0.3405360125619 bend    2    9    1
        0.6956975741571 bend    2    8    1
   9 k -0.0017803624356 bend    9   10    1      val=   0.03435
        0.3522980255505 bend    8   10    1
       -0.3507145322327 bend    8    9    1
       -0.6117896628622 bend    2   10    1
        0.6152941246631 bend    2    9    1
       -0.0029659658875 bend    2    8    1
  10 k  1.0000000000000 stre    2   11           val=   2.06899
  11 k  0.0627016844202 bend    1   11    2      val=  -0.08592
       -0.7351232314478 bend    7   11    2
        0.6750276537717 bend    3   11    2
  12 k  0.8196161837205 bend    1   11    2      val=   1.26229
       -0.3479982285812 bend    7   11    2
       -0.4551115734497 bend    3   11    2
  13 k  1.0000000000000 stre    3   13           val=   2.06743
  14 k  1.0000000000000 stre    3   12           val=   2.07042
  15 k  0.0095081886986 bend   12   13    3      val=   0.15335
       -0.4974768942612 bend    4   13    3
       -0.5039292298175 bend    4   12    3
        0.4996096737319 bend    2   13    3
        0.4988705636465 bend    2   12    3
  16 k  0.0044781112906 bend   12   13    3      val=   0.28850
        0.5080821674918 bend    4   13    3
       -0.5022157773622 bend    4   12    3
        0.4940466248100 bend    2   13    3
       -0.4955095388369 bend    2   12    3
  17 k  0.9099796415677 bend   12   13    3      val=   3.75582
       -0.2061621229657 bend    4   13    3
       -0.1991209396424 bend    4   12    3
       -0.2115138091166 bend    2   13    3
       -0.2122427641535 bend    2   12    3
  18 k -0.0030558619247 bend   12   13    3      val=   0.28974
       -0.4949378841115 bend    4   13    3
        0.4946066781010 bend    4   12    3
        0.5078482012564 bend    2   13    3
       -0.5024754631200 bend    2   12    3
  19 k  1.0000000000000 stre    4   14           val=   2.06382
  20 k  1.0000000000000 stre    4   15           val=   2.06844
  21 k  0.0171096182639 bend   15   14    4      val=   0.29408
       -0.5070395212812 bend    3   14    4
       -0.4950278016418 bend    3   15    4
        0.4974667799242 bend    5   14    4
        0.5000924547473 bend    5   15    4
  22 k  0.0145564527946 bend   15   14    4      val=   0.19881
       -0.5049760648468 bend    3   14    4
        0.5086004210440 bend    3   15    4
       -0.4988022350925 bend    5   14    4
        0.4871439475089 bend    5   15    4
  23 k  0.9048817425819 bend   15   14    4      val=   1.94011
       -0.1934101122322 bend    3   14    4
       -0.2153203366120 bend    3   15    4
       -0.2167109984044 bend    5   14    4
       -0.2246220297302 bend    5   15    4
  24 k -0.0052577040291 bend   15   14    4      val=   0.55604
        0.4929158613071 bend    3   14    4
       -0.4930039180317 bend    3   15    4
       -0.5022599085366 bend    5   14    4
        0.5115549152364 bend    5   15    4
  25 k  1.0000000000000 stre    5   17           val=   2.06421
  26 k  1.0000000000000 stre    5   16           val=   2.06446
  27 k  0.0151197356460 bend   16   17    5      val=   0.25889
       -0.5010966414361 bend    6   17    5
       -0.5008263435407 bend    6   16    5
        0.4993954244473 bend    4   17    5
        0.4984483254984 bend    4   16    5
  28 k  0.0015957458123 bend   16   17    5      val=   0.03449
       -0.5064505174724 bend    6   17    5
        0.5058962434957 bend    6   16    5
       -0.4937189952237 bend    4   17    5
        0.4937771476278 bend    4   16    5
  29 k  0.9042839571527 bend   16   17    5      val=   1.59135
       -0.2054399773180 bend    6   17    5
       -0.2066955945576 bend    6   16    5
       -0.2196926402956 bend    4   17    5
       -0.2215333282969 bend    4   16    5
  30 k -0.0002537066238 bend   16   17    5      val=   0.02715
       -0.4933377724695 bend    6   17    5
        0.4941601192981 bend    6   16    5
        0.5059761429958 bend    4   17    5
       -0.5063711061091 bend    4   16    5
  31 k  1.0000000000000 tors   19    6    5    4 val=  60.18523
        1.0000000000000 tors   20    6    5    4
        1.0000000000000 tors   18    6    5    4
  32 k  1.0000000000000 stre    6   19           val=   2.05772
  33 k  1.0000000000000 stre    6   20           val=   2.05958
  34 k  1.0000000000000 stre    6   18           val=   2.05962
  35 k  0.4251016785384 bend   20   19    6      val=   1.43446
        0.4252206985321 bend   18   19    6
        0.4082409972651 bend   18   20    6
       -0.3948323314469 bend    5   19    6
       -0.3974489315749 bend    5   20    6
       -0.3974380271564 bend    5   18    6
  36 k -0.3326516251259 bend   20   19    6      val=   0.43954
       -0.3348523787561 bend   18   19    6
        0.6903553635306 bend   18   20    6
       -0.4502984515182 bend    5   19    6
        0.2219403656144 bend    5   20    6
        0.2204541481993 bend    5   18    6
  37 k  0.6430034965647 bend   20   19    6      val=   0.00750
       -0.6415027605410 bend   18   19    6
       -0.0013610301592 bend   18   20    6
        0.0006181111293 bend    5   19    6
        0.2955158957490 bend    5   20    6
       -0.2961230023469 bend    5   18    6
  38 k -0.2202640796672 bend   20   19    6      val=   0.24800
       -0.2225927463400 bend   18   19    6
        0.4500445103808 bend   18   20    6
        0.6804900881003 bend    5   19    6
       -0.3457397100259 bend    5   20    6
       -0.3417505465537 bend    5   18    6
  39 k  0.2964508433217 bend   20   19    6      val=   0.00737
       -0.2951853510128 bend   18   19    6
       -0.0012398609951 bend   18   20    6
       -0.0023577071002 bend    5   19    6
       -0.6410752538516 bend    5   20    6
        0.6434267082601 bend    5   18    6
  40 k  1.0000000000000 tors   22    7    2    1 val=  62.68141
        1.0000000000000 tors   22    7    2    3
        1.0000000000000 tors   23    7    2    1
        1.0000000000000 tors   23    7    2    3
        1.0000000000000 tors   21    7    2    1
        1.0000000000000 tors   21    7    2    3
  41 k  1.0000000000000 stre    7   22           val=   2.05682
  42 k  1.0000000000000 stre    7   23           val=   2.05957
  43 k  1.0000000000000 stre    7   21           val=   2.06382
  44 k  0.4273843774292 bend   23   22    7      val=   1.38556
        0.4251551717451 bend   21   22    7
        0.4047580711984 bend   21   23    7
       -0.3968857637983 bend    2   22    7
       -0.3986868723615 bend    2   23    7
       -0.3953315645991 bend    2   21    7
  45 k -0.6805044442632 bend   23   22    7      val=   0.59509
        0.2839137880405 bend   21   22    7
        0.4162555925321 bend   21   23    7
       -0.2590732811831 bend    2   22    7
       -0.1736174717801 bend    2   23    7
        0.4310173458853 bend    2   21    7
  46 k  0.0889092503115 bend   23   22    7      val=   0.49785
       -0.6434687335648 bend   21   22    7
        0.5767274250277 bend   21   23    7
       -0.3302946309499 bend    2   22    7
        0.3666528497966 bend    2   23    7
       -0.0435861888238 bend    2   21    7
  47 k -0.4300346113522 bend   23   22    7      val=   0.57812
        0.2090924995207 bend   21   22    7
        0.2311774636796 bend   21   23    7
        0.3480885399694 bend    2   22    7
        0.3386351738459 bend    2   23    7
       -0.6943112611403 bend    2   21    7
  48 k -0.0041845799976 bend   23   22    7      val=  -0.36397
        0.3493982503326 bend   21   22    7
       -0.3524861565414 bend   21   23    7
       -0.6052881266813 bend    2   22    7
        0.6222479580471 bend    2   23    7
       -0.0095196536870 bend    2   21    7
  49 k  1.0000000000000 tors    1    2    3    4 val=  55.76685
        1.0000000000000 tors    7    2    3    4
  50 k  1.0000000000000 stre    2    1           val=   2.88114
  51 k  1.0000000000000 stre    2    7           val=   2.88176
  52 k  0.0985245515643 bend    7    1    2      val=   0.18154
        0.6603439709000 bend    3    1    2
       -0.7444721303280 bend    3    7    2
  53 k  0.8271332259450 bend    7    1    2      val=   2.97541
       -0.4702967891036 bend    3    1    2
       -0.3076874334397 bend    3    7    2
  54 k  0.5533023940640 bend    7    1    2      val= 110.75499
        0.5854628683827 bend    3    1    2
        0.5925282191324 bend    3    7    2
  55 k  1.0000000000000 tors    6    5    4    3 val= 180.41724
  56 k  1.0000000000000 stre    5    6           val=   2.87792
  57 k  1.0000000000000 bend    4    6    5      val= 112.49297
  58 k  1.0000000000000 tors    2    3    4    5 val= 185.20351
  59 k  1.0000000000000 stre    3    2           val=   2.88745
  60 k  1.0000000000000 bend    4    2    3      val= 114.82019
  61 k  1.0000000000000 stre    4    5           val=   2.87881
  62 k  1.0000000000000 bend    3    5    4      val= 112.83945
  63 k  1.0000000000000 stre    3    4           val=   2.87868
        63 non zero eigenvalues  of BmBt
           1           5.339113540    1    0
         1
           2           5.081153980    2    0
         2
           3           4.476300952    3    0
         3
           4           4.299327526    4    0
         4
           5           4.136679940    5    0
         5
           6           3.807801905    6    0
         6
           7           3.583671628    7    0
         7
           8           3.555347215    8    0
         8
           9           3.332771522    9    0
         9
          10           3.267731447   10    0
        10
          11           3.240705460   11    0
        11
          12           3.158558827   12    0
        12
          13           3.133432890   13    0
        13
          14           2.922361731   14    0
        14
          15           2.569454788   15    0
        15
          16           2.478190069   16    0
        16
          17           2.336020631   17    0
        17
          18           2.275636672   18    0
        18
          19           1.914553079   19    0
        19
          20           1.841783266   20    0
        20
          21           1.335564452   21    0
        21
          22           0.885248649   22    0
        22
          23           0.881365237   23    0
        23
          24           0.873190673   24    0
        24
          25           0.796494728   25    0
        25
          26           0.776871881   26    0
        26
          27           0.761379884   27    0
        27
          28           0.750511195   28    0
        28
          29           0.708582802   29    0
        29
          30           0.704776771   30    0
        30
          31           0.699604560   31    0
        31
          32           0.695668516   32    0
        32
          33           0.692273194   33    0
        33
          34           0.691370673   34    0
        34
          35           0.659647531   35    0
        35
          36           0.572788367   36    0
        36
          37           0.529156019   37    0
        37
          38           0.508950942   38    0
        38
          39           0.455869387   39    0
        39
          40           0.438873137   40    0
        40
          41           0.402734124   41    0
        41
          42           0.388375838   42    0
        42
          43           0.369031084   43    0
        43
          44           0.356842778   44    0
        44
          45           0.347738024   45    0
        45
          46           0.319062711   46    0
        46
          47           0.298904160   47    0
        47
          48           0.287252309   48    0
        48
          49           0.274762563   49    0
        49
          50           0.267385835   50    0
        50
          51           0.245796011   51    0
        51
          52           0.234501099   52    0
        52
          53           0.184866931   53    0
        53
          54           0.165292654   54    0
        54
          55           0.093967079   55    0
        55
          56           0.074181213   56    0
        56
          57           0.058877119   57    0
        57
          58           0.055351909   58    0
        58
          59           0.041747115   59    0
        59
          60           0.034729612   60    0
        60
          61           0.019818316   61    0
        61
          62           0.016879129   62    0
        62
          63           0.007885153   63    0
        63
$end
