$coord
     2.691574523     0.596673423     0.000000000     H 
     0.842866925    -2.735042000     0.000000000     H 
    -2.851120309     0.230465313     0.000000000     H 
     0.000000000     2.756467713     0.000000000     H 
     2.848593745     3.549018794     1.552241716     H 
     3.711658061    -3.139653121    -1.536133691     H 
    -2.943951208    -3.662629120     1.516006220     H 
    -3.865957968     2.945117169    -1.536148809     H 
     2.144075550     2.670914148     0.000000000     N 
    -2.199081694    -2.737491085     0.000000000     N 
     2.915053518    -2.312540842     0.000000000     N 
    -2.886333463     2.345936080     0.000000000     N 
    -3.865957968     2.945117169     1.536148809     H 
    -2.943951208    -3.662629120    -1.516006220     H 
     3.711658061    -3.139653121     1.536133691     H 
     2.848593745     3.549018794    -1.552241716     H 
$end
