$coord
        2.25063719800000       -0.21567820700000        0.00000000000000      C
        1.10104884799999       -2.91009298800000        0.00000000000000      C
        0.00000000000000        1.57653792300000        0.00000000000000      C
       -1.70445158500000       -2.44860489299999        0.00000000000000      C
       -2.26891840800000        0.01207534900000        0.00000000000000      C
        0.08279645500000        4.09508535400001        0.00000000000000      C
        3.43452407500000        0.10272550500001        1.65466864400000      H
        3.43452407500000        0.10272550500001       -1.65466864400000      H
        1.68251564600000       -4.00701845400000        1.65070210899999      H
        1.68251564600000       -4.00701845400000       -1.65070210899999      H
       -3.07116567200000       -3.96694870400000        0.00000000000000      H
       -4.15517297099999        0.79577495299999        0.00000000000000      H
        1.85543313299999        5.11286720600001        0.00000000000000      H
       -1.62984520300001        5.21096288200001        0.00000000000000      H
$end
