$coord
        0.43199337652291       -0.03674841778154       -2.59782462245719      C
       -1.50887676245056       -1.31018450790465        0.00000000000000      S
        0.43199337652291       -0.03674841778154        2.59782462245719      C
       -0.55340999844235       -0.50539137597660       -4.34168868360099      H
        2.29769802767349       -0.91263238719925       -2.58188296987271      H
        0.55867744255317        2.00828556795568       -2.39029570912031      H
        0.55867744255317        2.00828556795568        2.39029570912031      H
       -0.55340999844235       -0.50539137597660        4.34168868360099      H
        2.29769802767349       -0.91263238719925        2.58188296987271      H
       -3.96104093416390        0.20315773390807        0.00000000000000      O
$end
