$coord
       -2.78830879192726        0.23522544691524        0.00000000000000      C
       -0.21555985273490       -1.00218496481822        0.00000000000000      C
        1.94844963163287        0.17119002530765        1.42650277080851      C
        1.94844963163287        0.17119002530765       -1.42650277080851      C
       -3.88054107434721       -0.30171175344253       -1.67060395896774      H
       -3.88054107434721       -0.30171175344253        1.67060395896774      H
       -2.61731436172784        2.29438336085444        0.00000000000000      H
       -0.26024970389599       -3.05310185219336        0.00000000000000      H
        1.60476368923889        1.95092788388404        2.37980644972784      H
        3.26804410861841       -1.05756715112820        2.39423745972611      H
        1.60476368923889        1.95092788388404       -2.37980644972784      H
        3.26804410861841       -1.05756715112820       -2.39423745972611      H
$end
