$coord
     3.929044580    -2.268434638     0.180132461     O 
     1.956709218     3.389121519     0.000000000     H 
     3.913420326     0.000000000     0.000000000     H 
     3.929044580     2.268434638    -0.180132461     O 
     1.956709218    -3.389121519     0.000000000     H 
     0.000000000    -4.536871165    -0.180132461     O 
    -1.956709218    -3.389121519     0.000000000     H 
     0.000000000     4.536871165     0.180132461     O 
     0.000000000     5.556856438     1.681274096     H 
     4.812378097     2.778428219    -1.681274096     H 
     4.812378097    -2.778428219     1.681274096     H 
     0.000000000    -5.556856438    -1.681274096     H 
    -3.929044580    -2.268434638     0.180132461     O 
    -1.956709218     3.389121519     0.000000000     H 
    -4.812378097    -2.778428219     1.681274096     H 
    -3.929044580     2.268434638    -0.180132461     O 
    -3.913420326     0.000000000     0.000000000     H 
    -4.812378097     2.778428219    -1.681274096     H 
$end
