$coord
        2.11805492994095        0.00000000000000        1.17981363269185      C
        1.25371912632566        0.00000000000000       -1.48661996966268      C
       -1.25371912632566        0.00000000000000       -1.48661996966268      C
       -2.11805492994095        0.00000000000000        1.17981363269185      C
        0.00000000000000        0.00000000000000        2.69742096724597      O
        4.20109440188598        0.00000000000000        2.01001841329258      O
       -4.20109440188598        0.00000000000000        2.01001841329258      O
        2.56298161371530        0.00000000000000       -3.05192255994473      H
       -2.56298161371530        0.00000000000000       -3.05192255994473      H
$end
