$coord
   -0.03250328948563      3.66713639306323      0.00000000000000       p
    1.51916973548810      2.96155422901865      2.04351960448441       h
    1.51916973548810      2.96155422901865     -2.04351960448441       h
    0.03250328948563      7.19116949526143      0.00000000000000       b
   -0.09224509145068      8.30132501682162      1.95342124192069       h
   -0.09224509145068      8.30132501682162     -1.95342124192069       h
    0.03250328948563     -3.66713639306323      0.00000000000000       p
   -1.51916973548810     -2.96155422901865      2.04351960448441       h
   -1.51916973548810     -2.96155422901865     -2.04351960448441       h
   -0.03250328948563     -7.19116949526143      0.00000000000000       b
    0.09224509145068     -8.30132501682162      1.95342124192069       h
    0.09224509145068     -8.30132501682162     -1.95342124192069       h
$end
