$coord
       -3.53262173650419       -1.55101365534221        0.00000000000000      C
       -2.31471179913842        1.01144058256447        0.00000000000000      C
        0.16998207629146        1.55706703129981        0.00000000000000      C
        2.26462125055954       -0.22963929342258        0.00000000000000      C
        4.70459474449746        0.45934937891328        0.00000000000000      C
       -3.62795655695163        2.59828563590068        0.00000000000000      H
        0.71506617347438        3.54411272825422        0.00000000000000      H
        1.80770990976936       -2.23547265286565        0.00000000000000      H
        6.21941664550731       -0.92489807882799        0.00000000000000      H
        5.26499129683479        2.43763052360235        0.00000000000000      H
       -2.16398909018351       -3.09827649398454        0.00000000000000      H
       -4.75355145707824       -1.78429285304590        1.66280828575600      H
       -4.75355145707824       -1.78429285304590       -1.66280828575600      H
$end
