$coord
    2.50124749443934     -0.07735984685623      0.00000000000000      n
    0.91013340015644      0.47281549571036      2.19784216093943      c
   -1.63699590910378     -0.73243559378193      1.47013095202370      c
   -1.63699590910378     -0.73243559378193     -1.47013095202370      c
    0.91013340015644      0.47281549571036     -2.19784216093943      c
    4.13440651961216      0.92276860061656      0.00000000000000      h
    1.72182272743704     -0.33377241886656      3.91470130750189      h
    0.65796948542120      2.51916846952706      2.50920240925135      h
   -3.22459830569078      0.31420167021331      2.26613106904725      h
   -1.74615840524586     -2.66268199968240      2.18412323039988      h
   -1.74615840524586     -2.66268199968240     -2.18412323039988      h
   -3.22459830569078      0.31420167021331     -2.26613106904725      h
    1.72182272743704     -0.33377241886656     -3.91470130750189      h
    0.65796948542120      2.51916846952706     -2.50920240925135      h
$redundant
     number_of_atoms            14
     degrees_of_freedom         19
     internal_coordinates       19
     frozen_coordinates          0
# definitions of redundant internals
   1 k  1.0000000000000 stre    1    6           val=   1.91506
   2 k  1.0000000000000 stre    2    7           val=   2.06326
   3 k  1.0000000000000 stre    2    8           val=   2.08521
   4 k  1.0000000000000 stre    3   10           val=   2.06096
   5 k  1.0000000000000 stre    4    3           val=   2.94026
   6 k  1.0000000000000 stre    3    9           val=   2.06144
   7 k  1.0000000000000 stre    5    4           val=   2.91034
   8 k  0.5877852522925 tors    4    3    2    1 val= -37.08080
       -0.9510565162952 tors    3    2    1    5
        0.9510565162952 tors    2    1    5    4
       -0.5877852522925 tors    1    5    4    3
   9 k  1.0000000000000 stre    2    1           val=   2.76855
  10 k  0.0327329079474 bend    8    7    2      val=   0.04247
       -0.4908500277814 bend    1    7    2
       -0.5215050983214 bend    1    8    2
        0.5237500921935 bend    3    7    2
        0.4601228969704 bend    3    8    2
  11 k -0.8830691076880 bend    9   10    3      val=   5.00940
        0.2523293469260 bend    2   10    3
        0.2263948663823 bend    2    9    3
        0.2463864935235 bend    4   10    3
        0.2110874511004 bend    4    9    3
  12 k  0.0121044785221 bend    9   10    3      val=   0.27557
        0.4944777906954 bend    2   10    3
        0.5044400059489 bend    2    9    3
       -0.4847512950861 bend    4   10    3
       -0.5156565314425 bend    4    9    3
  13 k  0.0449913995190 bend    8    7    2      val=   0.14759
       -0.5508002176349 bend    1    7    2
        0.4889481614676 bend    1    8    2
       -0.4633163751675 bend    3    7    2
        0.4907774710821 bend    3    8    2
  14 k -0.8773423469364 bend    8    7    2      val=   6.25360
        0.2020436958932 bend    1    7    2
        0.2358859107557 bend    1    8    2
        0.2272107365958 bend    3    7    2
        0.2866738033106 bend    3    8    2
  15 k -0.8090169943749 bend    1    4    5      val=   1.01142
        0.3090169943749 bend    5    3    4
        0.3090169943750 bend    4    2    3
       -0.8090169943750 bend    3    1    2
        1.0000000000000 bend    2    5    1
  16 k  0.7071067811865 bend    5    6    1      val= 112.72631
        0.7071067811865 bend    2    6    1
  17 k  0.0334909325110 bend    9   10    3      val=   0.66388
        0.4926633733061 bend    2   10    3
       -0.5055131743384 bend    2    9    3
        0.5047638170968 bend    4   10    3
       -0.4958135512089 bend    4    9    3
  18 k -0.0102149154027 bend    8    7    2      val=   2.18315
       -0.4629771806800 bend    1    7    2
        0.4944481196806 bend    1    8    2
        0.5179344491477 bend    3    7    2
       -0.5223147987596 bend    3    8    2
  19 k -0.0029786713489 bend    9   10    3      val=   0.56682
        0.5127923860771 bend    2   10    3
       -0.4885167136736 bend    2    9    3
       -0.5074443602583 bend    4   10    3
        0.4908021373242 bend    4    9    3
        19 non zero eigenvalues  of BmBt
           1           4.792203156    1    0
         1
           2           3.908300836    2    0
         2
           3           3.584064528    3    0
         3
           4           3.194351007    4    0
         4
           5           2.566027996    5    0
         5
           6           2.297766983    6    0
         6
           7           1.695784493    7    0
         7
           8           1.269722051    8    0
         8
           9           0.818327133    9    0
         9
          10           0.769884801   10    0
        10
          11           0.545346824   11    0
        11
          12           0.386416373   12    0
        12
          13           0.338920039   13    0
        13
          14           0.325328993   14    0
        14
          15           0.253661442   15    0
        15
          16           0.246436382   16    0
        16
          17           0.207139803   17    0
        17
          18           0.136431457   18    0
        18
          19           0.078087734   19    0
        19
$user-defined bonds
$end
