$coord
        0.00000000000000        0.00000000000000       -1.52164513478669      C
        0.00000000000000        0.00000000000000        1.31967080615060      C
        1.18680042765641       -2.05559863914538        2.27136099518039      F
        1.18680042765641        2.05559863914538        2.27136099518039      F
       -2.37360085531283        0.00000000000000        2.27136099518039      F
        1.94146393412587        0.00000000000000       -2.20403621896836      H
       -0.97073196706292       -1.68135708748428       -2.20403621896836      H
       -0.97073196706292        1.68135708748428       -2.20403621896836      H
$end
