$coord
       -0.54779590980239       -2.40258768408667        0.00000000000000      N
       -0.96212774860955       -4.26692284072661        0.00000000000000      H
       -2.61846118151986       -0.75183987212206        0.00000000000000      C
       -4.76939930405481       -1.57570734672431        0.00000000000000      O
       -1.89767860989194        1.89672474366482        0.00000000000000      C
       -3.36067300745576        3.30946082577564        0.00000000000000      H
        0.56997650047354        2.53412956103353        0.00000000000000      C
        1.20117704592687        4.47467703665987        0.00000000000000      H
        2.44450526801911        0.75127377192676        0.00000000000000      N
        4.27898137758197        1.24996401454062        0.00000000000000      H
        1.99178807769273       -1.82597855444212        0.00000000000000      C
        3.66970749164004       -3.39319365549947        0.00000000000000      O
$end
