$coord
   -1.68511768442424      5.04050043572727      1.38166806112121      n
   -3.59028840542424      4.13627977772727     -0.14305357487879      c
   -2.67234833542424      2.26185867772727     -1.69438066287879      c
   -0.04584463842424      1.99270689472727     -1.08159732587879      c
    1.89898198257576      0.42096509672727     -1.99471292487879      c
    4.28676037557576      0.64026590772727     -0.95147079387879      c
    4.80263478457576      2.39507680072727      0.99486760712121      c
    2.92452116057576      3.96974389472727      1.92012469512121      c
    0.50647313657576      3.74825478072727      0.86771361412121      c
   -1.89848853542424      6.35908698072727      2.72768209012121      h
   -5.48383542142424      4.86710862772727      0.02618083612121      h
    1.59367407257576     -0.91808907127273     -3.51110653787879      h
    6.70903382757576      2.52664897372727      1.72046947512121      h
    3.33082547657576      5.32883482772727      3.39392199512121      h
    6.22759967457576     -0.83348981827273     -1.90628886587879      o
    6.95686572157576     -2.80646012827273     -0.22773030687879      c
    5.37994418457576     -4.09597323927273      0.11625084612121      h
    7.61361164357576     -2.05737085527273      1.57957339512121      h
    8.49003254357576     -3.82385647627273     -1.14072874187879      h
   -4.17340304342424      0.59997128072727     -3.42345159787879      c
   -5.33600026742424     -1.65215124227273     -1.99071048487879      c
   -3.48169719042424     -3.03097091427273     -0.50942231087879      n
   -3.09521799042424     -2.49848392427273      1.99784534612121      c
   -0.69789837042424     -3.60662680427273      3.10187996112121      c
   -2.96087170042424     -0.10013251427273     -4.94240956987879      h
   -5.69997850042424      1.65818382072727     -4.32462412787879      h
   -6.25237564342424     -2.94280007827273     -3.31320498387879      h
   -6.74586813742424     -0.97767780027273     -0.65575891287879      h
   -2.03617964042424     -3.84492503127273     -1.43657857387879      h
   -4.55719127442424     -1.22948945827273      3.25657671012121      o
    0.77727653957576     -2.16891193227273      3.00990510812121      h
   -0.05493799942424     -5.27501674827273      2.08148083912121      h
   -1.03069234542424     -4.08306074127273      5.07108971712121      h
$user-defined bonds
$end
