$coord
       -2.31379427639815        0.10133998113554        0.00000000000000      C
        0.03211381721999        1.49318242451250        0.00000000000000      O
        2.15719083052584        0.12255288856626        0.00000000000000      C
        4.12680506819072        1.69086618494784        0.00000000000000      F
        2.35376306775460       -1.40601518644480        2.04792352705491      F
        2.35376306775460       -1.40601518644480       -2.04792352705491      F
       -3.78463667848745        1.53213985439078        0.00000000000000      H
       -2.46260244828007       -1.06402548033166       -1.69202902157557      H
       -2.46260244828007       -1.06402548033166        1.69202902157557      H
$end
