$coord
       -2.33224020541844       -2.00657635051396        0.16913100907757      N
       -0.10480799058681       -0.49501173573060       -0.19919729892557      C
        2.17144253724509       -2.27696749016667       -0.20684970440761      C
        1.87649006777431       -4.58276336240037       -0.18591045584309      O
        0.13105859015009        1.61837442026402        1.80273829608567      C
        1.05459638656352        3.96933204905096        0.48096991002409      C
        3.31777662745887        4.39532802521637        0.14657285799907      O
       -0.82277578110447        5.45644638868083       -0.40931192480058      N
       -2.03272501598815       -3.88941677143067        0.28986590226051      H
       -0.21673194694663        0.39081557572829       -2.06540620400326      H
        1.46258723928317        1.09157436623699        3.27565973192863      H
       -1.71777853879681        1.94030373148256        2.63022526624165      H
       -0.34108859152247        6.84526453001882       -1.61441484818640      H
       -2.57981260591421        4.71259893504905       -0.50608601792129      H
        4.41683139433813       -1.08703807245847       -0.26222174702437      N
        4.44015196310795        0.83238894815005       -0.17070590796523      H
        6.78203830934882       -2.46235408286885       -0.28790393846039      C
        7.90495917842411       -1.93728284588881       -1.92794138781347      H
        7.86951310468394       -2.08240187894268        1.41604640154780      H
        6.34538272065707       -4.46393560668097       -0.37674031561533      H
       -4.63927552850192       -0.98682574596354       -0.22379323395838      C
       -4.91843356097490        1.28071191446203       -0.69595918482079      O
       -6.84986724892511       -2.76789414682762       -0.02253257827968      C
       -8.15896775033162       -2.03644491643629        1.38161606518223      H
       -7.82790176957181       -2.80069871468442       -1.82988943232912      H
       -6.29362874996654       -4.67755400556065        0.48751675869345      H
$end
