$coord
   -6.05322143868887      1.93849932781439      0.87331593277829       c
   -4.70874549273384      4.27367360709430      0.86832998153860       c
   -2.28419582845273      4.44845649775574     -0.14064370106267       c
   -4.98797799793082     -0.24573122396488     -0.13417012692412       c
   -5.37296416070102     -3.10433500522876      0.35911850340412       c
    6.05322302747848      1.93850125143046      0.87330278542148       c
    4.98797488289982     -0.24572849646106     -0.13418036970650       c
    5.37295785367545     -3.10432504728467      0.35913271947601       c
    4.70875299548772      4.27367711260898      0.86831313451951       c
    2.28420144860107      4.44845758120750     -0.14065635194283       c
    1.35356840366406      2.29293164271792     -1.34680797975867       c
    2.65968098027523      0.02876701659735     -1.34487323032096       c
    1.30643718496057     -2.31541475790631     -1.34382879080703       c
    2.70422882358383     -4.19764187779955     -0.13388743765970       c
    1.34779836404893     -6.21965573366488      0.86426806285027       c
   -1.34780526425421     -6.21966543671822      0.86424697787571       c
   -2.70423309010841     -4.19764399995922     -0.13389856464064       c
   -1.30643902940790     -2.31540988896126     -1.34382300825121       c
   -2.65968507554446      0.02876990302707     -1.34486095210881       c
   -1.35356900703685      2.29293197530359     -1.34679675606012       c
    0.00000478351964      6.21445247982338      0.34698459664531       c
    5.53091500846321      5.83892150016763      1.89948435084739       h
    7.81690979362339      1.86096849638824      1.90854245559988       h
    0.00001217152654      6.94076032097199      2.27520161802368       h
   -5.53091094787407      5.83891729686219      1.89949795980549       h
   -7.81690176250357      1.86096667344566      1.90856435431013       h
   -6.78799860900262     -3.92016333307274     -0.90682344849445       h
   -2.30060523397781     -7.71200893212341      1.89044229040632       h
    2.30059290436129     -7.71199325757315      1.89047764915502       h
    6.00518407036072     -3.46896396439699      2.28598094608158       h
   -6.00519505106342     -3.46899203731345      2.28596080333430       h
   -0.00000007572048      7.84816917347432     -0.91884445338784       h
    6.78800536847110     -3.92015453344056     -0.90679214384134       h
$end
