$coord
       -0.62175273757008        0.69764335049379       -4.91655378294455      H
       -0.62175273757008        0.69764335049379       -2.86143446239048      C
        1.66811598803190        0.69764335049379        3.27227435711126      C
       -0.74493834958433        3.27431589181674       -1.64347728185813      C
        3.14757921344080        2.54635727622595       -2.94187067782280      H
       -1.77087473465741        3.47957989173390        0.12268582430525      H
       -0.90500197743698        4.91304717015295       -2.87213409475927      H
        1.72627799528142        1.84926167650362       -1.63134334695174      C
        2.86190923371793        0.63662785598237        0.68210538795753      C
       -0.60771395818686       -4.93501956199148        0.56749157608898      H
       -0.64777994290661       -2.88038590118995        0.58723732999597      C
        2.91114984138903        0.83814074847248        4.90193494746262      H
       -3.24879027392889       -1.71391054415159        0.69639928044031      C
       -2.45757683773043       -2.95972607515741       -3.20095409311673      H
       -3.49848363743183        0.03779993248925        1.73715490200864      H
       -4.86474467678981       -2.97563757366418        0.82828708374002      H
       -1.80011447532191       -1.64991684041847       -1.76024160266976      C
        4.91683013297234        0.65713894918812        0.66235963405051      H
       -0.10591216050499        1.70172504670338        3.51445983658007      H
        1.66621303328175       -1.74545953079891        1.79949509491119      C
        2.99736106150503       -3.16686846337810        2.45612408786110      H
$end
