$coord
    -0.679966875     0.017678387     0.641822756     C 
     1.072719966    -2.224672363    -0.080759330     C 
     3.794949624    -1.181216694     0.034368447     C 
     1.003612687     2.279018993     0.134969899     C 
     3.404759001     1.629731820    -0.193118658     C 
    -3.115693286     0.044735483    -0.800036285     C 
    -5.403578873    -0.036148568     0.219523799     C 
    -1.131046359    -0.047583300     2.662676833     H 
     0.643274066    -2.800955642    -2.013495484     H 
     0.771459849    -3.861422625     1.127767684     H 
     4.999648053    -1.951395308    -1.452114584     H 
     4.717835106    -1.636977029     1.829825456     H 
     0.278137430     4.189097332     0.130786046     H 
     4.940616792     2.942104946    -0.503141435     H 
    -2.923047059     0.136404201    -2.842913229     H 
    -5.663397300    -0.128221688     2.248488580     H 
    -7.094303489    -0.015818896    -0.928497968     H 
$end
