$coord
    0.00000000000000     -2.40793379939873     -1.10418647425896      c
    0.00000000000000      0.00000000000000      0.41122214590533      c
    0.00000000000000      2.40793379939873     -1.10418647425896      c
    0.00000000000000      0.00000000000000      2.92838865974255      c
    0.00000000000000     -4.07530910950380      0.10710509911465      h
    1.65922320383895     -2.50259793374367     -2.33779393145529      h
   -1.65922320383895     -2.50259793374367     -2.33779393145529      h
    0.00000000000000      4.07530910950380      0.10710509911465      h
    1.65922320383895      2.50259793374367     -2.33779393145529      h
   -1.65922320383895      2.50259793374367     -2.33779393145529      h
    0.00000000000000     -1.74428147956413      4.00286383523097      h
    0.00000000000000      1.74428147956413      4.00286383523097      h
$redundant
     number_of_atoms            12
     degrees_of_freedom         10
     internal_coordinates       10
     frozen_coordinates          0
# definitions of redundant internals
   1 k  1.0000000000000 stre    1    5           val=   2.06091
   2 k  1.0000000000000 stre    2    4           val=   2.51717
   3 k  0.4377375549604 bend    6    5    1      val=   1.50373
        0.4377375549604 bend    7    5    1
        0.3833986697384 bend    7    6    1
       -0.3858285575428 bend    2    5    1
       -0.4005704995265 bend    2    6    1
       -0.4005704995265 bend    2    7    1
   4 k  0.8164965809277 bend   12   11    4      val=  -2.44952
       -0.4082482904639 bend    2   11    4
       -0.4082482904639 bend    2   12    4
   5 k  1.0000000000000 stre    1    7           val=   2.06973
   6 k  1.0000000000000 stre    2    3           val=   2.84510
   7 k  1.0000000000000 stre    4   11           val=   2.04866
   8 k -0.3133227433754 bend    6    5    1      val=   0.78423
       -0.3133227433754 bend    7    5    1
        0.6953548476544 bend    7    6    1
       -0.4738846800870 bend    2    5    1
        0.2186008494835 bend    2    6    1
        0.2186008494835 bend    2    7    1
   9 k -0.4082482904639 bend    3    4    2      val=  -3.27576
       -0.4082482904639 bend    1    4    2
        0.8164965809277 bend    1    3    2
  10 k  0.2257428678061 bend    6    5    1      val=   0.41954
        0.2257428678061 bend    7    5    1
       -0.4667336309489 bend    7    6    1
       -0.6659573578906 bend    2    5    1
        0.3440500185162 bend    2    6    1
        0.3440500185163 bend    2    7    1
        10 non zero eigenvalues  of BmBt
           1           4.221505050    1    0
         1
           2           3.296142471    2    0
         2
           3           3.131108862    3    0
         3
           4           1.616417597    4    0
         4
           5           0.898022381    5    0
         5
           6           0.872621416    6    0
         6
           7           0.689814771    7    0
         7
           8           0.353831209    8    0
         8
           9           0.203613727    9    0
         9
          10           0.068978533   10    0
        10
$user-defined bonds
$end
