$coord
   -1.93043944556131     -0.13496543801804      0.00000000000000      c
    0.51029924171528     -1.38637666955322      0.00000000000000      n
    2.47057548384945     -0.03216066893597      0.00000000000000      c
   -1.80719533129162      1.93963758554953      0.00000000000000      h
   -2.99713935069029     -0.74861272668197      1.65817637450410      h
   -2.99713935069029     -0.74861272668197     -1.65817637450410      h
    2.43152694310284      2.04548493390258      0.00000000000000      h
    4.31951180956591     -0.93439428958092      0.00000000000000      h
$user-defined bonds
$redundant
     number_of_atoms             8
     degrees_of_freedom         12
     internal_coordinates       12
     frozen_coordinates          0
# definitions of redundant internals
   1 k  1.0000000000000 stre    3    7           val=   2.07801
   2 k  1.0000000000000 stre    3    8           val=   2.05733
   3 k  1.0000000000000 stre    1    4           val=   2.07826
   4 k  1.0000000000000 stre    2    1           val=   2.74285
   5 k  1.0000000000000 stre    2    3           val=   2.38256
   6 k  0.3195588276608 bend    6    5    1      val=   0.89160
        0.4579873629296 bend    4    5    1
        0.4579873629296 bend    4    6    1
       -0.4175948544634 bend    2    5    1
       -0.4175948544634 bend    2    6    1
       -0.3600088630981 bend    2    4    1
   7 k  0.8154121297073 bend    7    8    3      val=  -2.27812
       -0.3712740179083 bend    2    8    3
       -0.4441381117990 bend    2    7    3
   8 k  1.0000000000000 stre    1    6           val=   2.06494
   9 k  0.0420681042220 bend    7    8    3      val=   1.91785
       -0.7272016709915 bend    2    8    3
        0.6851335667695 bend    2    7    3
  10 k  0.7139456839726 bend    6    5    1      val=   2.20450
       -0.2641789546336 bend    4    5    1
       -0.2641789546336 bend    4    6    1
        0.2057619108546 bend    2    5    1
        0.2057619108546 bend    2    6    1
       -0.5157757189683 bend    2    4    1
  11 k  1.0000000000000 bend    1    3    2      val= 118.21711
  12 k -0.4939287837877 bend    6    5    1      val=  -0.83628
        0.2294062402535 bend    4    5    1
        0.2294062402535 bend    4    6    1
        0.3412536696712 bend    2    5    1
        0.3412536696712 bend    2    6    1
       -0.6464300242744 bend    2    4    1
        12 non zero eigenvalues  of BmBt
           1           3.868216780    1    0
         1
           2           3.672772073    2    0
         2
           3           3.151319884    3    0
         3
           4           3.140718809    4    0
         4
           5           1.275932996    5    0
         5
           6           1.225417759    6    0
         6
           7           0.882015571    7    0
         7
           8           0.844107194    8    0
         8
           9           0.691899898    9    0
         9
          10           0.392857287   10    0
        10
          11           0.299762749   11    0
        11
          12           0.074633813   12    0
        12
$end
