$coord
       -0.23209757861709       -2.06082278558550        2.15552238791303      C
        0.32502596713904        0.44034194744357        2.80149899166074      C
       -0.23209757861709        2.56151477379396        1.32840981428787      C
       -0.23209757861709        2.56151477379396       -1.32840981428787      C
        0.32502596713904        0.44034194744357       -2.80149899166074      C
       -0.23209757861709       -2.06082278558550       -2.15552238791303      C
        1.55815954250603        0.77375209186667        4.42288257922594      H
       -0.06295948332626        4.40906462790141        2.22062914065095      H
       -0.06295948332626        4.40906462790141       -2.22062914065095      H
        1.55815954250603        0.77375209186667       -4.42288257922594      H
        0.81317259995037       -3.56407766968798       -3.10131924463998      H
       -2.16920346903494       -2.55977298573212       -1.76926603734485      H
        0.81317259995037       -3.56407766968798        3.10131924463998      H
       -2.16920346903494       -2.55977298573212        1.76926603734485      H
$end
