$coord
   -2.67118294804166      0.12232788066970      0.44366114954574      c
   -1.36134985216374      0.21197909112492      2.59827832732600      c
    1.36134985216374     -0.21197909112492      2.59827832732600      c
    2.67118294804166     -0.12232788066970      0.44366114954574      c
    1.36230883288670      0.46795937275520     -1.99959736139470      c
   -1.36230883288670     -0.46795937275520     -1.99959736139470      c
   -4.70747173829354      0.36248566971614      0.44644469095481      h
   -2.30877304739854      0.55291302401484      4.38381239705918      h
    2.30877304739854     -0.55291302401484      4.38381239705918      h
    4.70747173829354     -0.36248566971614      0.44644469095481      h
    2.39208779546675     -0.33702910967040     -3.59828874583279      h
    1.39343223551774      2.52972119364457     -2.27431045765825      h
   -2.39208779546675      0.33702910967040     -3.59828874583279      h
   -1.39343223551774     -2.52972119364457     -2.27431045765825      h
$redundant
     number_of_atoms            14
     degrees_of_freedom         19
     internal_coordinates       19
     frozen_coordinates          0
# definitions of redundant internals
   1 k -1.0000000000000 tors    2    3    4    5 val= -15.47632
        1.0000000000000 tors    3    4    5    6
       -1.0000000000000 tors    4    5    6    1
        1.0000000000000 tors    5    6    1    2
       -1.0000000000000 tors    6    1    2    3
        1.0000000000000 tors    1    2    3    4
   2 k  1.0000000000000 outp    8    3    1    2 val=  -1.36609
   3 k  1.0000000000000 outp    7    6    2    1 val=   3.17068
   4 k  1.0000000000000 stre    4    5           val=   2.83392
   5 k  1.0000000000000 stre    5    6           val=   2.88088
   6 k  1.0000000000000 stre    2    3           val=   2.75551
   7 k  1.0000000000000 stre    2    8           val=   2.04987
   8 k  1.0000000000000 stre    3    4           val=   2.52311
   9 k  1.0000000000000 stre    1    7           val=   2.05040
  10 k  1.0000000000000 stre    5   11           val=   2.06501
  11 k  1.0000000000000 stre    5   12           val=   2.08022
  12 k -0.5000000000000 tors    2    3    4    5 val=  22.22664
       -0.5000000000000 tors    3    4    5    6
        1.0000000000000 tors    4    5    6    1
       -0.5000000000000 tors    5    6    1    2
       -0.5000000000000 tors    6    1    2    3
        1.0000000000000 tors    1    2    3    4
  13 k  0.7072259173251 bend    2    7    1      val=   0.87850
       -0.7069876249721 bend    6    7    1
  14 k  0.0029785134124 bend   12   11    5      val=   0.14683
        0.5176161730309 bend    4   11    5
        0.4833746653953 bend    4   12    5
       -0.5052243334620 bend    6   11    5
       -0.4931145217965 bend    6   12    5
  15 k  0.0566670192145 bend   12   11    5      val=   1.05458
       -0.5021022846196 bend    4   11    5
        0.5027914403773 bend    4   12    5
       -0.5065137683575 bend    6   11    5
        0.4851048491416 bend    6   12    5
  16 k  0.7071248322732 bend    1    8    2      val=   0.91153
       -0.7070887296390 bend    3    8    2
  17 k  0.9009842324040 bend   12   11    5      val=   0.71099
       -0.1836996072189 bend    4   11    5
       -0.2494202828193 bend    4   12    5
       -0.1909464602716 bend    6   11    5
       -0.2362431778806 bend    6   12    5
  18 k -0.5000000000000 bend    1    3    2      val=   2.08835
       -0.5000000000000 bend    2    4    3
        1.0000000000000 bend    3    5    4
       -0.5000000000000 bend    4    6    5
       -0.5000000000000 bend    5    1    6
        1.0000000000000 bend    6    2    1
  19 k -0.0076518502173 bend   12   11    5      val=   0.85944
        0.4880363928762 bend    4   11    5
       -0.5042082826154 bend    4   12    5
       -0.4885368907372 bend    6   11    5
        0.5185244859672 bend    6   12    5
        19 non zero eigenvalues  of BmBt
           1           9.719410565    1    0
         1
           2           4.704402991    2    0
         2
           3           4.131923727    3    0
         3
           4           3.620933140    4    0
         4
           5           3.594115014    5    0
         5
           6           2.732029519    6    0
         6
           7           1.971671007    7    0
         7
           8           1.626501174    8    0
         8
           9           1.373515151    9    0
         9
          10           0.776754181   10    0
        10
          11           0.544113803   11    0
        11
          12           0.390464285   12    0
        12
          13           0.379908070   13    0
        13
          14           0.327126605   14    0
        14
          15           0.299754940   15    0
        15
          16           0.244552508   16    0
        16
          17           0.204987468   17    0
        17
          18           0.134301834   18    0
        18
          19           0.062226819   19    0
        19
$user-defined bonds
$end
