$coord
   -2.39962904559604     -0.72924531468057      0.48685581279373       c
   -2.31984480826561     -0.90811734178886      2.53870155061963       h
   -5.02791117381898     -0.68242923946446     -0.12391690143784       o
   -1.07238367561608      1.69925118732143     -0.32367985094518       c
   -1.08067201443491      1.82665841292672     -2.38898043883723       h
   -2.20623258343039      3.27593473766391      0.37225148173874       h
    1.64401638218332      1.98198067296699      0.63616685400529       c
    1.69601975563420      1.70138468812546      2.68649703147262       h
    2.26597816484771      3.92456244578944      0.30611673626615       h
   -5.16141087647669     -0.77843677564572     -1.93183490030473       h
   -1.47642224063609     -2.38154058705206     -0.32319986050743       h
    3.57472500571285      0.24140495457161     -0.60527361118487       c
    3.43592273152627      0.38960861626930     -2.65538269069465       h
    5.48407783421465      0.82511868030639     -0.06710606470490       h
    3.20589203854850     -2.37295178177810     -0.05506661951229       o
    3.45837267798495     -2.59248126663542      1.73039576371752       h
$end
