$coord
   -1.32835427224058      1.94938908417566      2.28240075259414      c
   -2.35004325617316      1.93779718170037      4.05193138846955      h
    1.30625950776562      1.95734193670829      2.28252123361815      c
    2.32787524335737      1.95234072156278      4.05209832207470      h
    2.62343144542178      1.96122159332147      0.00000000000000      c
    4.66675966471588      1.95904562991010      0.00000000000000      h
    1.30625950776562      1.95734193670829     -2.28252123361815      c
    2.32787524335737      1.95234072156278     -4.05209832207470      h
   -1.32835427224058      1.94938908417566     -2.28240075259414      c
   -2.35004325617316      1.93779718170037     -4.05193138846955      h
   -2.64557722950948      1.94504452525663      0.00000000000000      c
   -4.68885486030250      1.92996778746281      0.00000000000000      h
    0.02137409390945     -4.70297945087294      0.00000000000000      c
    0.00167468210191     -2.69198434257823      0.00000000000000      h
    0.04472327971809     -6.99422716920881      0.00000000000000      c
    0.06503431174540     -8.99976578832552      0.00000000000000      h
$user-defined bonds
$end
