$coord
       -0.73573457900000        0.65355984400001        0.00000000000000      C
        0.51141843500000        2.92152016099999        1.21402989600000      C
        0.51141843500000        2.92152016099999       -1.21402989600000      C
        0.51141843500000       -1.84401351900000        0.00000000000000      C
       -0.69594639800000       -4.04599027300001        0.00000000000000      C
       -2.79173378000001        0.55735011400000        0.00000000000000      H
        1.02103407000000        3.78761559699999        2.97844815600000      H
        1.02103407000000        3.78761559699999       -2.97844815600000      H
        2.56441108099999       -1.80921043499999        0.00000000000000      H
       -2.74125164000001       -4.13980005100001        0.00000000000000      H
        0.31104889800001       -5.82313961699999        0.00000000000000      H
$end
