$coord
    1.81476769625463     -0.08931587233540     -0.31641583574778       n
   -0.02797611389507      1.15266673473121      1.32155762651231       c
   -2.77179718228637      0.41673082212513      0.87182613179259       c
   -4.38215738015736      0.86876349757246      2.47088827471992       o
    0.32852653520401      3.97267830668765      0.70334452374600       c
    3.08339628378522      4.12940045306759     -0.13358885139506       c
    3.39171665318244      1.72891210635593     -1.69110636278291       c
    0.36366696960190      0.80048188072797      3.31485199713977       h
   -0.90847430189242      4.48319463953428     -0.86595686250160       h
   -0.14801874516211      5.15945153468612      2.30919909194003       h
    4.33142449383685      4.05602741689955      1.50420968719081       h
    3.50351665333065      5.83501882729231     -1.20121181390948       h
    2.69755760977361      1.99373334442264     -3.61770168722612       h
    5.30998062425935      1.00439203375072     -1.79573642835671       h
   -3.24417652644249     -0.60756284769237     -1.42521739787743       n
   -1.73816275531437     -0.96861377138639     -2.52984929237304       h
   -5.76392917176014     -1.30373151209600     -2.22213110759822       c
   -5.87981470542014     -3.31565149955356     -2.63359476746714       h
   -7.03543749191627     -0.85682633362547     -0.67500325448493       h
   -6.33358286949981     -0.24372422020899     -3.89029156911155       h
    2.63706434494895     -2.53376246039117     -0.01045142546973       c
    4.40861323233509     -3.37569579326797     -1.23985129531665       o
    1.21784284238446     -4.09590196896628      1.90917923677405       c
   -0.80424316128019     -4.11022635564801      1.53406861822439       h
    1.95066932397567     -6.00806479242428      1.83375116138501       h
    1.49273817416557     -3.33975263029909      3.80493519285806       h
$end
