$coord
       -0.21332185624999       -2.68083813312499       -1.47467139970833      C
        0.77401747275000       -0.44701225512499       -2.57692197870833      O
        1.17125220975000        1.68167814687500       -0.94965959070834      C
       -1.15295222325000        2.28199128387499        0.69500503729167      C
       -2.71932698925001       -2.19668295612499       -0.08743250170834      C
       -2.35762834125000       -0.09616643112501        1.90770823029167      C
       -0.91991391925001       -0.94334137312500        4.01481728729168      O
       -3.13777265324999        3.38985473087500       -0.79875013270834      O
        3.64934590775000        1.46414864987500        0.62139547129167      C
        5.44667097375000       -0.21986099712500       -0.48407289470833      O
        0.24398946675000       -2.24088801412499        3.40710842429168      H
       -2.52449054624999        4.90252082487499       -1.63317894470834      H
        5.62446290575000        0.16858009387500       -2.26902159170834      H
        1.49917677375000       -3.75767496712500        0.30398801029167      O
       -4.66903619025000       -1.63180229212501       -1.83344834570833      O
       -4.21749590325000        0.46443924587500        2.61890121129166      H
       -0.60170873125001        3.58110239187500        2.21894260329167      H
        1.42015144374999        3.23510173787500       -2.30362055770834      H
        4.46630168374999        3.36382346287499        0.82647855029166      H
        3.21912525974999       -3.30720065312499       -0.21159714270832      H
       -4.52379549824999        0.14494743187500       -2.29858500670833      H
       -0.50213948025001       -3.94628169512500       -3.08460965770834      H
       -3.27469842625001       -3.94057206512499        0.87730120229166      H
        3.29978666074999        0.73013383187500        2.51392371729167      H
$end
