$coord
     0.000000000     0.000000000     0.768761320     N 
     0.000000000     2.594803544    -0.123852641     C 
     0.000000000     2.705263698    -2.205357474     H 
    -1.671502323     3.571153154     0.577345305     H 
     1.671502323     3.571153154     0.577345305     H 
    -2.247165772    -1.297400827    -0.123852641     C 
    -2.342827481    -1.352631849    -2.205357474     H 
    -2.256958332    -3.233139756     0.577345305     H 
    -3.928458765    -0.338013398     0.577345305     H 
     2.247165772    -1.297400827    -0.123852641     C 
     2.342827481    -1.352631849    -2.205357474     H 
     3.928458765    -0.338013398     0.577345305     H 
     2.256958332    -3.233139756     0.577345305     H 
$end
