$coord
        0.00000000000000        2.68673819497727        0.01299104725544      C
        0.00000000000000        1.31646208389456       -2.25907726110522      C
        0.00000000000000       -1.31646208389456       -2.25907726110522      C
        0.00000000000000       -2.68673819497727        0.01299104725544      C
        0.00000000000000       -1.32131621310296        2.27629754894597      C
        0.00000000000000        1.32131621310296        2.27629754894597      C
        0.00000000000000        5.53386506184282       -0.00165486485626      C
        0.00000000000000       -5.53386506184282       -0.00165486485626      C
        0.00000000000000        2.33599210624993       -4.05420419327649      H
        0.00000000000000       -2.33599210624993       -4.05420419327649      H
        0.00000000000000       -2.34367121952440        4.06923527613469      H
        0.00000000000000        2.34367121952440        4.06923527613469      H
        0.00000000000000        6.29223524533602        1.93072941624223      H
       -1.67352314164155        6.27997657379230       -0.98715848467016      H
        1.67352314164155        6.27997657379230       -0.98715848467016      H
        0.00000000000000       -6.29223524533602        1.93072941624223      H
       -1.67352314164155       -6.27997657379230       -0.98715848467016      H
        1.67352314164155       -6.27997657379230       -0.98715848467016      H
$end
