$coord
        0.00000000000000        0.00000000000000        3.04725237848615      N
       -2.15447028488745        0.00000000000000        1.71881863924305      C
       -3.88290878743924        0.00000000000000        2.81572745237569      H
       -2.25471194126419        0.00000000000000       -0.91109006336119      C
       -4.06036135213138        0.00000000000000       -1.86589388821551      H
        0.00000000000000        0.00000000000000       -2.25962775769649      C
        0.00000000000000        0.00000000000000       -4.30288503577469      H
        2.25471194126419        0.00000000000000       -0.91109006336119      C
        4.06036135213138        0.00000000000000       -1.86589388821551      H
        2.15447028488745        0.00000000000000        1.71881863924305      C
        3.88290878743924        0.00000000000000        2.81572745237569      H
$end
