$coord
       -3.96001739059999       -0.85485210430000       -2.80151319945000      C
       -3.60605215360001       -2.89245591929999       -2.99748944445000      H
       -3.21800215559999        0.07976889669999       -4.50575120745000      H
       -6.02045102260000       -0.58689183129999       -2.78741081745000      H
       -2.75753893560000        0.23639592570000       -0.40546404245000      C
       -3.52126834959999       -0.74815479229999        1.26939741955000      H
        0.15085947840000        0.11861557870000       -0.31396933045000      C
        0.87171161439999        1.06557006569999       -2.03523354345000      H
        1.13940553040001        1.61205503070000        1.98300410055000      C
        0.49855403740001        0.66051202370000        3.72709308455000      H
        0.22548914140000        3.48525822070000        1.98690538255000      H
        4.01002730140000        1.97126680770000        2.07404459755000      C
        4.70485379040000        2.89962879170000        0.34668025555001      H
        4.55968428440000        3.15962679870001        3.68746605955000      H
        5.01918004040000        0.16624674569999        2.26610585955001      H
        1.12199083640000       -2.61378239230001       -0.32403361445000      C
        3.19697734240000       -2.69419312429999       -0.32065523745000      H
        0.44590320939999       -3.63810946130000        1.35946565254999      H
        0.47503811640001       -3.65575045030001       -1.99975306845000      H
       -3.33634471560000        2.22924518970000       -0.20888890645000      H
$end
