$coord
        2.59022835579999       -0.92323720345334       -0.00023929872000      C
        3.17084507859999        0.15392589394667       -1.68273108331999      H
        3.17417939850000        0.14985477364667        1.68370556358000      H
        3.79481572560001       -3.54492898895334       -0.00465814191999      C
        3.23210935310000       -4.62724394725333       -1.68556588592001      H
        5.86619758919999       -3.38439172805334       -0.00672692682001      H
        3.23588267360000       -4.63133930005334        1.67486456718000      H
       -1.73530585549999        2.13241415994668        0.00313084898000      C
       -0.91565114289999        3.04021818834667       -1.67945843442000      H
       -0.91664171450000        3.03953196864668        1.68657443518000      H
       -4.60864042920000        2.39396902104668        0.00232708298000      C
       -5.44424962810000        1.50323819594667        1.68195558808000      H
       -5.14797872769999        4.40046909994667        0.00299466177999      H
       -5.44311139190000        1.50457412904666       -1.67856511891999      H
       -0.85267928460001       -1.20705426275334        0.00239214228001      S
$end
