$coord
    0.00000000016667     -1.42567794700000      0.00000000000000      sb
    0.00000000016667      3.97476587000000      0.00000000000000      h
    0.00000000016667      6.99621096200000      0.00000000000000      i
    2.64219220316667     -3.18176629500000      0.00000000000000      h
   -1.32109610183333     -3.18176629500000     -2.28820495100000      h
   -1.32109610183333     -3.18176629500000      2.28820495100000      h
$redundant
     number_of_atoms             6
     degrees_of_freedom          8
     internal_coordinates        8
     frozen_coordinates          0
# definitions of redundant internals
   1 k  1.0000000000000 stre    3    2           val=   3.02145
   2 k  1.0000000000000 stre    1    2           val=   5.40044
   3 k  1.0000000000000 stre    1    4           val=   3.17254
   4 k  1.0000000000000 stre    1    5           val=   3.17254
   5 k  0.4679877379095 bend    6    5    1      val=   1.74767
        0.4679878662435 bend    4    5    1
        0.4679878662435 bend    4    6    1
       -0.3381135353912 bend    2    5    1
       -0.3381135353912 bend    2    6    1
       -0.3381133916819 bend    2    4    1
   6 k  0.5208244695121 bend    6    5    1      val=   0.00002
       -0.2604120825138 bend    4    5    1
       -0.2604120825138 bend    4    6    1
        0.3144076207199 bend    2    5    1
        0.3144076207199 bend    2    6    1
       -0.6288152849491 bend    2    4    1
   7 k -0.6288152657823 bend    6    5    1      val=   0.00001
        0.3144076398867 bend    4    5    1
        0.3144076398867 bend    4    6    1
        0.2604121962321 bend    2    5    1
        0.2604121962321 bend    2    6    1
       -0.5208243557937 bend    2    4    1
   8 k  1.0000000000000 linc    3    1    2    4 val=   0.00000
         8 non zero eigenvalues  of BmBt
           1           3.680913014    1    0
         1
           2           2.247806224    2    0
         2
           3           2.125017036    3    0
         3
           4           0.677984289    4    0
         4
           5           0.470240481    5    0
         5
           6           0.327757462    6    0
         6
           7           0.251696289    7    0
         7
           8           0.140663292    8    0
         8
$user-defined bonds
$end
