$coord
        1.19060296299999        2.23461988100000        3.91934839600001      C
       -0.03019782099999       -0.16909268200000        2.87892195699999      C
       -0.03129386200000       -0.20344790000001        0.01464537600000      N
        1.77983842400000       -0.20429827699999       -0.70341270499999      H
       -0.94401261900001       -1.78518634899999       -0.66384184300000      H
       -0.93770093400000        1.36474121299999       -0.70430087700000      H
       -2.00530163200001       -0.33591769199999        3.48917117100000      H
        0.98256302900000       -1.87407905900001        3.47133215799999      H
        1.18274170300000        2.12898419800000        5.99011013600000      H
        3.13231531500001        2.43491193900000        3.23766753900000      H
        0.09956966199999        3.91099580699999        3.36373115999999      H
        4.61979423200000        0.76789015600001       -0.77267116300000      O
        5.80075959200000        0.01288793100000       -3.28392803200000      S
        7.83391578500000        2.66564748199999       -4.05964165299999      C
        7.44005909400001       -2.21249119000000       -3.03276455000000      O
        3.81233321300000       -0.09117927900000       -5.25147293800000      O
        8.75160452100001        2.24656294900000       -5.86737243300001      H
        6.67351064300001        4.37297712000000       -4.20838198600000      H
        9.24157267500000        2.85392088300001       -2.55428593000000      H
$end
