$coord
    2.44788155559926      3.22780235937851     -0.33767045594670      n
    2.94090114660907      0.83650281252963      0.94270496336607      c
    3.51073974720609     -1.17490518647271     -1.03186327594985      c
    3.79824459422939     -3.42241143334242      0.03309020288022      o
    2.66191743648314      4.69592504455700      0.87209925803308      h
    3.67476152326785     -0.76086955078173     -3.24624768690738      o
   -0.79986252897332      2.68442149981632     -1.45934757036055      h
    4.58392340026820      0.92832841751751      2.21104104659338      h
    0.63386726994006      0.09201933070926      2.55137141383291      c
   -1.66816889303574     -0.26530552614236      0.96622912482655      c
    0.29018195342401      1.58280362610103      3.94469784177220      h
    1.01689051867277     -1.62426301679577      3.62313544000381      h
   -3.58435129916827     -1.97008646275166      1.01361961163233      c
   -2.16478665127443      1.32604167611144     -1.02084500212192      n
   -3.94103533403334     -3.54509986168922      2.25338181133829      h
   -6.78013364867362     -2.26767577559053     -1.40078457575492      h
   -4.26762268727389      0.64582801016725     -2.16323086018143      c
   -5.17016172885696     -1.34879592068215     -0.94389358746525      n
   -5.10338873325268      1.53449454592260     -3.79489667011268      h
    3.66782408686696      3.49510396637191     -1.79117032309933      h
    4.25237827197552     -4.66985855493397     -1.22142070637892      h
$user-defined bonds
$end
