$coord
    0.00000000000000      2.25925801696960      0.30075683990447      c
    0.00000000000000      0.00000000000000     -1.52977746092380      c
    0.00000000000000     -2.25925801696960      0.30075683990447      c
    0.00000000000000     -1.16172976924350      2.90220340124924      n
    0.00000000000000      1.16172976924350      2.90220340124924      n
   -1.66109646269055      3.47381313656520      0.15223709968602      h
    1.66109646269055      3.47381313656520      0.15223709968602      h
   -1.66318878754130      0.00000000000000     -2.74254571006386      h
    1.66318878754130      0.00000000000000     -2.74254571006386      h
    1.66109646269055     -3.47381313656520      0.15223709968602      h
   -1.66109646269055     -3.47381313656520      0.15223709968602      h
$redundant
     number_of_atoms            11
     degrees_of_freedom          9
     internal_coordinates        9
     frozen_coordinates          0
# definitions of redundant internals
   1 k  1.0000000000000 stre    5    4           val=   2.32346
   2 k  1.0000000000000 stre    1    5           val=   2.82349
   3 k  1.0000000000000 stre    3    2           val=   2.90777
   4 k  1.0000000000000 stre    1    7           val=   2.06312
   5 k  1.0000000000000 stre    2    9           val=   2.05840
   6 k  0.1812654079964 bend    7    6    1      val=   3.06322
        0.4784160188543 bend    5    6    1
        0.4784160188543 bend    5    7    1
       -0.5046677509367 bend    2    6    1
       -0.5046677509367 bend    2    7    1
   7 k -0.8770539234693 bend    9    8    2      val=   6.98649
        0.2401959696410 bend    1    8    2
        0.2401959696410 bend    1    9    2
        0.2401959696410 bend    3    8    2
        0.2401959696410 bend    3    9    2
   8 k -0.8676847211425 bend    7    6    1      val=   4.98975
        0.3193436479723 bend    5    6    1
        0.3193436479723 bend    5    7    1
        0.1469055711934 bend    2    6    1
        0.1469055711934 bend    2    7    1
   9 k -0.8090169943749 bend    1    4    5      val=   0.00279
        0.3090169943749 bend    5    3    4
        0.3090169943750 bend    4    2    3
       -0.8090169943750 bend    3    1    2
        1.0000000000000 bend    2    5    1
         9 non zero eigenvalues  of BmBt
           1           3.765952825    1    0
         1
           2           3.295616974    2    0
         2
           3           2.230222766    3    0
         3
           4           2.118834267    4    0
         4
           5           0.850927624    5    0
         5
           6           0.770150740    6    0
         6
           7           0.554718723    7    0
         7
           8           0.269298305    8    0
         8
           9           0.258721130    9    0
         9
$user-defined bonds
$end
