$coord
     0.000000000     0.000000000     1.260912108     S 
     0.000000000     2.572827921    -0.978267682     C 
     0.000000000    -2.572827921    -0.978267682     C 
    -1.684930716     2.506092248    -2.157180800     H 
     1.684930716     2.506092248    -2.157180800     H 
     0.000000000     4.324755092     0.096659484     H 
    -1.684930716    -2.506092248    -2.157180800     H 
     0.000000000    -4.324755092     0.096659484     H 
     1.684930716    -2.506092248    -2.157180800     H 
$end
