$coord
        0.19470956247083       -3.43147971473507        3.52058642641293      C
       -0.04654809753464       -0.90893820013948        1.07132020662142      Si
       -0.84743598906208        2.20794687533709        2.50960345590673      C
       -2.28917465371660       -1.80277697381499       -1.49386834572369      C
        2.37986763452847        3.46222110201155       -4.67058192276637      B
        3.52682412730001       -0.54682194694638       -0.56349777653284      Cl
        1.62394513600301        1.32572186493438       -7.05700710021354      Cl
        5.33803656899555        4.88625805259925       -4.58686409064564      Cl
       -2.32799155550538       -0.40670134072743       -3.01043656170005      H
       -2.70679290278902        2.15827918204307        3.40637371344673      H
        1.58181416532993       -2.95787767615994        4.97091078820877      H
       -1.61797623989460       -3.71229757647085        4.46939036609245      H
        0.74808939997352       -5.24127898861201        2.70197402672251      H
       -4.21284105834602       -1.98153806451996       -0.76471709878507      H
       -1.78033731099158       -3.61157663198509       -2.34387285003597      H
       -0.88191563747646        3.71613595877083        1.10370473911032      H
        0.52143360208773        2.74624442898794        3.95508215353231      H
        0.79629324862722        4.09847964942700       -3.21810012975093      H
$end
