$coord
    1.68923715059805     -7.11146311464767     -2.35040054599869       c
   -0.87877953254842     -7.04550562548634     -2.87827664395897       c
   -2.24975108654462     -7.35081280307715     -0.48642722290679       c
    1.99514412726344     -7.43390727367456      0.40486720992928       c
   -0.45176038597161     -7.29960916172571      1.55361906494538       c
    4.01759082872220     -5.90910086307729      1.19646781781668       c
    3.31473402770647     -5.14449915039566     -3.15515289188052       c
    5.04536997561549     -4.64615436963182     -1.05560404139173       c
    2.35499012385763     -3.06200375544787     -4.62134321037010       c
   -1.95075918471729     -4.96635296709501     -4.22153744291514       c
   -0.37576958488034     -2.95056207004888     -5.12644300616855       c
   -4.34146910091134     -5.71618779285643     -0.53555405523819       c
   -4.32207994387009     -4.36585828432759     -2.96459706603782       c
   -4.93843585396128     -4.31116885415143      1.65864569704105       c
   -0.83461493206937     -5.54636358549979      3.62581507452371       c
   -3.16824019021382     -4.17425214870024      3.71328690673533       c
    3.76560416369689     -4.48474681349844      3.44731872497064       c
    1.32501473725271     -4.24459871577781      4.60537105612234       c
    5.05396237136911     -2.07464547259178      3.68478019904814       c
    6.16786918827569     -2.31387705313796     -0.82680526087999       c
    6.35474515041982     -1.06774364206939      1.63638850264793       c
    3.80625462945923     -0.71268110923537     -4.55687010108615       c
    5.76936430829061     -0.39281888302384     -2.71931004707143       c
    2.62361733926391      1.55533777086324     -5.44067384850408       c
   -1.59049782631909     -0.46434539509879     -5.45141561876124       c
   -0.04792704520963      1.70213849987987     -5.73740072458853       c
   -5.33878132719979     -1.96692087849618     -3.10727441263250       c
   -4.07871458740823     -0.01845053007104     -4.49704911959614       c
   -6.22037787449451     -1.89447482568497      1.45201888427385       c
   -6.52919597426761     -0.78779507740099     -0.91154511602130       c
   -3.35346339788213     -1.64025185875400      4.78435023070237       c
   -5.39413990939961     -0.32036980665082      3.54665576962542       c
    1.13199943284806     -1.66983911184398      5.61198621519037       c
    3.48519431687945     -0.40279814878639      5.19622246643364       c
   -1.19035474274941     -0.29184798115457      5.65752748115724       c
    3.53237265259523      2.21197791779221      4.79907611056549       c
    6.36256767174690      1.63560029787790      1.18787069774773       c
    6.17165790019952      2.03090341487604     -1.49856340584466       c
    5.09914685704208      3.28361212802398      2.84348300640028       c
    3.42515167051405      3.99101466525237     -4.54485371055236       c
    4.99593814148624      4.23934981247111     -2.41507661186932       c
   -0.89371120358742      4.25937524030130     -4.93860252780620       c
    1.27767142844552      5.66909166022743     -4.31231383921534       c
   -4.79580140414981      2.41422094387635     -3.40114534561232       c
   -6.31109984668208      1.92872365519955     -1.19965314018627       c
   -3.17516528060039      4.57359909065013     -3.53426011105676       c
   -5.37779547910367      2.28814314060555      3.33607602773345       c
   -6.07351402862503      3.49123955077855      0.94258160008259       c
   -1.13839936834230      2.48305195059535      5.44567293001601       c
    1.24655463102359      3.70091354693504      5.03214397138404       c
   -3.32614854046694      3.74834642876092      4.45699183886691       c
    3.79910277193671      5.51049733938807      1.88747660289706       c
    3.79323082592400      6.04621013162142     -0.69072211362602       c
    1.46177554029793      6.93669368297387     -1.92445192927616       c
    1.49412122662409      5.84913890801776      3.36146941161671       c
   -3.14043683859329      6.30329112035577     -1.40782159153269       c
   -4.64663454904219      5.74608628384050      0.74345700006294       c
   -3.05367327573627      5.96445131945474      2.97161569786798       c
   -0.72050835487779      7.30903190314212     -0.50002550318642       c
   -0.65198272790186      6.90996747524908      2.22793476525829       c
$end
