$coord
        0.00000000000000        0.00000000000000       -1.44314888775131      C
        0.00000000000000        0.00000000000000        1.44314888775131      C
        1.90626010271270        0.00000000000000       -2.20645160268920      H
       -0.95313005135635       -1.65086966297683       -2.20645160268920      H
       -0.95313005135635        1.65086966297683       -2.20645160268920      H
        1.90626010271270        0.00000000000000        2.20645160268920      H
       -0.95313005135635        1.65086966297683        2.20645160268920      H
       -0.95313005135635       -1.65086966297683        2.20645160268920      H
$end
