$coord
       -1.81100516851000       -0.55048714536000       -1.19048863797000      C
       -1.34269980531000       -0.30282159845999       -3.21010983506999      H
       -3.89090157471001       -0.51259957286000       -1.08368744777001      H
       -0.80425671440999        1.71984863073999        0.29105398672999      C
       -1.80824276801000        3.45117289104000       -0.30896223297000      H
       -1.23552775991000        1.43082392744000        2.31460028742999      H
        1.91982856879001        1.99345576324000       -0.03289940836999      N
        2.69366844539000        1.26445816284000       -1.63123330396999      H
        3.41946877279000        3.85894848334000        1.01262440553001      C
        5.58139433179001        4.27528642574000        0.26754457613000      O
        2.29428218659001        5.26458588354000        2.92531878502999      N
        0.85034456059000        4.50222780583999        3.93156072653001      H
        3.55127679228999        6.29562322904000        3.94161803083001      H
       -0.84533161121000       -3.12091437615999       -0.26290054557000      C
        1.23478290979001       -3.15635795766000       -0.32698486437000      H
       -1.35567386571000       -3.34867796545999        1.74569313913000      H
       -1.90472105791000       -5.33400607956001       -1.79393823037000      C
       -1.19050906690999       -7.15246107636000       -1.08995078937001      H
       -3.98163672040999       -5.39323642706000       -1.69959766217001      H
       -1.37454045500999       -5.18486900386000       -3.79926097937001      H
$end
