$coord
        1.65116332641788       -4.00297663167353        0.00000000000000      N
        0.00000000000000        0.79015874684801        0.00000000000000      P
        0.39580313853289       -5.44378509360926        0.00000000000000      H
       -1.63383075832707        3.42680480293511        0.00000000000000      F
        2.76490743790444       -4.19862375766344        1.54026096885723      H
       -1.38964412688785       -0.41586825061189        1.95005941913029      H
        2.76490743790444       -4.19862375766344       -1.54026096885723      H
       -1.38964412688785       -0.41586825061189       -1.95005941913029      H
$end
