$coord
   -1.43731047100000      4.14182016800000     -0.92272258750000      c
   -2.49595008800000      1.48766222000000     -0.56218554550000      c
   -1.43731047100000      0.14793342000000      1.76493075350000      c
    1.43731047100000     -0.14793342000000      1.76493075350000      c
    2.49595008800000     -1.48766222000000     -0.56218554550000      c
    1.43731047100000     -4.14182016800000     -0.92272258750000      c
    0.58636496700000      4.10623284800000     -1.29477939950000      h
   -1.74311159900000      5.28396677700000      0.76525436650000      h
   -2.34379313100000      5.09744515200000     -2.50370514550000      h
   -2.12379879000000      0.36015720700000     -2.24951243350000      h
   -4.54806968200000      1.59216406700000     -0.38546781950000      h
   -2.32092933600000     -1.70797025500000      1.93818083250000      h
   -1.99090947900000      1.20634816000000      3.45000697850000      h
    1.99090947900000     -1.20634816000000      3.45000697850000      h
    2.32092933600000      1.70797025500000      1.93818083250000      h
    4.54806968200000     -1.59216406700000     -0.38546781950000      h
    2.12379879000000     -0.36015720700000     -2.24951243350000      h
    2.34379313100000     -5.09744515200000     -2.50370514550000      h
   -0.58636496700000     -4.10623284800000     -1.29477939950000      h
    1.74311159900000     -5.28396677700000      0.76525436650000      h
$redundant
     number_of_atoms            20
     degrees_of_freedom         28
     internal_coordinates       28
     frozen_coordinates          0
# definitions of redundant internals
   1 k  1.0000000000000 stre    1    9           val=   2.05777
   2 k  1.0000000000000 stre    3   13           val=   2.06548
   3 k  1.0000000000000 stre    1    8           val=   2.06089
   4 k  1.0000000000000 stre    2   11           val=   2.06236
   5 k  1.0000000000000 stre    3   12           val=   2.06281
   6 k  1.0000000000000 stre    1    7           val=   2.05790
   7 k  1.0000000000000 stre    2    1           val=   2.88015
   8 k  1.0000000000000 stre    3    4           val=   2.88981
   9 k  1.0000000000000 stre    3    2           val=   2.88636
  10 k  1.0000000000000 stre    2   10           val=   2.06321
  11 k  0.4229264763687 bend    7    9    1      val=   1.50353
        0.4188206619381 bend    8    9    1
        0.4187164245486 bend    8    7    1
       -0.3961666945034 bend    2    9    1
       -0.3968479029985 bend    2    7    1
       -0.3949211270434 bend    2    8    1
  12 k  1.0000000000000 tors    9    1    2    3 val=  64.58638
        1.0000000000000 tors    7    1    2    3
        1.0000000000000 tors    8    1    2    3
  13 k  0.0046241845482 bend   10   11    2      val=   0.07055
       -0.4986969856497 bend    1   11    2
       -0.5020843914742 bend    1   10    2
        0.4932593920762 bend    3   11    2
        0.5058521220553 bend    3   10    2
  14 k  0.0019024590586 bend   13   12    3      val=   0.03727
        0.5026938398512 bend    2   12    3
        0.4971571411141 bend    2   13    3
       -0.5053193213279 bend    4   12    3
       -0.4947549338382 bend    4   13    3
  15 k -0.3644664474689 bend    7    9    1      val=   0.05567
       -0.3186537879674 bend    8    9    1
        0.6857852068586 bend    8    7    1
       -0.4436755858757 bend    2    9    1
        0.2075615632218 bend    2    7    1
        0.2353567379704 bend    2    8    1
  16 k -0.6244185702327 bend    7    9    1      val=   0.36045
        0.6565607980364 bend    8    9    1
       -0.0261482797222 bend    8    7    1
        0.0135569795280 bend    2    9    1
       -0.3045226043572 bend    2    7    1
        0.2922803907885 bend    2    8    1
  17 k  1.0000000000000 tors    1    2    3    4 val= -58.80737
  18 k  0.0231520731634 bend   13   12    3      val=   0.54366
       -0.5023854427258 bend    2   12    3
        0.4965850896785 bend    2   13    3
       -0.5005743449221 bend    4   12    3
        0.4999014126408 bend    4   13    3
  19 k  0.9088218565478 bend   13   12    3      val=   3.23890
       -0.1992738400111 bend    2   12    3
       -0.2189945271844 bend    2   13    3
       -0.1948988819057 bend    4   12    3
       -0.2199740726618 bend    4   13    3
  20 k  0.9061785935939 bend   10   11    2      val=   2.15231
       -0.2147810846517 bend    1   11    2
       -0.2031049408818 bend    1   10    2
       -0.2238742767236 bend    3   11    2
       -0.2033178137767 bend    3   10    2
  21 k  1.0000000000000 tors    2    3    4    5 val= -55.49795
  22 k  0.0178529208869 bend   10   11    2      val=   0.57628
        0.5004787510078 bend    1   11    2
       -0.5047938415198 bend    1   10    2
        0.4994978906430 bend    3   11    2
       -0.4948609176449 bend    3   10    2
  23 k -0.2800371775245 bend    7    9    1      val=   0.39525
        0.3149478665241 bend    8    9    1
       -0.0313756991580 bend    8    7    1
       -0.0572302556911 bend    2    9    1
        0.6664916488815 bend    2    7    1
       -0.6114868484956 bend    2    8    1
  24 k  0.2478236473535 bend    7    9    1      val=  -0.03391
        0.1934862965099 bend    8    9    1
       -0.4429636269849 bend    8    7    1
       -0.6825843297552 bend    2    9    1
        0.2925780617245 bend    2    7    1
        0.3916713272807 bend    2    8    1
  25 k  1.0000000000000 bend    3    1    2      val= 113.19438
  26 k -0.0021135875046 bend   13   12    3      val=   0.20245
       -0.4955003369827 bend    2   12    3
        0.5052911712715 bend    2   13    3
        0.4964104687218 bend    4   12    3
       -0.5027250019408 bend    4   13    3
  27 k -0.0036247878523 bend   10   11    2      val=   0.36825
        0.5028033639678 bend    1   11    2
       -0.4917816182771 bend    1   10    2
       -0.5051345779897 bend    3   11    2
        0.5001655087465 bend    3   10    2
  28 k  1.0000000000000 bend    4    2    3      val= 114.35368
        28 non zero eigenvalues  of BmBt
           1           6.428523998    1    0
         1
           2           4.546656475    2    0
         2
           3           3.936931159    3    0
         3
           4           3.589857408    4    0
         4
           5           3.402681264    5    0
         5
           6           3.028870582    6    0
         6
           7           2.669095736    7    0
         7
           8           2.218822193    8    0
         8
           9           1.861453374    9    0
         9
          10           0.883578581   10    0
        10
          11           0.806429657   11    0
        11
          12           0.776015691   12    0
        12
          13           0.732588387   13    0
        13
          14           0.692624274   14    0
        14
          15           0.682071402   15    0
        15
          16           0.574392552   16    0
        16
          17           0.436276081   17    0
        17
          18           0.419193713   18    0
        18
          19           0.348103872   19    0
        19
          20           0.300853244   20    0
        20
          21           0.276003822   21    0
        21
          22           0.248723940   22    0
        22
          23           0.216837519   23    0
        23
          24           0.167245873   24    0
        24
          25           0.071814137   25    0
        25
          26           0.037992404   26    0
        26
          27           0.013506936   27    0
        27
          28           0.011361714   28    0
        28
$user-defined bonds
$end
