$coord
       -8.39765421462632        0.00612521466796        7.40314412338058      N
       -9.95822784968593       -2.03236960802913        6.44287034032407      C
       -7.84434429264354       -0.38440180850192       10.05908239355831      C
       -9.64257555535325        2.41965508569749        7.03146711838624      C
       -9.56610211820763       -0.41706194525658       11.22861122048764      H
       -6.85886723215273       -2.17382883715854       10.30501513194431      H
       -6.62520070609529        1.12613376828501       10.74153053028409      H
      -11.45939227457990        2.53546695175140        8.04101740008388      H
       -8.42736637861366        3.93671777654742        7.70615792933652      H
       -9.99496979488763        2.71539911522023        5.02599903931360      H
      -11.79170061504783       -2.15228784896977        7.42133462713574      H
      -10.31162175434461       -1.74737623047637        4.43599819473471      H
       -8.97760360590437       -3.82561577320028        6.67971727546318      H
$end
