$coord
    0.55923422830303      5.17066539221212      1.08956074554545      n
    2.53126912430303      4.45492600421212     -0.45313218445455      c
    2.02309156930303      2.13878145421212     -1.52935570245455      c
   -0.42472530769697      1.39694683921212     -0.61552011745455      c
   -1.97867911469697     -0.72331060378788     -1.03476527745455      c
   -4.30023961969697     -0.82765182478788      0.16122718354545      c
   -5.12533367169697      1.12291578421212      1.78809606854545      c
   -3.63458363969697      3.22769826121212      2.23291489054545      c
   -1.29028406169697      3.34288650921212      1.01010532654545      c
    0.43787035630303      6.81988028621212      2.01801147054545      h
    4.16281130130303      5.65562010321212     -0.67522412045455      h
   -1.39651311869697     -2.27797116878788     -2.22584823145455      h
   -6.93488803669697      0.91984960821212      2.71683214254545      h
   -4.26085584069697      4.71218763121212      3.49310701254545      h
   -5.82069236469697     -2.92486783878788     -0.17983812145455      o
   -7.83284425369697     -2.46269188378788     -1.90658847345455      c
   -9.05655332569697     -0.93758663378788     -1.24362157345455      h
   -7.09854775569697     -1.96910301478788     -3.77289886945455      h
   -8.91644337169697     -4.20312007278788     -2.03033529045455      h
    3.77438379330303      0.66619924821212     -3.19274354145455      c
    5.38776192430303     -1.25927657878788     -1.72677915545455      c
    3.93982363430303     -3.28980983278788     -0.59847667945455      n
    3.05433016030303     -3.49296860478788      1.82977019554545      c
    3.92168415430303     -1.51213703478788      3.70568606854545      c
    2.70480077230303     -0.33276849278788     -4.65072005545455      h
    5.05512290630303      1.95872269221212     -4.17185404045455      h
    6.77969251430303     -2.08964296578788     -3.00595924545455      h
    6.43254229130303     -0.28647398478788     -0.24609191445455      h
    3.25534220430303     -4.64209397178788     -1.75282335945455      h
    1.66873771130303     -5.23758631578788      2.43707521654545      o
    5.97449916730303     -1.52131354378788      3.89051638854545      h
    3.33173248730303      0.37156262021212      3.12204419654545      h
    3.07645318230303     -1.96846806678788      5.51762904754545      h
$user-defined bonds
$end
