$coord
   -1.20504291955932      3.26913835406780     -5.94749681820339      h
   -1.50089048355932      1.67705478906780     -5.08643599020339      o
   -2.75550980455932      2.21372204206780     -2.73664033320339      c
   -4.33768213455932      3.51864662406780     -3.02952178320339      h
   -1.44300061755932      3.06634788906780     -1.37328542320339      h
   -3.73100072255932     -0.22704899193220     -1.62166666120339      c
   -4.38462840855932      0.15080531006780      0.31009193779661      h
   -5.84813841755932     -1.17159300193220     -3.09726203520339      o
   -5.86962120055932     -3.85122540093220     -3.08192936520339      c
   -7.66208431755932     -4.56847883793220     -2.36134755420339      h
   -5.66336006555932     -4.75743631893220     -5.74011394220339      n
   -4.48940653355932     -3.34540338993220     -7.57147631220339      c
   -3.76740383755932     -1.53319603893220     -6.93399387920339      h
   -4.27538901755932     -4.14732070793220     -9.99752562520339      c
   -3.34699819755932     -2.99050340093220    -11.40506875320339      h
   -5.29562354555932     -6.56262541693220    -10.73188826220339      c
   -5.23808308955932     -7.51320596693220    -12.86802356120339      o
   -6.41927181555932     -7.89295471993220     -8.73158249920339      n
   -7.14210258955932     -9.62586066493220     -9.14150148320339      h
   -6.66219136755932     -7.13758683293220     -6.25030046420339      c
   -7.66631295755932     -8.45233874593220     -4.61559091720339      o
   -1.86529220455932     -2.43553547493220     -1.57335638320339      c
   -0.70819219355932     -2.49471583493220     -3.28231307520339      h
   -3.63561642555932     -4.73231694693220     -1.45075568520339      c
   -2.77666547655932     -6.46693479493220     -2.18425301720339      h
   -4.51267472955932     -5.08152942893220      1.07807998179661      o
   -3.10340401355932     -4.56835581693220      2.16025481379661      h
   -0.30094792855932     -2.23397843393220      0.60700322879661      o
    2.64685813244068     -3.33133910393220      0.61243467879661      p
    3.26722002544068     -4.26127723293220     -1.99299460620339      o
    2.93927546544068     -4.93707386093220      2.91760426679661      o
    4.14423411044068     -0.70505820493220      1.23067214279661      o
    4.30231819244068      1.18723403306780     -0.72806191620339      c
    2.59373377744068      1.17986655806780     -1.89478271120339      h
    5.92981919044068      0.78875998606780     -1.94310017020339      h
    4.65742737544068      3.74729761106780      0.48281875079661      c
    5.05622985744068      5.11929575006780     -1.02249237520339      h
    2.35194692744068      4.52938357806780      1.75855198079661      o
    2.90765373544068      5.80298444006780      4.03733041179661      c
    1.86105583044068      7.57751367906780      4.13947633679661      h
    2.06030627044068      4.18334829306780      6.21597641979661      n
    1.03549728344068      1.83193087306780      5.84217841379661      c
    0.88975934744068      1.26656794306780      3.88435463579661      h
    0.28785138444068      0.32450627706780      7.77716636579661      c
   -0.49607819955932     -1.52737832793220      7.40926449379661      h
    0.55298693244068      1.17236472406780     10.34667649479661      c
   -0.04660668355932      0.00269576806780     12.28232169279661      o
    1.61051954844068      3.59753172406780     10.55366422979661      n
    1.83797055944068      4.29612959606780     12.32931785579661      h
    2.38805240944068      5.17234357106780      8.62991636779661      c
    3.29455491244068      7.28175927806780      9.01109923379661      o
    6.70713530044068      3.94710778806780      2.49927524679661      c
    6.74368789244068      2.23622754406780      3.66106253379661      h
    5.78472754144068      6.19945481106780      4.08088632779661      c
    6.55138880844068      6.22196617206780      5.99712403979661      h
    6.31660169244068      8.51436480306780      2.79668844879661      o
    7.92172701244068      8.23742054606780      1.92347535979661      h
    9.09509076044068      4.34364297706780      1.31140407179661      o
   10.41358962244068      3.89485856606780      2.50859083979661      h
$user-defined bonds
$end
