$coord
        3.92485645541777       -2.19835385262435        2.23288023861050      H
        2.80908246476143       -0.72964317193082        1.33638446080788      C
       -3.51239715493336        1.24772712450644        0.00000000000000      C
        1.75619857746667        1.24772712450644        3.04182498009267      C
       -0.02869738911208       -2.19835385262435        4.51546595765130      H
        1.24371226522934        3.03570145582005        2.15417312307529      H
        2.77458361479237        1.57256546878386        4.80572041425983      H
       -0.24719892430712       -0.72964317193082        3.10092996094728      C
       -2.56188354045429       -0.72964317193082        1.76454361041275      C
       -0.02869738911208       -2.19835385262435       -4.51546595765130      H
       -0.24719892430712       -0.72964317193082       -3.10092996094728      C
       -5.54916722958474        1.57256546878386        0.00000000000000      H
        1.75619857746667        1.24772712450644       -3.04182498009267      C
        3.92485645541777       -2.19835385262435       -2.23288023861050      H
        1.24371226522934        3.03570145582005       -2.15417312307529      H
        2.77458361479237        1.57256546878386       -4.80572041425983      H
        2.80908246476143       -0.72964317193082       -1.33638446080788      C
       -3.89615906630572       -2.19835385262435        2.28258571904081      H
       -2.48742453045868        3.03570145582005        0.00000000000000      H
       -2.56188354045429       -0.72964317193082       -1.76454361041275      C
       -3.89615906630572       -2.19835385262435       -2.28258571904081      H
$end
