$coord
    1.59965856292753      0.35451483661914      0.00000000000000      c
    0.17701094082188      0.04604641779812     -2.34524875490695      c
   -2.30428020483592     -0.66676746171116     -2.31177105449847      c
   -3.54181422152760     -0.99760550742384      0.00000000000000      c
   -2.30428020483592     -0.66676746171116      2.31177105449847      c
    0.17701094082188      0.04604641779812      2.34524875490695      c
    3.93861557878944      1.84967167742613      0.00000000000000      c
    4.86870369416205      2.28863982331389      1.76481341815764      h
    4.86870369416205      2.28863982331389     -1.76481341815764      h
    1.18034196426421      0.30274299797452     -4.11448628341555      h
   -3.31999041692834     -0.95003212117605     -4.06542320968971      h
   -5.51604432713814     -1.55006222449344      0.00000000000000      h
    1.18034196426421      0.30274299797452      4.11448628341555      h
    2.31601245198107     -1.69777809452659      0.00000000000000      h
   -3.31999041692834     -0.95003212117605      4.06542320968971      h
$user-defined bonds
$end
