$coord
   -6.15956878453333      0.83877285346667      0.30536273866667      o
   -7.14117258453333      2.34777721646667      0.49731628366667      h
   -4.42683693453333      1.43636854346667      0.33265045566667      h
   -1.26570066753333     -2.67741148453333     -0.27362015733333      c
   -0.03744898953333     -4.30467697953333     -0.52479381933333      h
   -2.55255865653333     -2.53101052153333     -1.86829430033333      h
   -2.42413463153333     -2.93969786853333      1.40258259966667      h
    0.16053615646667     -0.22452281453333     -0.02305476133333      c
   -0.92929801253333      1.80748982146667      0.27285505466667      o
    2.71286267246667     -0.40877617153333     -0.14516501633333      n
    3.47055138446667     -2.12943589653333     -0.38991306333333      h
    4.35360235746667      1.76813234746667      0.06165241966667      c
    3.15080285746667      3.40898226246667      0.31635839466667      h
    5.61138414846667      1.59530708246667      1.67943338766667      h
    5.47697968446667      2.01270160946667     -1.64337021633333      h
$user-defined bonds
$end
