$coord
    0.91772257890909      4.94367895015152     -0.36813551630303      n
   -1.05907631609091      3.34665072915152     -0.93452230030303      c
   -0.23436209909091      0.87294271515152     -0.88794244430303      c
    2.39793927790909      0.96404262615152     -0.24174875230303      c
    4.24481195190909     -0.93456885584848      0.08322553669697      c
    6.67545499990909     -0.19539875584848      0.72789233069697      c
    7.29709359190909      2.38996749715152      1.04817820869697      c
    5.51389523490909      4.26936991515151      0.72943812669697      c
    3.05460205190909      3.53103318315152      0.07791162769697      c
    0.77908850090909      6.82616729015152     -0.18667835730303      h
   -2.91037850809091      4.10276600215152     -1.31999049730303      h
    3.74879856390909     -2.89780140784848     -0.16771117730303      h
    9.22290201090909      2.84865690815152      1.55249694269697      h
    6.01727855490909      6.23585468515151      0.97892542069697      h
    8.65678356790909     -1.81586524884848      1.10821291369697      o
    8.12603890590909     -4.42545778884848      0.82338207469697      c
    6.69319007790909     -5.05055646884848      2.17144645569697      h
    7.49411453390909     -4.85738867884848     -1.09380352430303      h
    9.88888113390909     -5.40628604884848      1.19744955469697      h
   -1.71720173809091     -1.47706005484848     -1.46332999330303      c
   -4.56832771609091     -1.06187213684848     -1.56508228930303      c
   -5.49570129709091     -0.26192088984848      0.89397467869697      n
   -7.97227791409091     -0.07389315384848      1.61486168069697      c
   -9.89063514309091     -1.23875237984848     -0.16435880330303      c
   -1.11230989709091     -2.25745074884848     -3.27905620330303      h
   -1.31191031509091     -2.91474847084848     -0.03500139030303      h
   -5.00842600209091      0.32968617715152     -3.03449164530303      h
   -5.48347666009091     -2.82715589184848     -2.09827603630303      h
   -4.27785982409091      0.68018499515152      2.01866021969697      h
   -8.58314506909091      0.93739937915152      3.60010765069697      o
  -11.75962895009091     -0.91911845584848      0.61522308769697      h
   -9.77460785709091     -0.39874460984848     -2.04194897330303      h
   -9.56927023109091     -3.26436100684848     -0.35930860630303      h
$user-defined bonds
$end
