$coord
    0.00000000000000     -1.26155313681037      1.75068698355527      c
    0.00000000000000     -1.48439992829685     -1.10590783093830      c
    0.00000000000000      1.48439992829685     -1.10590783093830      c
    0.00000000000000      1.26155313681037      1.75068698355527      c
    0.00000000000000     -2.66538146662547      3.23746360656416      h
    1.67626166564292     -2.34831412224443     -1.94112137959056      h
   -1.67626166564292     -2.34831412224443     -1.94112137959056      h
   -1.67626166564292      2.34831412224443     -1.94112137959056      h
    1.67626166564292      2.34831412224443     -1.94112137959056      h
    0.00000000000000      2.66538146662547      3.23746360656416      h
$redundant
     number_of_atoms            10
     degrees_of_freedom          8
     internal_coordinates        8
     frozen_coordinates          0
# definitions of redundant internals
   1 k  1.0000000000000 stre    1    4           val=   2.52311
   2 k  1.0000000000000 stre    3    2           val=   2.96880
   3 k  1.0000000000000 stre    1    5           val=   2.04481
   4 k  1.0000000000000 stre    4    3           val=   2.86527
   5 k  1.0000000000000 stre    2    6           val=   2.06247
   6 k -0.7935373959471 bend    7    6    2      val=  19.19017
        0.1151196941829 bend    1    6    2
        0.1151196941829 bend    1    7    2
        0.4146042168478 bend    3    6    2
        0.4146042168478 bend    3    7    2
   7 k  0.7071067811865 bend    4    5    1      val=   0.58664
       -0.7071067811865 bend    2    5    1
   8 k -0.2584045192436 bend    7    6    2      val=   3.72473
        0.5531020509106 bend    1    6    2
        0.5531020509106 bend    1    7    2
       -0.4008636594851 bend    3    6    2
       -0.4008636594851 bend    3    7    2
         8 non zero eigenvalues  of BmBt
           1           3.930350221    1    0
         1
           2           3.483253105    2    0
         2
           3           2.556015014    3    0
         3
           4           1.594352745    4    0
         4
           5           0.864078039    5    0
         5
           6           0.476010904    6    0
         6
           7           0.336116099    7    0
         7
           8           0.220760354    8    0
         8
$user-defined bonds
$end
