$coord
       -1.35765851317117       -0.56741377291312       -2.53508624444287      C
        1.13213191908557       -0.37024207000757       -2.35499209702817      C
       -2.00052486252286        0.90345727563666        0.00000000000000      B
        1.71413141157576        0.88182709342880        0.00000000000000      N
        1.13213191908557       -0.37024207000757        2.35499209702817      C
       -1.35765851317117       -0.56741377291312        2.53508624444287      C
       -2.84225481420825        3.00042710966868        0.00000000000000      H
       -2.39879243169792       -1.56789403881840        3.97824996053277      H
        2.64881608403063       -1.00287886408837        3.58353158181884      H
        3.11642692355256        2.17444274601256        0.00000000000000      H
        2.64881608403063       -1.00287886408837       -3.58353158181884      H
       -2.39879243169792       -1.56789403881840       -3.97824996053277      H
$end
