$coord
     1.522576797    -4.083089374    -0.245016203     O 
    -0.288221008    -3.664087989    -0.124005709     H 
    -3.624384846    -0.880587745     0.061219563     H 
     1.740972430     5.128402644    -1.590045684     H 
     1.712564179    -5.054620182    -1.767116789     H 
    -4.393144276    -3.339499204     1.484784167     H 
     2.404011139     2.794241446     0.063296372     H 
     1.199102951     4.202512497    -0.125020492     O 
    -3.430018969    -2.731289004     0.071563923     O 
     3.403455090    -1.416544272     0.084888381     H 
     4.359824627     0.169187168     0.289413425     O 
     5.365111611    -0.036120223     1.787104421     H 
    -3.629594820     2.426801235    -0.105293642     O 
    -1.907260758     3.136637119    -0.124192792     H 
    -4.588228249     3.459203897     1.038888202     H 
$end
