$coord
   -3.12829134861628     -0.23300394043326      0.00000000000000      o
    2.35500003894170      0.19405350461602      0.00000000000000      o
   -1.33053765694300      0.06034211441874      0.00000000000000      h
   -3.85253284374873      1.42432982102036      0.00000000000000      h
    2.97818090518316     -0.72286074981094     -1.43347299098969      h
    2.97818090518316     -0.72286074981094      1.43347299098969      h
$user-defined bonds
$redundant
     number_of_atoms             6
     degrees_of_freedom          8
     internal_coordinates        8
     frozen_coordinates          0
# definitions of redundant internals
   1 k  1.0000000000000 stre    1    4           val=   1.80867
   2 k  1.0000000000000 stre    1    3           val=   1.82153
   3 k  1.0000000000000 stre    3    2           val=   3.68796
   4 k  1.0000000000000 stre    2    5           val=   1.81216
   5 k  0.8896886212005 bend    6    5    2      val=  14.75815
       -0.3228421884655 bend    3    5    2
       -0.3228421884654 bend    3    6    2
   6 k  1.0000000000000 bend    3    4    1      val= 104.33745
   7 k  0.4565678014341 bend    6    5    2      val= 184.86609
        0.6291048571954 bend    3    5    2
        0.6291048571954 bend    3    6    2
   8 k  1.0000000000000 linc    2    1    3    4 val=   0.00000
         8 non zero eigenvalues  of BmBt
           1           3.458912826    1    0
         1
           2           2.848326748    2    0
         2
           3           2.310709383    3    0
         3
           4           1.450295818    4    0
         4
           5           1.201785421    5    0
         5
           6           0.765783057    6    0
         6
           7           0.294640785    7    0
         7
           8           0.214159014    8    0
         8
$end
