$coord
       -0.19673261082201       -0.10527432679128       -2.29963629663529      C
        1.30127047890606       -0.29321286279562        0.00000000000000      N
        2.67208516687253        1.04257526947776        0.00000000000000      H
       -0.19673261082201       -0.10527432679128        2.29963629663529      C
        1.04498030697506       -0.15869771130144       -3.94593051881903      H
       -1.36618968978413        1.61815689699265       -2.41569441790256      H
       -1.46873582925822       -1.72886606224101       -2.42713769094832      H
       -1.46873582925822       -1.72886606224101        2.42713769094832      H
       -1.36618968978413        1.61815689699265        2.41569441790256      H
        1.04498030697506       -0.15869771130144        3.94593051881903      H
$end
