$coord
     0.000000000     1.196398753     0.000000000     C 
     2.607927691    -0.091625254     0.000000000     C 
    -1.164292308    -1.321929471     0.000000000     C 
     1.075089682    -2.541316740     0.000000000     C 
     3.756166777     0.243534658     1.682302107     H 
     3.756166777     0.243534658    -1.682302107     H 
    -0.760527784     3.588160688     0.000000000     C 
     0.669696214     5.058189874     0.000000000     H 
    -3.463554046     4.425120329     0.000000000     C 
    -4.751789702     2.818530094     0.000000000     H 
    -3.892102327     5.582184435     1.657440872     H 
    -3.892102327     5.582184435    -1.657440872     H 
    -3.101168852    -1.974293118     0.000000000     H 
     1.886065591    -5.218251555     0.000000000     C 
     3.049227843    -5.637583642     1.656256014     H 
     0.272419119    -6.498062813     0.000000000     H 
     3.049227843    -5.637583642    -1.656256014     H 
$end
