$coord
       -0.08164244094443       -2.30775425055556       -2.12965153083332      N
       -0.08608026194445       -4.21753491255555       -2.09968146883333      H
       -2.45880341194444       -1.13951641255555       -2.18622281383332      C
       -4.38331328894445       -2.40691508255556       -2.20484572783334      O
       -2.32275321894444        1.60044392444444       -2.21693154183333      C
       -4.05359196094444        2.66513850944445       -2.29733942783332      H
       -0.05201281694443        2.75277531244444       -2.13013787283333      C
        0.14746795905556        4.78355026744444       -2.13358207383332      H
        2.15844400905556        1.41569337944443       -2.02026961583333      N
        3.83877171105557        2.29723104444443       -1.89961409183333      H
        2.26928940605555       -1.19612596555555       -1.97504751083333      C
        4.24067419005556       -2.36653795155556       -1.82687315083332      O
        1.38644961005556       -0.40832497455556        4.22781801916666      C
        2.36366043805556       -2.05425343855555        3.51496311816668      H
        2.53088846605556        1.07887812444444        5.03532502216667      H
       -1.12457387994444       -0.21823659055557        4.13475481816667      C
       -2.28109164094444       -1.70635723855555        3.34692669516667      H
       -2.09178286794444        1.42784625544444        4.86040915416667      H
$end
