$coord
        0.00000000000000        0.00000000000000        3.37965918862499      Bi
       -2.70602581502431        0.00000000000000        5.33757376878306      H
        1.35301290751215       -2.34348709910754        5.33757376878306      H
        1.35301290751215        2.34348709910754        5.33757376878306      H
        0.00000000000000        0.00000000000000       -4.30897068337499      N
       -0.88409085304459       -1.53129027598016       -5.02780367370401      H
       -0.88409085304459        1.53129027598016       -5.02780367370401      H
        1.76818170608918        0.00000000000000       -5.02780367370401      H
$end
