$coord
       -2.28114214179368        1.31701802962438        0.00000000000000      C
       -2.28114214179368       -1.31701802962438        0.00000000000000      C
        0.00000000000000       -2.63403605924876        0.00000000000000      C
        2.28114214179368       -1.31701802962438        0.00000000000000      C
        2.28114214179368        1.31701802962438        0.00000000000000      C
        0.00000000000000        2.63403605924876        0.00000000000000      C
       -4.05074438944969        2.33869836366714        0.00000000000000      H
       -4.05074438944969       -2.33869836366714        0.00000000000000      H
        0.00000000000000       -4.67739672733429        0.00000000000000      H
        4.05074438944969       -2.33869836366714        0.00000000000000      H
        4.05074438944969        2.33869836366714        0.00000000000000      H
        0.00000000000000        4.67739672733429        0.00000000000000      H
$end
