$coord
    0.10389903251219     -4.01680186806172      0.00000000000000       n
    0.10389903251219      2.26670948886113      0.00000000000000       p
   -0.91883586841459     -5.63093223145346      0.00000000000000       h
   -0.72904878316275      4.81862022514963      0.00000000000000       h
    1.23875894380760     -4.05626501889477      1.53716181799930       h
   -1.55769558215924      1.52090261435195      1.95727061405337       h
    1.23875894380760     -4.05626501889477     -1.53716181799930       h
   -1.55769558215924      1.52090261435195     -1.95727061405337       h
$end
