$coord
     0.000000000     0.000000000     7.933897408     P 
     0.000000000     0.000000000    10.815958200     C 
     0.000000000     0.000000000    12.841147308     H 
     0.000000000     0.000000000     0.821679317     I 
     0.000000000     0.000000000    -3.138644008     C 
     0.000000000     2.278145940    -4.433758267     C 
     0.000000000     2.266200982    -7.055324111     C 
     0.000000000     0.000000000    -8.369602081     C 
     0.000000000    -2.266200982    -7.055324111     C 
     0.000000000    -2.278145940    -4.433758267     C 
     0.000000000     4.048891002    -3.412474752     H 
     0.000000000     4.043488276    -8.068105748     H 
     0.000000000     0.000000000   -10.414776931     H 
     0.000000000    -4.043488276    -8.068105748     H 
     0.000000000    -4.048891002    -3.412474752     H 
$end
