$coord
   -1.17117982113077     -3.24895950909231      0.00036576015385      c
    1.43874027286923     -3.23095911549231      0.00090132615385      c
    2.22344545386923     -0.65352008439231     -0.00011224364615      c
    0.07915548356923      0.85075183140769     -0.00127395214615      c
   -1.96768345283077     -0.76688857639231     -0.00120629444615      n
   -3.79668093493077     -0.20609340749231     -0.00192927784615      h
   -2.51401319173077     -4.79685447749231      0.00073309335385      h
    2.64823137226923     -4.88707653179231      0.00187261955385      h
    4.15419551246923      0.04200740650769      0.00049540915385      h
   -0.22596541283077      3.65619523810769     -0.00032595264615      c
   -1.25160438103077      4.33985353670769     -1.67992608534615      h
   -1.25407267033077      4.33758427130769      1.67868229185385      h
    1.63743176976923      4.56395941810769      0.00172330585385      h
$redundant
     number_of_atoms            13
     degrees_of_freedom         33
     internal_coordinates       33
     frozen_coordinates          0
# definitions of redundant internals
   1 k  1.0000000000000 stre    5    6           val=   1.91304
   2 k  0.7071067812050 bend    1    6    5      val=   0.10190
       -0.7071067811681 bend    4    6    5
   3 k  1.0000000000000 outp    6    4    1    5 val=  -0.00740
   4 k  1.0000000000000 stre    1    7           val=   2.04919
   5 k  0.7071067817588 bend    2    7    1      val=   5.03574
       -0.7071067806143 bend    5    7    1
   6 k  1.0000000000000 outp    7    5    2    1 val=   0.00639
   7 k  1.0000000000000 stre    2    8           val=   2.05075
   8 k  0.7071067811882 bend    1    8    2      val=  -0.58981
       -0.7071067811849 bend    3    8    2
   9 k  1.0000000000000 outp    8    3    1    2 val=  -0.00103
  10 k  1.0000000000000 stre    3    9           val=   2.05221
  11 k  0.7071067813105 bend    4    9    3      val=  -0.80266
       -0.7071067810626 bend    2    9    3
  12 k  1.0000000000000 outp    9    2    4    3 val=  -0.01409
  13 k  1.0000000000000 tors   13   10    4    3 val=  89.97192
        1.0000000000000 tors   13   10    4    5
        1.0000000000000 tors   12   10    4    3
        1.0000000000000 tors   12   10    4    5
        1.0000000000000 tors   11   10    4    3
        1.0000000000000 tors   11   10    4    5
  14 k  1.0000000000000 stre   10   13           val=   2.07275
  15 k  1.0000000000000 stre   10   12           val=   2.08335
  16 k  1.0000000000000 stre   10   11           val=   2.08336
  17 k  0.4127961952547 bend   12   13   10      val=   1.68001
        0.4131447801011 bend   11   13   10
        0.4389324572795 bend   11   12   10
       -0.3991539037507 bend    4   13   10
       -0.3917747961101 bend    4   12   10
       -0.3917111947067 bend    4   11   10
  18 k  0.5835327673065 bend   12   13   10      val=   0.01802
       -0.5786096027725 bend   11   13   10
       -0.0042198586991 bend   11   12   10
        0.0031077234943 bend    4   13   10
        0.4012630547354 bend    4   12   10
       -0.4045502846506 bend    4   11   10
  19 k  0.3496860994678 bend   12   13   10      val=   1.03546
        0.3576223157128 bend   11   13   10
       -0.6657401044820 bend   11   12   10
        0.4491581299855 bend    4   13   10
       -0.2315660387222 bend    4   12   10
       -0.2263850003997 bend    4   11   10
  20 k  0.2301254361799 bend   12   13   10      val=   0.90012
        0.2285409267230 bend   11   13   10
       -0.4488467306513 bend   11   12   10
       -0.6820329985830 bend    4   13   10
        0.3368841846832 bend    4   12   10
        0.3386561320475 bend    4   11   10
  21 k  0.4026437119835 bend   12   13   10      val=   0.00672
       -0.4031847286180 bend   11   13   10
        0.0006729122434 bend   11   12   10
        0.0011837525610 bend    4   13   10
       -0.5817274334183 bend    4   12   10
        0.5804407419685 bend    4   11   10
  22 k  1.0000000000000 stre    4   10           val=   2.82199
  23 k  0.7071068085550 bend    3   10    4      val=   4.57254
       -0.7071067538181 bend    5   10    4
  24 k  1.0000000000000 outp   10    5    3    4 val=   0.04288
  25 k  1.0000000000000 stre    1    2           val=   2.60998
  26 k  1.0000000000000 stre    2    3           val=   2.69424
  27 k  1.0000000000000 stre    3    4           val=   2.61932
  28 k  1.0000000000000 stre    4    5           val=   2.60889
  29 k  1.0000000000000 stre    5    1           val=   2.60674
  30 k -0.8090169943749 bend    1    3    2      val=  -0.77019
        0.3090169943749 bend    2    4    3
        0.3090169943750 bend    3    5    4
       -0.8090169943750 bend    4    1    5
        1.0000000000000 bend    5    2    1
  31 k  0.5877852522925 bend    1    3    2      val=  -1.07096
       -0.9510565162952 bend    2    4    3
        0.9510565162952 bend    3    5    4
       -0.5877852522925 bend    4    1    5
  32 k -0.8090169943749 tors    3    4    5    1 val=  -0.00414
        0.3090169943749 tors    4    5    1    2
        0.3090169943750 tors    5    1    2    3
       -0.8090169943750 tors    1    2    3    4
        1.0000000000000 tors    2    3    4    5
  33 k  0.5877852522925 tors    3    4    5    1 val=   0.00690
       -0.9510565162952 tors    4    5    1    2
        0.9510565162952 tors    5    1    2    3
       -0.5877852522925 tors    1    2    3    4
        33 non zero eigenvalues  of BmBt
           1           6.023607218    1    0
         1
           2           5.790902175    2    0
         2
           3           4.202364873    3    0
         3
           4           4.064462087    4    0
         4
           5           3.903772187    5    0
         5
           6           3.858607868    6    0
         6
           7           3.263569047    7    0
         7
           8           3.130186127    8    0
         8
           9           3.098554151    9    0
         9
          10           2.659264611   10    0
        10
          11           2.210896169   11    0
        11
          12           2.009430830   12    0
        12
          13           1.903326228   13    0
        13
          14           1.753809268   14    0
        14
          15           1.494778487   15    0
        15
          16           1.183573506   16    0
        16
          17           1.008812943   17    0
        17
          18           0.842852346   18    0
        18
          19           0.679385833   19    0
        19
          20           0.677520705   20    0
        20
          21           0.524890578   21    0
        21
          22           0.446924597   22    0
        22
          23           0.414389006   23    0
        23
          24           0.409256851   24    0
        24
          25           0.380181774   25    0
        25
          26           0.341289712   26    0
        26
          27           0.327344119   27    0
        27
          28           0.315656085   28    0
        28
          29           0.250008719   29    0
        29
          30           0.141463871   30    0
        30
          31           0.119913883   31    0
        31
          32           0.069200057   32    0
        32
          33           0.047266661   33    0
        33
$user-defined bonds
$end
