$coord
    0.99249456939394      4.75879308378788     -0.48108306409091      n
    2.72810395739394      3.32229330578788     -1.78619208409091      c
    1.65769701539394      1.05354875278788     -2.47906956709091      c
   -0.88342886260606      1.09106170378788     -1.53012665309091      c
   -2.88574850660606     -0.66077098121212     -1.59341924609091      c
   -5.15254664160606     -0.00954683821212     -0.46296815109091      c
   -5.48518943860606      2.35186420778788      0.73882576990909      c
   -3.53888694160606      4.10136497078788      0.83960296690909      c
   -1.23971213160606      3.44088306078788     -0.29194605909091      c
    1.32237080739394      6.48540548578788      0.23167244690909      h
    4.61899023939394      4.01385931878788     -2.09510559109091      h
   -2.71349998260606     -2.47498163121212     -2.52233295409091      h
   -7.30930414260606      2.78920160378788      1.55082024090909      h
   -3.80444635560606      5.91368589478788      1.74979326990909      h
   -7.16215495960606     -1.67757206521212     -0.59070228909091      o
   -7.61726711860606     -2.92933223021212      1.74959106890909      c
   -8.06090108160606     -1.58270971021212      3.24922281290909      h
   -5.97306188760606     -4.04436694121212      2.31380655790909      h
   -9.22439214560606     -4.17298358121212      1.45176647390909      h
    2.95977491439394     -1.13381286021212     -3.70334933709091      c
    4.09269021239394     -2.95384575621212     -1.73251819609091      c
    6.08594295139394     -1.79452153821212     -0.24879983509091      n
    5.80999382439394     -0.46979338321212      1.96701916190909      c
    3.44453309539394     -0.97088068521212      3.49664463690909      c
    4.47744787239394     -0.46954582921212     -4.93606484309091      h
    1.63625051539394     -2.18166781121212     -4.89361025909091      h
    4.86772164339394     -4.61242046321212     -2.68400846109091      h
    2.61665736639394     -3.61342815721212     -0.46141101609091      h
    7.66282102439394     -1.28423126921212     -1.19373652909091      h
    7.46575094939394      0.96811990978788      2.70064102690909      o
    3.18782137839394     -2.98803656821212      3.82631489490909      h
    1.77305533839394     -0.26029458021212      2.52611916290909      h
    3.65042252139394     -0.00533841821212      5.29460364390909      h
$user-defined bonds
$end
