$coord
       -2.28145619622795       -1.31719934903656        0.00000000000000      C
       -2.28145619622795        1.31719934903656        0.00000000000000      C
        0.00000000000000        2.63439869807310        0.00000000000000      C
        2.28145619622795        1.31719934903654        0.00000000000000      C
        2.28145619622795       -1.31719934903654        0.00000000000000      C
        0.00000000000000       -2.63439869807310        0.00000000000000      C
       -4.05111815177255       -2.33891415544486        0.00000000000000      H
       -4.05111815177255        2.33891415544486        0.00000000000000      H
        0.00000000000000        4.67782831088973        0.00000000000000      H
        4.05111815177255        2.33891415544486        0.00000000000000      H
        4.05111815177255       -2.33891415544486        0.00000000000000      H
        0.00000000000000       -4.67782831088973        0.00000000000000      H
$end
