$coord
        0.00000000000000        1.96383159500000        0.00000000000000      H
        1.84349573400000       -0.74027181100000        0.00000000000000      H
       -1.35800245000000       -1.41870989800001        0.00000000000000      H
        3.05355342600000        2.43502532199999        1.55333775700000      H
        0.52195932600000       -3.87053866299999       -1.55334342600000      H
       -3.73115625399999        1.49813508100001       -1.53174007800000      H
        2.21152554000000        1.69889767999999        0.00000000000000      N
        0.42269957899999       -2.75652818400001        0.00000000000000      N
       -2.65911092000000        1.06761770600000        0.00000000000000      N
        0.52195932600000       -3.87053866299999        1.55334342600000      H
       -3.73115625399999        1.49813508100001        1.53174007800000      H
        3.05355342600000        2.43502532199999       -1.55333775700000      H
$end
