$coord
        0.00000000000000        0.00000000000000        5.83140905799999      Br
        0.00000000000000        0.00000000000000        1.44590116500001      Br
        0.00000000000000        2.15986043099999       -4.70768349799999      C
        0.00000000000000        2.25406705099999       -7.32281482500000      C
        0.00000000000000        0.00000000000000       -8.65304964100000      C
        0.00000000000000       -2.25406705099999       -7.32281482500000      C
        0.00000000000000       -2.15986043099999       -4.70768349799999      C
        0.00000000000000        0.00000000000000       -3.42622439900000      N
        0.00000000000000        3.87477542900000       -3.58604041500000      H
        0.00000000000000        4.05728516499999       -8.28359498200000      H
        0.00000000000000        0.00000000000000      -10.69869881299999      H
        0.00000000000000       -4.05728516499999       -8.28359498200000      H
        0.00000000000000       -3.87477542900000       -3.58604041500000      H
$end
