$coord
    1.50068225523020     -0.29867025131959      3.90424846562816      o
   -0.05026482643181     -2.77529992688423      0.00000000000000      o
    1.61296376731644      2.48984277429218      1.44237026042254      h
   -0.09299185243213      0.10523484255941      4.67491067067554      h
    1.33418368757298      3.60202451522622      0.00000000000000      o
    1.61296376731644      2.48984277429218     -1.44237026042254      h
    1.50068225523020     -0.29867025131959     -3.90424846562816      o
   -0.09299185243213      0.10523484255941     -4.67491067067554      h
    0.99267860639785     -1.44900622071205     -2.43750889198466      h
   -3.85075189741250      0.73810580105363      0.00000000000000      o
   -2.62889869219958      2.09758252463659      0.00000000000000      h
   -2.74876677702232     -0.77092381920567      0.00000000000000      h
    0.99267860639785     -1.44900622071205      2.43750889198466      h
   -0.08216704753155     -4.58629138446646      0.00000000000000      h
$redundant
     number_of_atoms            14
     degrees_of_freedom         21
     internal_coordinates       28
     frozen_coordinates          0
# definitions of redundant internals
   1 k  1.0000000000000 stre    3    1           val=   3.72146
   2 k  1.0000000000000 stre   10   12           val=   1.86857
   3 k  1.0000000000000 stre   12    2           val=   3.36146
   4 k  1.0000000000000 stre    1   13           val=   1.93201
   5 k  1.0000000000000 stre    1    4           val=   1.81572
   6 k  1.0000000000000 stre    2   14           val=   1.81127
   7 k  1.0000000000000 stre    5    3           val=   1.84258
   8 k  1.0000000000000 stre   13    2           val=   2.96450
   9 k  0.7887786720555 bend   13    4    1      val= 100.81063
        0.6146773190141 bend    3    4    1
  10 k -0.3208956769077 bend   13   14    2      val=  26.05464
       -0.3208956769077 bend    9   14    2
        0.8910959146376 bend   12   14    2
  11 k -0.6146773190141 bend   13    4    1      val=  13.00032
        0.7887786720555 bend    3    4    1
  12 k  1.0000000000000 linc    1    2   13   12 val=   9.35655
  13 k  1.0000000000000 linc    5    1    3   13 val=  13.81569
  14 k  1.0000000000000 linc   10    2   12   13 val=  11.41009
  15 k  1.0000000000000 linp    1    2   13   12 val=   4.86139
  16 k  1.0000000000000 linp   10    2   12   13 val=  -9.18220
  17 k  1.0000000000000 linp    5    1    3   13 val=   0.00000
  18 k  1.0000000000000 stre   10   11           val=   1.82787
  19 k  1.0000000000000 bend    6    3    5      val= 103.03524
  20 k  1.0000000000000 bend   12   11   10      val= 101.91264
  21 k  1.0000000000000 tors    6    5    1   13 val=  17.89457
        1.0000000000000 tors   11    5    1   13
  22 k  1.0000000000000 stre    5   11           val=   4.23903
  23 k  1.0000000000000 bend    3   13    1      val=  87.24035
  24 k  0.9663135474729 bend    9   13    2      val= 106.47029
        0.2573676902223 bend   12   13    2
  25 k -0.2573676902223 bend    9   13    2      val=  48.51380
        0.9663135474729 bend   12   13    2
  26 k  1.0000000000000 bend   11    3    5      val=  85.82692
  27 k  1.0000000000000 bend    5   10   11      val= 152.73564
  28 k  1.0000000000000 tors    9    2    1    3 val= -19.26789
        1.0000000000000 tors   12    2    1    3
        21 non zero eigenvalues  of BmBt
           1           3.441449227    0    0
         0.145967774        -0.016139134        -0.045379462        -0.455582466
        -0.103128512        -0.355455279        -0.097383462         0.549299324
         0.175684083         0.225296013        -0.158758934         0.088501582
         0.089127983        -0.242802204        -0.253974955         0.268850237
        -0.047754283         0.000000000         0.000000000         0.000000000
         0.000000000         0.000000000         0.000000000         0.000000000
         0.000000000         0.000000000         0.000000000         0.000000000
           2           3.423797298    0    0
         0.164618449        -0.415873903         0.652248475        -0.021029293
         0.169133042        -0.331204836        -0.117260002         0.033586984
        -0.176533617        -0.243691296        -0.000424857        -0.340345780
         0.029781791         0.062090027        -0.016864087        -0.047241808
         0.085178793         0.000000000         0.000000000         0.000000000
         0.000000000         0.000000000         0.000000000         0.000000000
         0.000000000         0.000000000         0.000000000         0.000000000
           3           3.075855401    0    0
         0.693588412         0.164895026        -0.181084240         0.118930260
        -0.029470716         0.139643741        -0.569880236        -0.134398709
        -0.137135099         0.005319712        -0.138778954        -0.075417681
         0.138609271         0.031364898        -0.109022942        -0.034831186
         0.067351184         0.000000000         0.000000000         0.000000000
         0.000000000         0.000000000         0.000000000         0.000000000
         0.000000000         0.000000000         0.000000000         0.000000000
           4           2.769014845    0    0
         0.089832932        -0.277919547         0.240857995         0.176129164
        -0.671051643         0.037716375        -0.023859127        -0.161344582
         0.395455488        -0.072835052        -0.104304640         0.278618683
        -0.000714664         0.091841133        -0.161891663        -0.075639376
        -0.238241901         0.000000000         0.000000000         0.000000000
         0.000000000         0.000000000         0.000000000         0.000000000
         0.000000000         0.000000000         0.000000000         0.000000000
           5           2.488728049    0    0
        -0.019065411         0.081246501         0.056753667        -0.609978852
         0.077044247         0.297579550        -0.054031200         0.108036460
         0.194540945        -0.244299410        -0.138321589         0.030345871
         0.165200882         0.422439857         0.104914890        -0.417213413
        -0.016019967         0.000000000         0.000000000         0.000000000
         0.000000000         0.000000000         0.000000000         0.000000000
         0.000000000         0.000000000         0.000000000         0.000000000
           6           2.070593908    0    0
         0.009498217         0.648193897         0.010780044         0.133642434
        -0.221972418        -0.517944037         0.138711882         0.054319224
        -0.006213197        -0.251371532         0.009507032        -0.187984937
        -0.094726584         0.231255509        -0.143029365        -0.191987045
        -0.060207729         0.000000000         0.000000000         0.000000000
         0.000000000         0.000000000         0.000000000         0.000000000
         0.000000000         0.000000000         0.000000000         0.000000000
           7           1.464748766    0    0
         0.322227709        -0.103979938        -0.058442167        -0.088545376
        -0.031859507         0.275083431         0.558981006         0.022161420
        -0.206558033         0.006524279        -0.329878307        -0.201671587
        -0.398466884         0.033792635        -0.363534145        -0.010554420
         0.008871632         0.000000000         0.000000000         0.000000000
         0.000000000         0.000000000         0.000000000         0.000000000
         0.000000000         0.000000000         0.000000000         0.000000000
           8           1.351065928    0    0
        -0.028248080         0.243638520         0.124622247        -0.189670566
         0.002237842         0.163325855         0.126159518        -0.357205596
         0.164913166        -0.372064884        -0.134139502        -0.259168485
         0.337963721        -0.426934288        -0.033104006         0.371500308
        -0.178194352         0.000000000         0.000000000         0.000000000
         0.000000000         0.000000000         0.000000000         0.000000000
         0.000000000         0.000000000         0.000000000         0.000000000
           9           1.193518440    0    0
        -0.054277759         0.062878851         0.046570268        -0.187800019
        -0.576666174         0.251665681        -0.147442118         0.231238585
        -0.244914913        -0.142003756         0.274415910        -0.248686743
        -0.263156477        -0.168493682         0.302377953         0.098684134
         0.261653548         0.000000000         0.000000000         0.000000000
         0.000000000         0.000000000         0.000000000         0.000000000
         0.000000000         0.000000000         0.000000000         0.000000000
          10           1.041519634    0    0
        -0.103656458         0.124770890         0.118104926        -0.050555495
         0.178246612        -0.052935813        -0.236424229        -0.185950495
         0.328408322        -0.183849176        -0.265219019         0.238389251
        -0.535636759        -0.105851188        -0.059973475         0.109156270
         0.499688547         0.000000000         0.000000000         0.000000000
         0.000000000         0.000000000         0.000000000         0.000000000
         0.000000000         0.000000000         0.000000000         0.000000000
          11           0.840491179    0    0
         0.278874719         0.112527193         0.136173320        -0.008027754
         0.265382809         0.102214829        -0.060841615         0.158371840
         0.159011498        -0.141022119         0.333349438         0.122661267
        -0.458062193        -0.092514722         0.179065126         0.058249363
        -0.596760315         0.000000000         0.000000000         0.000000000
         0.000000000         0.000000000         0.000000000         0.000000000
         0.000000000         0.000000000         0.000000000         0.000000000
          12           0.624792033    0    0
        -0.297214682        -0.009347024        -0.009758907         0.129649971
         0.091008668         0.289753774        -0.260522131         0.173394611
         0.160890174        -0.066367176         0.332804961        -0.279243103
        -0.011642740         0.104631821        -0.687857507         0.034788245
        -0.005173936         0.000000000         0.000000000         0.000000000
         0.000000000         0.000000000         0.000000000         0.000000000
         0.000000000         0.000000000         0.000000000         0.000000000
          13           0.547118066    0    0
         0.011652842        -0.357167668        -0.526871049        -0.278117901
        -0.051153532        -0.331074037        -0.078234935        -0.372515986
         0.200646196        -0.058088171         0.174953285        -0.355743218
        -0.210668821         0.037650898         0.033127672        -0.056615315
        -0.096646435         0.000000000         0.000000000         0.000000000
         0.000000000         0.000000000         0.000000000         0.000000000
         0.000000000         0.000000000         0.000000000         0.000000000
          14           0.414280482    0    0
        -0.014545902        -0.243696079        -0.357436320         0.141287773
         0.032750809        -0.064557574         0.020526766         0.261682688
        -0.221845374        -0.732931267        -0.043761121         0.332186408
         0.096477724        -0.055774465        -0.068166707         0.051654818
         0.011751067         0.000000000         0.000000000         0.000000000
         0.000000000         0.000000000         0.000000000         0.000000000
         0.000000000         0.000000000         0.000000000         0.000000000
          15           0.241080821    0    0
         0.415044017        -0.012074153        -0.017345637         0.091824871
         0.064201211         0.017612585         0.377734529         0.097804490
         0.438514960        -0.056487258         0.462316842         0.011134774
         0.206980258        -0.014400034         0.053513970        -0.008648012
         0.454802333         0.000000000         0.000000000         0.000000000
         0.000000000         0.000000000         0.000000000         0.000000000
         0.000000000         0.000000000         0.000000000         0.000000000
          16           0.156069223   18    0
        18
          17           1.676279595   18    0
        18
          18           0.391234152   21    0
        21
          19           0.975398192    0    0
         0.000000000         0.000000000         0.000000000         0.000000000
         0.000000000         0.000000000         0.000000000         0.000000000
         0.000000000         0.000000000         0.000000000         0.000000000
         0.000000000         0.000000000         0.000000000         0.000000000
         0.000000000         0.000000000         0.000000000         0.000000000
         0.000000000         0.953137363         0.023154993         0.014062284
         0.067751050        -0.101657592        -0.118328991        -0.248734887
          20           0.174599743    0    0
         0.000000000         0.000000000         0.000000000         0.000000000
         0.000000000         0.000000000         0.000000000         0.000000000
         0.000000000         0.000000000         0.000000000         0.000000000
         0.000000000         0.000000000         0.000000000         0.000000000
         0.000000000         0.000000000         0.000000000         0.000000000
         0.000000000        -0.059415070        -0.613630032         0.504906089
         0.022912911         0.332021625        -0.478852370        -0.157907954
          21           0.137713542    0    0
         0.000000000         0.000000000         0.000000000         0.000000000
         0.000000000         0.000000000         0.000000000         0.000000000
         0.000000000         0.000000000         0.000000000         0.000000000
         0.000000000         0.000000000         0.000000000         0.000000000
         0.000000000         0.000000000         0.000000000         0.000000000
         0.000000000        -0.192396785         0.053778131         0.154426209
        -0.490538484        -0.376139424         0.077647907        -0.740341723
$user-defined bonds
$end
