$coord
        3.03085662389688        1.78237133846771        0.69446699170319      C 
        0.56120096046870        1.07823346071367        2.17511056111941      C 
       -0.73817879991847       -1.03281168738841        0.73087214544330      N 
        2.72095266731842        3.36195201745759       -0.99547739290862      O 
        4.89943641652684        0.55335946989485        1.34345133385630      O 
        1.01416538998277        0.33560213936201        4.04723606842215      H 
       -2.04809405074539        0.26122954393098       -1.41281574150266      C 
       -2.94148783008538        2.77647634504874       -0.30688835458608      C 
       -1.47141816719757        3.10679518038653        2.18340626571547      C 
       -0.66393809504091        0.56953368373588       -2.89461128468703      H 
       -3.55254790651999       -0.95754462390285       -2.11906860730059      H 
       -2.51084902985500        4.28870599379252       -1.62936730049531      H 
       -4.97800503138419        2.77472517315958        0.01667933866595      H 
       -0.61512373399136        4.97054128885790        2.32735784287848      H 
       -2.73327855988111        2.87357498111831        3.80602551920461      H 
        0.84732859060034       -3.31484795057496        0.10336173244096      C 
       -0.41304578216651       -4.94113199538275        0.25673935915070      H 
        2.27450582961071       -3.44406775387797        1.58006105759286      H 
       -2.12555258938688       -1.67431874736684        1.90533039525308      H 
        0.73504912409249       -3.39923862673973       -4.01087663072199      H 
        2.09778337337037       -3.29823302769393       -2.46941448483429      C 
        3.27306887975072       -4.98654619703763       -2.58256862248858      H 
        3.33717172055455       -1.68436000596116       -2.74901019192136      H 
$end
