$coord
    3.48907505846595      1.16228928611425      0.43348616734877       c
    3.54111622643948      1.29183190224969      2.48807389779349       h
    4.83672758095494     -1.09038331703181     -0.17417038848967       o
    0.75587722507133      1.10970387701444     -0.47546454366469       c
   -0.09868905756382      2.93854681335077     -0.03098205994866       h
    0.73817238093232      0.92006230067483     -2.53864296910951       h
   -0.77618611182145     -1.02517264763820      0.71690918248509       c
   -0.89025187092856     -0.73030356131499      2.75717656829480       h
    0.20534709023002     -2.81330521389377      0.40784069399938       h
    4.98271837335102     -1.16350060056542     -1.98312395727738       h
    4.46224433265326      2.82103419377728     -0.32506124074832       h
   -3.44438681487547     -1.23586010391975     -0.33873907849815       c
   -3.37303642527610     -1.62130376379217     -2.37189920432208       h
   -4.43228650426863     -2.80312714894205      0.55575144814647       h
   -4.95634724516660      0.94027859084444      0.16057002951129       o
   -4.32464581401333      2.29514419798266     -0.86749011965795       h
$end
