$coord
       -0.85745140311128        0.00034532666380        2.00159853789293      C
        1.10358980417177       -0.00005367200164        3.75723817603125      C
        3.61150060315752       -0.00026977730272        2.95544053790065      C
        4.15742671129388       -0.00011517502835        0.37956498265522      C
        2.21448039896204        0.00028665066736       -1.39549992330103      C
       -2.80865521015201        0.00050828908658        2.60260755876029      H
        0.66389749652312       -0.00019491013280        5.75287629471337      H
        5.12650657277620       -0.00054875757173        4.32527653656634      H
        6.09859614059913       -0.00030775323909       -0.25867943815029      H
        2.61401034954955        0.00040609080760       -3.39754926103213      H
       -0.28315932086201        0.00053102816115       -0.56653959984184      C
       -2.70663280230143        0.00105767404740       -2.77112271503015      Cl
       -6.98551043770303        0.00028910353189       -6.83819614915361      O
       -9.15381403123327        0.00367392050987       -6.06869569374853      C
      -11.34421035440158       -0.00104378645005       -7.91016108413537      C
       -9.69846402998881        0.01260673152908       -3.26027633464600      C
      -11.18295191844706        1.65030363330827       -9.12623190607168      H
      -11.18499718982767       -1.66050042922540       -9.11538361573185      H
      -13.17748539393874        0.00309493109947       -6.99015868777895      H
      -11.70320705515931        0.01522221265247       -2.82569346662573      H
       -8.81092408613630       -1.63861197898231       -2.41280431446029      H
       -8.80878417727094        1.66781394525969       -2.42292515472524      H
$end
