$coord
       -4.15128787379190        1.71951973863957       -0.93066267097297      S
       -4.15128787379190       -1.71951973863957        0.93066267097297      S
       -1.71951973863957       -4.15128787379190       -0.93066267097297      S
        1.71951973863957       -4.15128787379190        0.93066267097297      S
        4.15128787379190       -1.71951973863957       -0.93066267097297      S
        4.15128787379190        1.71951973863957        0.93066267097297      S
        1.71951973863957        4.15128787379190       -0.93066267097297      S
       -1.71951973863957        4.15128787379190        0.93066267097297      S
$end
