$coord
    1.60097867200000      2.96449974817692     -2.52548364513077      c
    0.27349991210000      4.30023556927692     -1.65356204563077      h
    2.11453045690000      3.68474535887692     -4.40482835723077      h
    3.31387018700000      2.91149250447692     -1.35527630133077      h
    0.41175996210000      0.31664962317692     -2.73849806743077      c
   -1.26303265350000      0.40396321197692     -3.97666132883077      h
    1.75026935850000     -0.97250388732308     -3.68295416533077      h
   -0.31414992190000     -0.75113210022308     -0.29916362843077      c
   -0.89713003070000     -1.58629085082308      1.75685894706923      c
   -1.60291508350000     -2.60791880022308      4.21396892786923      c
   -0.79404302310000     -4.50243336782308      4.50533970316923      h
   -0.92527106900000     -1.39119434792308      5.75916698336923      h
   -3.66836676690000     -2.77011266162308      4.40109297786923      h
$redundant
     number_of_atoms            13
     degrees_of_freedom         33
     internal_coordinates       33
     frozen_coordinates          0
# definitions of redundant internals
   1 k  1.0000000000000 stre   10    9           val=   2.75304
   2 k  1.0000000000000 stre    9    8           val=   2.29447
   3 k  1.0000000000000 stre    8    5           val=   2.75997
   4 k  0.8660254037844 linc    9    5    8    6 val=  -0.51011
        0.8660254037844 linc   10    5    9    6
   5 k  0.8660254037844 linc    9    5    8    6 val=  -0.28844
       -0.8660254037844 linc   10    5    9    6
   6 k  0.8660254037844 linp    9    5    8    6 val=   0.83625
        0.8660254037844 linp   10    5    9    6
   7 k  0.8660254037844 linp    9    5    8    6 val=   0.51919
       -0.8660254037844 linp   10    5    9    6
   8 k  1.0000000000000 tors    4    1    5    8 val=  59.96927
        1.0000000000000 tors    2    1    5    8
        1.0000000000000 tors    3    1    5    8
   9 k  1.0000000000000 stre    1    4           val=   2.07514
  10 k  1.0000000000000 stre    1    2           val=   2.07524
  11 k  1.0000000000000 stre    1    3           val=   2.07712
  12 k  0.4106862228519 bend    2    4    1      val=   1.13145
        0.4202012978733 bend    3    4    1
        0.4200920168855 bend    3    2    1
       -0.4012053999549 bend    5    4    1
       -0.4011517802892 bend    5    2    1
       -0.3954767618863 bend    5    3    1
  13 k  0.6956026937398 bend    2    4    1      val=  -0.01609
       -0.3410926829808 bend    3    4    1
       -0.3426745763064 bend    3    2    1
        0.2140636099179 bend    5    4    1
        0.2129655405025 bend    5    2    1
       -0.4372519391604 bend    5    3    1
  14 k  0.0010801837197 bend    2    4    1      val=   0.00916
       -0.6536985049637 bend    3    4    1
        0.6527866340443 bend    3    2    1
       -0.2704837023345 bend    5    4    1
        0.2708968566446 bend    5    2    1
       -0.0004099464170 bend    5    3    1
  15 k -0.4334395086200 bend    2    4    1      val=   0.32456
        0.2170476449067 bend    3    4    1
        0.2176572439678 bend    3    2    1
        0.3467100099417 bend    5    4    1
        0.3461253304103 bend    5    2    1
       -0.6911116125567 bend    5    3    1
  16 k  0.0000668926462 bend    2    4    1      val=   0.01015
       -0.2706791487267 bend    3    4    1
        0.2707021277979 bend    3    2    1
        0.6529704312586 bend    5    4    1
       -0.6535155194381 bend    5    2    1
        0.0004834573953 bend    5    3    1
  17 k  1.0000000000000 stre    5    7           val=   2.08459
  18 k  1.0000000000000 stre    5    6           val=   2.08461
  19 k  0.3274603379995 bend    6    7    5      val=   0.15012
        0.3879939203169 bend    8    7    5
        0.3879221668941 bend    8    6    5
       -0.5438939401392 bend    1    7    5
       -0.5439910101706 bend    1    6    5
  20 k  0.8433082695293 bend    6    7    5      val=   1.57031
       -0.3796955455509 bend    8    7    5
       -0.3795900878022 bend    8    6    5
       -0.0173670053872 bend    1    7    5
       -0.0164987150573 bend    1    6    5
  21 k -0.0004879447218 bend    6    7    5      val=   0.00591
       -0.1392974107992 bend    8    7    5
        0.1398399066453 bend    8    6    5
       -0.6932202544405 bend    1    7    5
        0.6931713154751 bend    1    6    5
  22 k -0.0000382976177 bend    6    7    5      val=   0.01108
        0.6932151316377 bend    8    7    5
       -0.6931767105268 bend    8    6    5
       -0.1395332250696 bend    1    7    5
        0.1396041076998 bend    1    6    5
  23 k  1.0000000000000 tors   12   10    5    1 val= 112.70786
        1.0000000000000 tors   13   10    5    1
        1.0000000000000 tors   11   10    5    1
  24 k  1.0000000000000 stre   10   12           val=   2.08021
  25 k  1.0000000000000 stre   10   13           val=   2.08024
  26 k  1.0000000000000 stre   10   11           val=   2.08047
  27 k  0.4195231187210 bend   13   12   10      val=   1.58393
        0.4191425262578 bend   11   12   10
        0.4238934234525 bend   11   13   10
       -0.3954488575716 bend    9   12   10
       -0.3951536828961 bend    9   13   10
       -0.3951050860638 bend    9   11   10
  28 k  0.5245141989029 bend   13   12   10      val=   0.29695
        0.2668799587134 bend   11   12   10
       -0.7843331696540 bend   11   13   10
        0.1568105450088 bend    9   12   10
       -0.0532029254268 bend    9   13   10
       -0.1051728266568 bend    9   11   10
  29 k -0.6071453818780 bend   13   12   10      val=   0.05811
        0.7573425917156 bend   11   12   10
       -0.1484677897783 bend   11   13   10
        0.0282888340653 bend    9   12   10
       -0.1458463125829 bend    9   13   10
        0.1170153597153 bend    9   11   10
  30 k -0.0980583677206 bend   13   12   10      val=   0.07309
       -0.0604158904936 bend   11   12   10
        0.1587313807801 bend   11   13   10
        0.7940860886707 bend    9   12   10
       -0.3046282693067 bend    9   13   10
       -0.4880243096100 bend    9   11   10
  31 k  0.1226999096846 bend   13   12   10      val=   0.00866
       -0.1425925026171 bend   11   12   10
        0.0199014815914 bend   11   13   10
        0.1063656602848 bend    9   12   10
       -0.7412167288184 bend    9   13   10
        0.6352166155125 bend    9   11   10
  32 k  1.0000000000000 stre    5    1           val=   2.91045
  33 k  1.0000000000000 bend    1    8    5      val= 113.25071
        33 non zero eigenvalues  of BmBt
           1           5.408948178    1    0
         1
           2           4.075190008    2    0
         2
           3           3.835473609    3    0
         3
           4           3.544265803    4    0
         4
           5           3.233890496    5    0
         5
           6           3.222444602    6    0
         6
           7           2.990265078    7    0
         7
           8           2.972159070    8    0
         8
           9           2.361381345    9    0
         9
          10           1.998713725   10    0
        10
          11           1.351622549   11    0
        11
          12           1.089378477   12    0
        12
          13           0.943140598   13    0
        13
          14           0.876763109   14    0
        14
          15           0.800325761   15    0
        15
          16           0.786993021   16    0
        16
          17           0.712572160   17    0
        17
          18           0.691779733   18    0
        18
          19           0.688969964   19    0
        19
          20           0.678644608   20    0
        20
          21           0.678239230   21    0
        21
          22           0.582148363   22    0
        22
          23           0.574031155   23    0
        23
          24           0.378383727   24    0
        24
          25           0.332996915   25    0
        25
          26           0.262350242   26    0
        26
          27           0.249596231   27    0
        27
          28           0.211063404   28    0
        28
          29           0.151317199   29    0
        29
          30           0.150438006   30    0
        30
          31           0.108595914   31    0
        31
          32           0.064188590   32    0
        32
          33           0.022058266   33    0
        33
$user-defined bonds
$end
