$coord
        3.64638908985028       -0.70750401552172        0.58906354041697      C
        4.17008700333073       -2.34552429668540       -0.54565653114460      H
        4.32541871200168        1.43313617383621       -0.90107811194386      O
        0.83891179135031       -0.78393398896628        1.21926452902075      C
        0.48266628995712       -2.41391348543454        2.44170001849248      H
        0.33608023382919        0.89617994180742        2.30841196516165      H
       -0.83169303752270       -0.93430705626453       -1.12814571434528      C
       -0.47459337991743       -2.70899611081075       -2.12474381312809      H
       -0.34888879755788        0.59728951827343       -2.41848473294999      H
        3.86133409910922        2.91374037840438        0.04438588740922      H
        4.76411674402494       -0.76767856477120        2.32815015461963      H
       -3.62847637583665       -0.77915298185007       -0.51214790735626      C
       -4.74222426677548       -1.03030514381511       -2.23533436587682      H
       -4.14698510135622       -2.28370568570031        0.81240649261047      H
       -4.09892180689239        1.64601004325352        0.57562947733830      O
       -5.86435687256589        1.73914519571279        0.98455487413794      H
$end
