$coord
        1.92638927883018        0.50330927607466       -0.22845050970373      C
        0.02747197946201       -1.11317363683510        0.64401552485056      C
        0.41257214527032       -3.69921678233246        0.72922435154789      C
        2.69272608392841       -4.71525475515502       -0.04887676658496      C
        4.59638493204105       -3.14422917298362       -0.92728798396047      C
        4.21079850702785       -0.56185124778714       -1.00658744497999      C
        1.54994101172562        3.28043615820171       -0.29472998476790      C
       -2.21451459456421       -0.21406253406970        1.54836651846882      O
       -0.36464468643593        4.37923453206291        0.24537037492333      O
        3.62899432199989        4.50989231950886       -1.03173585302325      O
       -3.96712119553414        0.59347696818583       -0.15423204040761      C
        3.24223089009636        6.29338649692773       -1.05360958640131      H
       -3.75734373353250        0.25608984761588       -2.37011875119674      O
       -6.10159305368509        1.87996102873786        1.17882038309809      C
       -1.08947615647742       -4.90281478747535        1.41722850317238      H
        2.97558126543626       -6.73875179717258        0.02222802520334      H
        6.38051319040722       -3.92653109403223       -1.54317918998546      H
        5.70687180499621        0.64736963420709       -1.68886140522759      H
       -6.75553719429326        0.78082721649963        2.79159799112774      H
       -7.65876828008281        2.19484522927590       -0.12005933556424      H
       -5.44147651661597        3.69705710054511        1.89087717941108      H
$end
