$coord
    3.52059040667656      3.72258952656482      0.22502740239299      o
    1.71152011548248      4.11716223115080      0.04511917624150      h
    4.06726607508198      4.57392870193529      1.73111013342305      h
    1.46356189452874     -4.91021549178410      0.22502740239299      o
    1.92750541343375     -5.80932009593927      1.73111013342305      h
    2.70980702593717     -3.54080101467131      0.04511917624150      h
    4.98415230120530     -1.18762596521928     -0.22502740239299      o
    4.42132714141965      0.57636121647949     -0.04511917624150      h
    5.99477148851573     -1.23539139400398     -1.73111013342305      h
   -3.52059040667656     -3.72258952656482     -0.22502740239299      o
   -4.06726607508198     -4.57392870193529     -1.73111013342305      h
   -1.71152011548248     -4.11716223115080     -0.04511917624150      h
   -1.46356189452874      4.91021549178410     -0.22502740239299      o
   -1.92750541343375      5.80932009593927     -1.73111013342305      h
   -2.70980702593717      3.54080101467131     -0.04511917624150      h
   -4.98415230120530      1.18762596521928      0.22502740239299      o
   -5.99477148851573      1.23539139400398      1.73111013342305      h
   -4.42132714141965     -0.57636121647950      0.04511917624150      h
$redundant
     number_of_atoms            18
     degrees_of_freedom          8
     internal_coordinates        8
     frozen_coordinates          0
# definitions of redundant internals
   1 k  1.0000000000000 stre    7    8           val=   1.86032
   2 k  1.0000000000000 stre    8    1           val=   3.28376
   3 k  1.0000000000000 stre    1    3           val=   1.81436
   4 k -1.0000000000000 tors   15   16   10   12 val= -17.20033
        1.0000000000000 tors   18   10    4    6
       -1.0000000000000 tors   12    4    7    8
        1.0000000000000 tors    6    7    1    2
       -1.0000000000000 tors    8    1   13   15
        1.0000000000000 tors    2   13   16   18
   5 k -0.6919481418878 bend    2    3    1      val=   7.30715
        0.7219472064756 bend    8    3    1
   6 k  0.7219472064756 bend    2    3    1      val= 156.57230
        0.6919481418878 bend    8    3    1
   7 k  1.0000000000000 linp    1    7    8    9 val=   0.00000
   8 k  1.0000000000000 linc    1    7    8    9 val=   0.00000
         8 non zero eigenvalues  of BmBt
           1           4.185386384    1    0
         1
           2           3.474899956    2    0
         2
           3           1.869349556    3    0
         3
           4           1.314719211    4    0
         4
           5           0.727275991    5    0
         5
           6           0.384498544    6    0
         6
           7           0.233396424    7    0
         7
           8           0.057724449    8    0
         8
$user-defined bonds
$end
