$coord
    1.20912664209757      1.01619092045589     -2.45593512281307       c
   -1.06568193148305     -0.14866985349302     -2.51840145242875       c
   -2.17255443188984     -0.92477021106787     -0.27616074322327       c
   -1.00439482649262     -0.52468103549490      1.96220826922067       c
    1.31631650571393      0.68523863372685      1.99735674497330       c
    2.42568239722890      1.44735997787019     -0.17700688832395       c
    4.71392007760366      2.63258797840748     -0.34939602522588       c
    5.72705882595035      2.96313600589461      2.13022658750279       c
    4.59630795569661      2.19270779880161      4.38243186261043       n
    2.34132613923712      1.01487363537769      4.32520992173910       c
   -1.92769753111855     -1.22147481258959      4.27172398679541       c
   -4.31529886397362     -2.43396509021978      3.94411985448774       c
   -5.53863278394227     -2.85205315667726      1.64708343156280       n
   -4.44784196019815     -2.08343251652217     -0.52088484483504       c
   -2.41856931778410     -0.66606096020529     -4.65677531982504       c
   -1.04490165619994      0.20311476574902     -6.80928738197398       c
    1.30367184834796      1.39826532134822     -6.76749248040505       n
    2.46771814959821      1.81972458201403     -4.54142855987712       c
   -4.92991235674130     -2.03544598044377     -3.54559449472886       c
    0.25697060035040     -0.24821249203787      6.18720087768629       c
    5.04208321866414      3.01766550671500     -3.37470371538947       c
    7.52997332264619      3.87959079023808      2.43846147458422       h
   -5.38412750450351     -3.14698774300759      5.53586435814371       h
   -1.77488155322024     -0.02264321825070     -8.70718004419350       h
   -5.17182490325072     -3.93344412263957     -4.30375393178418       h
   -6.62505489959405     -0.96010457557973     -4.00401682656569       h
   -0.48033708429345      1.12502600175202      7.53176055363830       h
    1.07412832066912     -1.80122208852211      7.26479597758041       h
    5.25181368818849      5.00162501589373     -3.88302629186056       h
    6.70034425369361      2.01756681568426     -4.07465498173115       h
$end
