$coord
        0.00000000000000        2.63551255303113        0.00000000000000      C
        0.00000000000000        4.67866440055964        0.00000000000000      H
        2.28242082291775        1.31775627651555        0.00000000000000      C
        4.05184222666654        2.33933220027981        0.00000000000000      H
        2.28242082291775       -1.31775627651555        0.00000000000000      C
        4.05184222666654       -2.33933220027981        0.00000000000000      H
        0.00000000000000       -2.63551255303113        0.00000000000000      C
        0.00000000000000       -4.67866440055964        0.00000000000000      H
       -2.28242082291775       -1.31775627651555        0.00000000000000      C
       -4.05184222666654       -2.33933220027981        0.00000000000000      H
       -2.28242082291775        1.31775627651555        0.00000000000000      C
       -4.05184222666654        2.33933220027981        0.00000000000000      H
$end
