$coord
        0.00000000000000        0.00000000000000       -3.04827469956574      N
        2.15564215827388        0.00000000000000       -1.72073211908945      C
        3.88273279022104        0.00000000000000       -2.82017471425754      H
        2.25640144812648        0.00000000000000        0.90796002305290      C
        4.06290042783907        0.00000000000000        1.86198061510560      H
        0.00000000000000        0.00000000000000        2.25959072136109      C
        0.00000000000000        0.00000000000000        4.30276667016845      H
       -2.25640144812648        0.00000000000000        0.90796002305290      C
       -4.06290042783907        0.00000000000000        1.86198061510560      H
       -2.15564215827388        0.00000000000000       -1.72073211908945      C
       -3.88273279022104        0.00000000000000       -2.82017471425754      H
$end
