$coord
    0.89812994422336     -3.49785066920537     -4.04176475935607       n
    0.22096411844816     -4.86653879303702     -5.16965309356488       h
    1.50858972981055     -4.22297129418255     -1.44296740345170       c
    1.26381263207546     -6.26173130725955     -1.36929929792062       h
    4.22584479532188     -3.58094126128602     -0.72765628187693       c
   -0.36535595783691     -3.23105046121391      0.53224473210756       c
    4.59700287054853     -4.26587358691560      1.17638157393339       h
    5.53245639246579     -4.49962127256050     -2.02509339376622       h
    4.54878065243139     -1.55600067058432     -0.78659473595735       h
   -1.40338188617737     -4.70093312894944      1.99692732352687       o
    1.19184541389054     -1.17965860262351     -5.08564964981169       c
    0.66646223547991     -1.02784609220985     -7.88469520699739       c
    2.46126071643208     -0.84993899853549     -8.87377461956087       h
   -0.42509529147581      0.67053350705954     -8.25313731918547       h
   -0.33603421332938     -2.66534515804911     -8.61567815458241       h
    1.87087395689416      0.69377329947433     -3.88238849685894       o
   -0.66896549096126     -0.70041907517856      0.57158466492815       n
    0.24390855421877      0.32329261951026     -0.76688726802653       h
   -2.34873581523733      0.49815011834652      2.36364902826355       c
   -2.51669513442034     -0.71675917183750      4.00880640863199       h
   -1.57466603805426      2.31572781563081      2.92500014923521       h
   -4.23036142386086      0.78917833057040      1.57683879578790       h
$end
