$coord
       -1.13677949510120       -3.07250666432183        0.00000000000000      O
        0.13531950892368       -2.00489492513651        2.05999726047272      O
        0.13531950892368       -2.00489492513651       -2.05999726047272      O
        0.13531950892368        0.60103457752358        1.45630175958142      C
        0.13531950892368        0.60103457752358       -1.45630175958142      C
       -1.54049094852762        1.54094429382690        2.20655875016092      H
       -1.54049094852762        1.54094429382690       -2.20655875016092      H
        1.83824186720347        1.39916948043328        2.28540757305559      H
        1.83824186720347        1.39916948043328       -2.28540757305559      H
$end
