$coord
   -1.17959757366667      0.54034797266667      0.00000000000000      c
   -1.28675497166667      2.57672278766667      0.00000000000000      h
   -2.81510981566667     -0.67741746933333      0.00000000000000      h
    1.05019257933333     -0.50880144733333      0.00000000000000      n
    1.04632241133333     -2.45998367133333      0.00000000000000      h
    3.18494737033333      0.52913182766667      0.00000000000000      o
$user-defined bonds
$redundant
     number_of_atoms             6
     degrees_of_freedom          9
     internal_coordinates        9
     frozen_coordinates          0
# definitions of redundant internals
   1 k  1.0000000000000 stre    1    2           val=   2.03919
   2 k  1.0000000000000 stre    1    3           val=   2.03908
   3 k  1.0000000000000 stre    4    6           val=   2.37371
   4 k  1.0000000000000 stre    4    5           val=   1.95119
   5 k  1.0000000000000 stre    1    4           val=   2.46428
   6 k  0.8164963313880 bend    2    3    1      val=   2.74371
       -0.4076953343399 bend    4    3    1
       -0.4088009970480 bend    4    2    1
   7 k  0.7474049572667 bend    5    6    4      val=  -0.34176
       -0.0890283273835 bend    1    6    4
       -0.6583766298833 bend    1    5    4
   8 k -0.0006383546621 bend    2    3    1      val=  -0.04152
        0.7074257424098 bend    4    3    1
       -0.7067873877477 bend    4    2    1
   9 k -0.3287133957109 bend    5    6    4      val=   6.70027
        0.8116283777629 bend    1    6    4
       -0.4829149820519 bend    1    5    4
         9 non zero eigenvalues  of BmBt
           1           4.307018473    1    0
         1
           2           3.911824268    2    0
         2
           3           2.573670287    3    0
         3
           4           2.337665074    4    0
         4
           5           0.924658767    5    0
         5
           6           0.873853523    6    0
         6
           7           0.648305892    7    0
         7
           8           0.386201908    8    0
         8
           9           0.261616544    9    0
         9
$end
