$coord
        2.93126380883463       -0.76696424829296       -0.58558455460634      C
        2.85523634705637       -0.78225402243414       -2.64382512566592      H
        5.54155574427250       -0.54406916119297        0.03687800548326      O
        1.36978121550509        1.43132770592705        0.42946294041186      C
        1.42228725610733        1.40674425866433        2.49812913054657      H
        2.28332963019986        3.17974389804776       -0.16912859916714      H
       -1.37920150027752        1.40794234503258       -0.47351056684329      C
       -1.45168950500888        1.36099209926105       -2.53575546757847      H
       -2.29136663544302        3.16742855283975        0.11385599950636      H
        5.67674486209300       -0.62010796132803        1.84620196059302      H
        2.18186078549457       -2.57520728005472        0.07817797011747      H
       -2.91661654157864       -0.79730947053483        0.56251288824993      C
       -2.18592180695414       -2.59155341110417       -0.12776627357052      H
       -2.78940395776505       -0.82603330775471        2.62996587420735      H
       -5.48359028487237       -0.73111236409985       -0.24138416758414      O
       -6.19615876643021        0.83174217040215        0.34890202564081      H
$end
