$coord
       -3.24894117526529       -2.48134382525410        6.11348075367798      H
       -4.00077778225010        2.13835057071915        6.14313510338403      H
        0.77380143428902       -2.12779362323670        6.57015159300588      C
       -1.67621279337305       -1.19059781444243        6.31563450343042      C
       -2.09984564898550        1.41048551578551        6.33585615664279      C
       -0.07448887699649        3.07353123225712        6.61331496177769      C
        2.37419739286886        2.13558089361251        6.86885312518482      C
        2.79888957225961       -0.46446715204327        6.84738338534045      C
       -0.40374023395541        5.09048173139878        6.62796980116631      H
        3.94495959408833        3.42530591940966        7.07970864426000      H
        1.10290261093272       -4.14563556099731        6.55865224854959      H
        4.69857800683630       -1.19201102534392        7.04318970752897      H
$end
