$coord
        2.22764868200000        3.49034469099999        0.00000000000000      H
       -0.06153325800001        2.14120883599999        0.00000000000000      P
        0.06540530599999       -1.11062786900000        0.00000000000000      C
       -1.28231892400000        3.22546935799999        2.08110421099999      H
       -1.28231892400000        3.22546935799999       -2.08110421099999      H
        0.06540530599999       -2.37918769900001        2.54894556400000      B
        0.06540530599999       -2.37918769900001       -2.54894556400000      B
       -0.08644362600000       -1.17610309500000        4.47074398400000      H
       -0.08644362600000       -1.17610309500000       -4.47074398400000      H
        0.19318290900001       -4.62577710400000        2.67385456199999      H
        0.19318290900001       -4.62577710400000       -2.67385456199999      H
$end
