$coord
        3.23888287737642       -0.03309288403909        1.06795415756059      C
        2.35425861087158       -0.93041988960918        2.69485717988451      H
        3.65681848837767       -2.02614168296639       -0.69586141281700      O
        1.55977995008381        2.06613395711665        0.02426030409399      C
        1.22215581000406        3.42993607913729        1.54128142096898      H
        2.59443524345682        3.08156884599209       -1.44928766309400      H
       -0.95698943903756        1.14469026663869       -1.05957889133963      C
       -0.62448267732565       -0.06937373606436       -2.68936941519459      H
       -2.05471056264335        2.76302716040223       -1.71420081075868      H
        4.48629109769424       -1.30806276000504       -2.14394154091207      H
        5.03468962145764        0.76555262287169        1.71082764961150      H
       -2.55104713144577       -0.29759596113296        0.83943146603687      C
       -1.64934352015192       -2.09603131426504        1.30638279347290      H
       -2.73997250158100        0.80456034970673        2.58397560931130      H
       -4.96412535792956       -0.71346043229258       -0.28956273534207      O
       -5.90862748668099       -1.80474514868978        0.81046763359813      H
$end
