$coord
   -2.11849723892225      1.26723580798323      0.26828674013957       n
   -2.89174948387648     -1.30314092698646     -0.30021766483433       c
   -5.43564051118517     -2.00970211778138      0.85542377224423       c
   -6.09797925779686     -4.22445346160962      1.00189787195776       o
   -0.85686977733761     -3.24191084457665      0.44685930785952       c
   -1.40097086433040      1.55207079024000      2.01379092989909       h
   -3.12122750739564     -1.35384554539634     -2.35005086159973       h
   -0.75206567777266     -3.35641277768572      2.50644286354345       h
   -1.46305199251542     -5.09242073514157     -0.21441455023597       h
   -1.01124672139522      2.72359805492801     -1.60172105812975       c
   -1.23904352170178      2.24426877559041     -3.84588283453043       o
   -6.85049877549191     -0.03114816399514      1.65226737639064       n
   -6.15777082035441      1.70331820159526      1.29632643395321       h
   -9.39430097288992     -0.36249000837854      2.59120661448571       c
   -9.64641738922020     -2.35912598309061      2.98962788669082       h
   -9.67369151831458      0.71929777058196      4.31630240889085       h
  -10.79701762728874      0.21704359600056      1.19996748386852       h
    0.46570900961940      4.96265349713617     -0.64018522483527       c
    2.44543852446221      4.41106570320168     -0.47363419623909       h
   -0.18319634433493      5.59903082026107      1.20411815992153       h
    0.31983459702752      6.49039655355519     -2.00200251823876       h
    1.63149624013075     -2.47624656508786     -0.62558164054968       c
    2.47617271471412     -2.87817002417493     -3.05704058760091       c
    3.42062524399931     -0.81867768124288      0.52796619842960       c
    1.63618567361021     -3.97199575679961     -4.55560623873002       h
    5.30257202412713     -0.25589459108081     -1.30811738100338       c
    3.61911954856778      0.27431706932796      2.94158634056748       c
    5.63037066752720     -1.50118202479424     -5.09482034668238       h
    5.60918899678733      1.90310033483542      3.43739854099740       c
    2.25765133627232     -0.16884002908280      4.40624741804060       h
    4.67938428428902     -1.56349581251951     -3.45264658687790       n
    7.31234462118128      1.38219029174404     -0.81143291696534       c
    7.42956461287616      2.46362624578920      1.57454770883890       c
    8.72412241866887      1.80399922945984     -2.23015043565866       h
    8.95734170834459      3.74588074778232      2.01953240833212       h
    5.78348132626363      2.75581544561569      5.28696312137437       h
$end
