$coord
       -1.38709003435788       -0.28642284342106       -0.00061610463157      C
        1.39443058034211       -0.25368089402105        0.00818398956842      C
       -0.02399994335788        2.08988127477895       -0.02381514513159      O
       -2.31310404915789       -0.70390747572106       -1.81325478133158      H
        2.32961794484210       -0.60671550722105        1.82982241106842      H
        2.97445217924211       -0.82510937462106       -2.29649914243158      C
        3.43928371954211       -2.85831415032105       -2.28584932953159      H
        1.82566630714212       -0.47685917722106       -3.99620723693158      H
        5.40620523994211        0.74661009837895       -2.39706529823157      C
        6.51968020574212        0.30011727777894       -4.09225920263158      H
        4.96740658354210        2.77578400867895       -2.43230578263158      H
        6.60639064954211        0.38284506687896       -0.73885131623158      H
       -2.95407191425790       -0.84061216582105        2.31708892806843      C
       -3.36857856325789       -2.88425313662105        2.35594475146843      H
       -1.81526767665789       -0.42288895392105        4.00795248806842      H
       -5.42409568135789        0.67249593847895        2.37890871126841      C
       -6.52692444365789        0.24102242477895        4.08491473736842      H
       -5.03554628455788        2.71205948727895        2.36340125016841      H
       -6.61445481925789        0.23794810187895        0.73050607266842      H
$end
