$coord
        1.88081600192594       -0.45523912889591       -0.49426311236501      N
       -0.02027605138398        0.34231758439842        1.29749904923793      C
       -2.61787962829336       -0.81177268219733        0.77256620809539      C
       -4.54789974734622        0.20051165620105        1.56562221988579      O
       -0.23377292016503        3.20976111585810        1.43017107017687      C
       -1.03684917983945        4.60987430942333       -1.60942994974510      S
        1.79448408389374        0.38008716747177       -2.20856135888611      H
        0.59988121125262       -0.36946079435627        3.13399853738401      H
       -1.64461207859541        3.75067926131034        2.81718613893678      H
        1.58427608017842        4.01204454537032        1.96187993957651      H
        4.18324644695437       -1.35294105803255        0.31125359597187      C
        4.58982729779963       -1.95136561750861        2.50208546628906      O
       -2.57525814266415       -2.99311724513997       -0.54838283462960      N
       -4.84209564339708       -4.42407589607929       -1.07676906530652      C
       -5.05153406635958       -4.74396602708423       -3.09693134908079      H
       -4.81813155515603       -6.23817224203852       -0.10701983244369      H
       -6.43264344240732       -3.32214504785989       -0.39571697067795      H
       -0.87174606205064       -3.62548008625957       -1.10514938367686      H
        6.15817466526304       -1.57575977210917       -1.73377025577078      C
        7.55784909677774       -0.09480061469364       -1.45222622839325      H
        5.37688153949153       -1.40603665157184       -3.62629340833897      H
        7.11169458463753       -3.38246725943627       -1.53534031278323      H
       -3.42540382366602        3.77818506010285       -1.60501295962981      H
$end
