$coord
   -2.75237178376284      2.43247309226225     -0.01392519847964      o
   -0.93157260886974      2.79621404458590     -0.01863384029005      h
   -3.43820531288547      3.30583608421060      1.42134539425148      h
   -2.43247309226225     -2.75237178376284      0.01392519847964      o
   -2.79621404458590     -0.93157260886974      0.01863384029005      h
   -3.30583608421060     -3.43820531288547     -1.42134539425148      h
    2.75237178376284     -2.43247309226225     -0.01392519847964      o
    0.93157260886974     -2.79621404458590     -0.01863384029005      h
    3.43820531288547     -3.30583608421060      1.42134539425148      h
    2.43247309226225      2.75237178376284      0.01392519847964      o
    2.79621404458590      0.93157260886974      0.01863384029005      h
    3.30583608421060      3.43820531288547     -1.42134539425148      h
$redundant
     number_of_atoms            12
     degrees_of_freedom          8
     internal_coordinates        8
     frozen_coordinates          0
# definitions of redundant internals
   1 k  1.0000000000000 stre    4    5           val=   1.85678
   2 k  1.0000000000000 stre    5    1           val=   3.36449
   3 k  1.0000000000000 stre    1    3           val=   1.81470
   4 k -0.6612695923249 bend    2    3    1      val=  12.94842
        0.7501483361752 bend    5    3    1
   5 k  0.7501483361752 bend    2    3    1      val= 157.63002
        0.6612695923249 bend    5    3    1
   6 k -1.0000000000000 tors   11    7    4    5 val=  -0.33600
        1.0000000000000 tors    8    4    1    2
       -1.0000000000000 tors    5    1   10   11
        1.0000000000000 tors    2   10    7    8
   7 k  1.0000000000000 linc    4    1    5    2 val=  12.05033
   8 k  1.0000000000000 linp    4    1    5    2 val=   0.00000
         8 non zero eigenvalues  of BmBt
           1           3.690443416    1    0
         1
           2           2.873099210    2    0
         2
           3           1.506909014    3    0
         3
           4           1.191786247    4    0
         4
           5           0.767080641    5    0
         5
           6           0.409843600    6    0
         6
           7           0.212464826    7    0
         7
           8           0.084478380    8    0
         8
$user-defined bonds
$end
