$coord
        2.82746889924242       -5.77720524524242       -0.07559373566667      N
        0.36356100424242       -5.16240368124242        0.50227313433333      C
        0.13422385824241       -2.58256865724241        0.76455954233334      C
        2.60323023324243       -1.55158517924242        0.31769225833333      C
        3.55952040224242        0.94072907675757        0.33134741833334      C
        6.10802376924242        1.29433082475758       -0.16871565266667      C
        7.71847471524242       -0.78154451424242       -0.68358472666667      C
        6.81538978224242       -3.23133237624242       -0.70106280266668      C
        4.24122582424242       -3.59854393024241       -0.19556487966667      C
        3.48626517324242       -7.53662707024242       -0.33045729966667      H
       -1.05725026775757       -6.61028150024242        0.68853964533333      H
        2.31803845624242        2.50925267075757        0.73682403433333      H
        9.68723471524242       -0.38775585424241       -1.06104993466667      H
        8.06922297624242       -4.79924936924242       -1.09261969666667      H
        7.29684850024242        3.59603597775759       -0.21661075766668      O
        5.76644256924242        5.73008842075757        0.29767817033332      C
        4.94236707924243        5.62600798275759        2.18787848233334      H
        4.25416666824242        5.92302566575758       -1.09512736366667      H
        7.00786026424241        7.36004133875757        0.18425870633333      H
       -2.23969717375758       -1.13878020524242        1.28632044733333      C
       -3.32484964675757        0.02823519775757       -1.13841531666666      C
       -5.62220087175758        1.46965960175757       -0.69681091866668      N
       -7.89661838275758        0.29990409575758       -0.39312817266667      C
      -10.10626553475757        2.02427906175758        0.19659294733334      C
       -1.87480431275758        0.36663032075759        2.65474095733332      H
       -3.67041816975758       -2.37896957824242        2.09885916033334      H
       -3.76868770075758       -1.47843577524241       -2.46710433666668      H
       -1.93893594375759        1.27205284475758       -2.01914101166666      H
       -5.50555942475758        3.33391397575757       -0.37129805866667      H
       -8.14777997375757       -1.99014900724242       -0.59074815766668      O
      -11.61462592275757        1.63348561675758       -1.14382938166667      H
       -9.62536050575758        4.02275311375758        0.11504749133333      H
      -10.80651105875758        1.57500615675758        2.07824980833333      H
$end
