$coord
        0.14191623631686        2.48844556041533       -2.47404625177262      C
       -2.28287591568540        1.10199574307791       -2.32236093065168      C
       -1.97118742904460       -0.76081418008776       -0.17924415196020      C
        0.75950790216421       -0.52709828154955        0.79134109168248      C
        1.82271222426499        1.72232267263349       -0.70202488549101      C
        5.24330546510015        4.91642353688244       -1.51490388044943      C
        4.31534106808720        2.80955074436541       -0.16203338849328      C
        5.87203557684175        1.77835370693585        1.73980396845208      C
        8.25020002424922        2.79963255196055        2.26099036029165      C
        9.13927230984718        4.87783292655790        0.89612633263993      C
        7.61694125829821        5.92984890717204       -0.99920048881353      C
        3.05647110139060       -3.66218178422135       -2.03277903042347      C
        2.20745190504640       -2.97689669477036        0.38153573840873      C
        2.62986912960090       -4.63489256739986        2.40337154354277      C
        3.88442479863520       -6.93105207489218        2.03033432511727      C
        4.72807236277056       -7.59764959779349       -0.38438643248696      C
        4.30795869991760       -5.95548645840696       -2.41532361609896      C
      -10.63660555744120        2.32647008554585        1.88888114330646      C
      -11.80556732687281        0.42153207945094        0.47735059434914      C
      -10.32762731956765       -1.16139789846909       -1.04179457920972      C
       -7.70998674910016       -0.84475143686781       -1.14611133763699      C
       -6.51074561790734        1.06440868162316        0.26508269881725      C
       -8.01727111226162        2.64456223709085        1.77855912725897      C
       -3.73489551994032        1.45870647242781        0.18597867854015      C
        0.44833036149262        4.02378105122772       -3.80406846151978      H
       -3.41098011648348        0.70732992695491       -3.99682461870671      H
       -2.81622607622204       -2.63164162477131       -0.26128865957156      H
        0.76608340213424       -0.10324250024575        2.82592385201748      H
        4.08511785874880        5.76967563615100       -2.98263104528400      H
        5.22728772259408        0.14494693549500        2.80139649125074      H
        9.41220559334356        1.96062555139175        3.73662651510329      H
       10.99183582154280        5.67382236212743        1.30031752366322      H
        8.28430602628767        7.55306269887997       -2.07261455835280      H
        2.74807149256760       -2.36901232976994       -3.60143992747854      H
        1.97320114949445       -4.11211298312755        4.28425512835589      H
        4.20609159513552       -8.19429472971884        3.62189626135667      H
        5.71036926909705       -9.38003998899319       -0.68125980159031      H
        4.96565306112273       -6.45977708729218       -4.29835573681807      H
      -11.76548029924706        3.56957304774378        3.07739367063487      H
      -13.84504034047888        0.17170002963774        0.55880908368259      H
      -11.21752321932748       -2.65004566679359       -2.14838764870144      H
       -6.58402749450311       -2.09064513718413       -2.33357120713646      H
       -7.11532634299786        4.13324749698574        2.87759277563516      H
       -3.04266697901106        2.99518237962024        1.37108373454073      H
$end
