$coord
       -0.14553914785032        1.04310236918701        0.05179361385014      C
       -0.45031228883598        3.07147392899021        0.22349602001025      H
        2.15354323939328       -0.36511020668258       -0.05951881428137      C
        2.56066205800989       -1.31920647501066        1.71593557934868      H
       -0.13966398930318       -2.14465018821192       -0.46451547045076      H
        3.83415794759219        0.42183978519181       -0.93384785281422      H
       -2.01273596577970       -0.56692539877022       -0.14892553708046      N
       -3.76371651626274       -0.12893412432064        0.54775601687824      H
$end
