$coord
    0.56630296960079      0.06488006140389      4.78773252316778      c
    1.95410068988808     -1.45551236419811      4.85305551814373      h
    1.59120334564406      1.85063807383803      4.84535163553312      h
   -0.58396680165132     -0.05910302647098      6.48979893094252      h
   -1.03544763599133     -0.11303255338325      2.40326392714491      c
   -2.44092795217130      1.39915378434469      2.39300942657462      h
   -2.09318942503931     -1.88644866620619      2.40115211900245      h
    0.53858409405595      0.04844101072896      0.00000000000000      c
    1.60201979805445      1.82161553792883      0.00000000000000      h
    1.94304737194527     -1.46882798805064      0.00000000000000      h
   -1.03544763599133     -0.11303255338325     -2.40326392714491      c
   -2.44092795217130      1.39915378434469     -2.39300942657462      h
   -2.09318942503931     -1.88644866620619     -2.40115211900245      h
    0.56630296960079      0.06488006140389     -4.78773252316778      c
    1.95410068988808     -1.45551236419811     -4.85305551814373      h
   -0.58396680165132     -0.05910302647098     -6.48979893094252      h
    1.59120334564406      1.85063807383803     -4.84535163553312      h
$user-defined bonds
$end
