$coord
        0.98331677270582       -2.25518462474101        0.00000000000000      N
        1.72641225807924       -4.01517587792028        0.00000000000000      H
        2.72485306744342       -0.24515831115372        0.00000000000000      C
        4.98726049491561       -0.66892138351866        0.00000000000000      O
        1.51712753375571        2.21502345957308        0.00000000000000      C
        2.68794980084280        3.87804384663593        0.00000000000000      H
       -1.02864040512025        2.37370176628390        0.00000000000000      C
       -2.01672037099446        4.15918055469906        0.00000000000000      H
       -2.54756174574566        0.28150567095658        0.00000000000000      N
       -4.48284726352317        0.41961626205530        0.00000000000000      H
       -1.60276722910741       -2.12213538767897        0.00000000000000      C
       -2.94838291325167       -4.02049597519117        0.00000000000000      O
$end
