$coord
    3.23888665682868     -0.03308721486069      1.06794659865606       c
    2.35427372868065     -0.93038965399105      2.69487040796743       h
    3.65679392193795     -2.02616058022772     -0.69585007446021       o
    1.55978561926221      2.06613773656892      0.02424707601106       c
    1.22217848671766      3.42995119694635      1.54126063398153       h
    2.59443713318296      3.08155750763529     -1.44931411925985       h
   -0.95699132876368      1.14470160499548     -1.05957700161351       c
   -0.62449779513472     -0.06937184633823     -2.68936374601620       h
   -2.05470678319109      2.76304227821128     -1.71419703130643       h
    4.48630054632490     -1.30811567233676     -2.14392642310302       h
    5.03470473926671      0.76555451259783      1.71079363454110       h
   -2.55104713144577     -0.29757706387164      0.83944091466753       c
   -1.64932273316446     -2.09599351974238      1.30642814690010       h
   -2.74000651665141      0.80460570313392      2.58396616068064       h
   -4.96410835039437     -0.71349255763684     -0.28957596342500       o
   -5.90865961202526     -1.80465633156153      0.81053188428665       h
$end
