$coord
       -2.20862683576754       -1.00520868255573        0.46656506317631      N
       -0.04471617938891        0.43315987955972       -0.33036129988136      C
        2.25473717636099       -1.29981769167987       -0.11610551781981      C
        2.03254846943546       -3.56059141766289        0.37440264781073      O
        0.23273094613159        2.83771853529681        1.25624577014973      C
        2.02414420969153        4.54627254451931        0.17941140451949      O
       -1.82338062091500       -2.81252253424800        0.95170537243320      H
       -0.28440980103921        1.01251970438839       -2.30192885848699      H
       -1.61923772861451        3.71552009189706        1.42295391895172      H
        0.92560276698344        2.36552956249867        3.13476580394331      H
        1.18659089115804        5.40035071211661       -1.19083344086742      H
        4.49193687923531       -0.15535839165145       -0.51135885231084      N
        4.48637027265354        1.74896323574225       -0.63979812590931      H
        6.83519027920092       -1.54526345283740       -0.25674470505643      C
        8.34774787254571       -0.46495676411220       -1.12489422193577      H
        7.30204946389114       -1.90102132368824        1.71690058463946      H
        6.65700177641530       -3.35588945206581       -1.20685380104262      H
       -4.56576503159677       -0.29940690353122       -0.28000362840501      C
       -4.96089515007018        1.71693360741445       -1.35511489840350      O
       -6.64847472206075       -2.15019574653299        0.31852364359506      C
       -8.18957354739153       -1.13720943740252        1.22110045831083      H
       -6.02798134363004       -3.68583378965616        1.53288237163001      H
       -7.35990831647468       -2.92778436369518       -1.44714685694022      H
$end
