$coord
       -2.58581789700000       -0.34199694100000       -0.02488580200000      H
        1.59294263400001       -2.06907799400000        0.00749843299999      H
        0.99833846099999        2.41256026000001        0.01514993300000      H
       -3.66874238400000       -2.80441195100001       -1.57390553400001      H
        4.26428197100000       -1.78552271999999        1.56230261700000      H
       -0.60793618900001        4.58016667799999        1.55007797900000      H
       -2.67371472200000       -2.26853101400000       -0.02806243100000      N
        3.30331662000001       -1.17841611999999        0.02122162300001      N
       -0.62959622900001        3.44641612100000        0.00702411200000      N
        4.28195090900001       -1.77277273900000       -1.51370453300001      H
       -0.58458295599999        4.59296957099999       -1.52604255400000      H
       -3.69048557099999       -2.80820274200000        1.50222633800000      H
$end
