$coord
        1.66086883499999        0.00000000000000        0.00000000000000      B
       -1.66086883499999        0.00000000000000        0.00000000000000      B
        0.00000000000000        0.00000000000000        1.84290047000000      H
        0.00000000000000        0.00000000000000       -1.84290047000000      H
        2.74453409400000       -1.96467063299999        0.00000000000000      H
        2.74453409400000        1.96467063400000        0.00000000000000      H
       -2.74453409400000        1.96467063299999        0.00000000000000      H
       -2.74453409400000       -1.96467063400000        0.00000000000000      H
$end
