$coord
       -4.99730318887878       -4.33530663451515       -0.52251645136363      N
       -2.68157626887878       -5.30937345551514        0.14670733063636      C
       -1.01406882687879       -3.36994956151514        0.64952751263636      C
       -2.39733313387878       -1.05929655551514        0.27438855763637      C
       -1.75070480487879        1.52361872348486        0.50876749263636      C
       -3.59403046287879        3.31847290948485        0.00102079563636      C
       -6.06944111987880        2.59281435048486       -0.72440532836363      C
       -6.73736099187878        0.08130425848485       -0.95691343436364      C
       -4.87855847687880       -1.73774598051515       -0.45178400736365      C
       -6.54053091187878       -5.35792051651514       -0.93215991336363      H
       -2.38695286887878       -7.32341884951514        0.23877478163636      H
        0.13725618112120        2.07410535248485        1.04589753863636      H
       -7.42382663387878        4.07634940848485       -1.09684575436365      H
       -8.63361220587879       -0.44692139951515       -1.51300877036365      H
       -3.23293406187879        5.86910599948486        0.13378727463636      O
       -0.74993804587878        6.68678665548485        0.77218584663635      C
        0.64697386212121        5.98058471448484       -0.56684564436364      H
       -0.23998792787880        6.07567005748485        2.67752475363636      H
       -0.80750098887879        8.73695227248485        0.71150674563636      H
        1.70208347212122       -3.69049055351514        1.38713669963636      C
        3.53944326612121       -3.33230055051515       -0.83606545736364      C
        3.53488713612121       -0.78325294151516       -1.85380951436363      N
        4.95843473212122        1.19250471448485       -0.99340026336364      C
        7.21440095812121        0.54960103548484        0.65193880263635      C
        1.97958973412121       -5.58984280751514        2.15157999563636      H
        2.19801938112121       -2.35729264651516        2.88607869363636      H
        3.02402995012120       -4.63033821551515       -2.35250631336364      H
        5.45510763512120       -3.80542935651514       -0.25435488536363      H
        1.96391823612121       -0.22879599751515       -2.78469987636365      H
        4.46336809712120        3.38083764748485       -1.57088918836363      O
        8.49648744612122       -0.73922799451515       -0.31539681436363      H
        6.62562281112120       -0.34103060351514        2.41375868963636      H
        8.19603802112121        2.29922652048484        1.07502010563636      H
$end
