$coord
       -7.15268448368228        0.00163835854214       -6.88166368257459      O
       -9.33998017822681        0.05758514067753       -6.16528105148944      C
       -9.95560359834355        0.05813398706639       -3.37289725072588      C
      -11.47973436948735        0.12768955257927       -8.06176468817900      C
      -11.24278523795899        1.78411921124798       -9.25839573864933      H
      -11.33458508158687       -1.52557835049447       -9.27728119674876      H
      -13.33447665254068        0.17409754521643       -7.18759592298864      H
      -11.97023143131585        0.11126762083516       -2.99154225144744      H
       -9.13548957613091       -1.62319215388868       -2.51638406829368      H
       -9.04447757822511        1.68163296633862       -2.49703687640067      H
$end
