$coord
        1.08778920073819        0.95938766443850        0.91543120110203      C
        5.01371009744011        2.64393135930231       -1.18844903797457      C
        2.35674797218790        5.52199398956557        1.49253031334660      C
        0.15519248371289        3.67235836877981        1.26193634960220      C
        4.09075003860863        5.34747380686838       -0.80371735327352      C
        2.79125845500209        0.81662950887247       -1.41477602220977      C
       -1.08778920073819       -0.95938766443850        0.91543120110203      C
       -0.15519248371289       -3.67235836877981        1.26193634960220      C
       -2.35674797218790       -5.52199398956557        1.49253031334660      C
       -4.09075003860863       -5.34747380686838       -0.80371735327352      C
       -5.01371009744011       -2.64393135930231       -1.18844903797457      C
       -2.79125845500209       -0.81662950887247       -1.41477602220977      C
        2.26722506938455        0.51100303920868        2.56420777432797      H
        6.20742092200266        2.52542847273549       -2.86585145686950      H
        6.18508404358398        2.09007521880266        0.42257034980945      H
        3.44024645644145        5.07407555251793        3.19530537706431      H
        1.65432793046103        7.44763849263946        1.71866083392177      H
       -1.00602239510570        4.21369648906695       -0.36059357886118      H
       -1.05485298719961        3.78282290527974        2.93188387063591      H
        3.04813278875310        5.94916870175332       -2.48482013710123      H
        5.69000179346566        6.63269340143333       -0.59814427461640      H
        3.48299522676694       -1.10641618149630       -1.69235120929499      H
        1.69215223525161        1.31306059075009       -3.09382299960896      H
       -2.26722506938455       -0.51100303920868        2.56420777432797      H
        1.00602239510570       -4.21369648906695       -0.36059357886118      H
        1.05485298719961       -3.78282290527974        2.93188387063591      H
       -3.44024645644145       -5.07407555251793        3.19530537706431      H
       -1.65432793046103       -7.44763849263946        1.71866083392177      H
       -3.04813278875310       -5.94916870175332       -2.48482013710123      H
       -5.69000179346566       -6.63269340143333       -0.59814427461640      H
       -6.18508404358398       -2.09007521880266        0.42257034980945      H
       -6.20742092200266       -2.52542847273549       -2.86585145686950      H
       -3.48299522676694        1.10641618149630       -1.69235120929499      H
       -1.69215223525161       -1.31306059075009       -3.09382299960896      H
$end
