$coord
        2.17938953508697       -0.13484643456522       -2.84566959778261      N
        1.04778312708695       -2.37818700256522       -3.17875147078260      C
        2.25634403408696       -4.02427892256522       -3.05432967678261      H
       -1.52838386391303       -2.66202488156521       -3.63660531078262      C
       -2.32037139791304       -4.52948944456522       -3.87196904478260      H
       -3.03365205591304       -0.51017633856522       -3.76441284778261      C
       -5.04270493891304       -0.65382277556523       -4.10888879178261      H
       -1.89179401491303        1.83417309943479       -3.43127303378261      C
       -2.97874915691304        3.56112596943477       -3.49073727978262      H
        0.69966460808696        1.92010368643478       -2.98241455678261      C
        1.63881296408696        3.71901531343477       -2.71747649778261      H
       -1.45629760691304       -0.72562220156522        2.76268226621739      N
       -3.14739264491305       -1.54172586556522        2.41383225721738      H
       -1.45581594191304        1.91585529143478        2.93844757221740      C
       -3.42091001991303        3.10298078643479        2.72141229621739      O
        1.03766758708696        2.97236584043477        3.36847941421740      C
        1.22912775708696        4.98912331243478        3.54964400721738      H
        3.05943551808696        1.42526171843478        3.50363271721740      C
        4.95649183108696        2.12193698043478        3.78411819421738      H
        2.83633231108696       -1.13965063856523        3.29093524321740      N
        4.37350345108696       -2.25872246556522        3.27550064321739      H
        0.56781653408695       -2.36274257956522        2.86313586621740      C
        0.39370238408697       -4.64065244756522        2.61070763121739      O
$end
