$coord
        2.72501365914274        0.46288985351996       -1.31054304121321      C
        2.72501365914274        0.46288985351996        1.31054304121321      C
       -1.05477314222804       -0.88979551429879       -2.70764708407005      C
       -1.05477314222804       -0.88979551429879        2.70764708407005      C
       -2.72056630356738        0.57349175550952       -1.32453677328505      C
       -2.72056630356738        0.57349175550952        1.32453677328505      C
        3.68085514469375       -1.03711616393840       -2.32529695129402      H
        2.54558295775621        2.22538353015047       -2.33005891613314      H
        2.54558295775621        2.22538353015047        2.33005891613314      H
        3.68085514469375       -1.03711616393840        2.32529695129402      H
       -0.45782410418130       -2.71894977478008       -2.01809976418057      H
       -0.95372798994469       -0.67138195197431       -4.74321742438151      H
       -0.95372798994469       -0.67138195197431        4.74321742438151      H
       -0.45782410418130       -2.71894977478008        2.01809976418057      H
       -3.76456022167129        2.05547826581161       -2.28846844697410      H
       -3.76456022167129        2.05547826581161        2.28846844697410      H
$end
