$coord
    3.24137920559796     -0.00143430213486      1.04225955133175       c
    2.36451037514250     -0.88804467080535      2.69268966401008       h
    3.62281097689026     -1.81214720595229     -0.91814611837608       o
    1.55355708192822      2.08119318466962      0.00801999770797       c
    1.21382778693644      3.44050720712465      1.52707823935422       h
    2.58312145309924      3.07732641082376     -1.47514289604413       h
   -0.96311971061263      1.14056877394286     -1.06100941402224       c
   -0.62260806900183     -0.07169809920781     -2.68882706379446       h
   -2.07026300871701      2.75375994344655     -1.71252840313109       h
    4.72122751971297     -3.10614095489800     -0.27586411060478       h
    5.04249608011260      0.81151643160188      1.64999358594164       h
   -2.54496977220241     -0.30061952294558      0.84869301381414       c
   -1.62972249371417     -2.09027898791653      1.32683907886140       h
   -2.74039391050865      0.80947363765223      2.58761522184324       h
   -4.95733935138637     -0.74484311418141     -0.27178230215775       o
   -5.90703444755098     -1.79875282712240      0.85980649320164       h
$end
