$coord
       -0.00019653151781       -3.04924319076294        0.00000000000000      P
       -1.81839086109534       -3.09387096311717        1.96013543887083      H
       -1.81839086109534       -3.09387096311717       -1.96013543887083      H
        0.65040594041658       -6.22007136091576        0.00000000000000      N
        1.39738633485428       -8.30093951269051        0.00000000000000      C
        0.00000000000000        3.04920539624028        0.00000000000000      P
        1.81819999875592        3.09364041652896        1.96013543887083      H
        1.81819999875592        3.09364041652896       -1.96013543887083      H
       -0.65026043150434        6.22010915543842        0.00000000000000      N
       -1.39700083072318        8.30106423461528        0.00000000000000      C
$end
