$coord
       12.26885472100001       -3.70671237500001       -0.50518443399999      H
       12.25209269599999       -1.67024612400000       -0.84164855800000      C
       12.18085220599999       -1.31895326400001       -2.87572348900001      H
       14.02029924600000       -0.90713616999999       -0.09077272399999      H
       10.06289755100000       -0.51506387600001        0.61711322199999      C
        9.83504993600001       -0.79050386300001        2.90583154600000      O
        8.40239369799999        0.87451141900000       -0.79948136599999      N
        8.55357278300001        0.90230509200000       -2.70319022800000      H
        6.14097307400001        2.02769238100000        0.27030840500000      C
        6.16126800300000        1.51441425600000        2.27129795700000      H
        6.14942421500000        4.90660339200000       -0.03670639900000      C
        6.11968425300000        5.41045561500000       -2.03971287400001      H
        4.48088245800001        5.74093161800001        0.85702117800000      H
        7.83707877100000        5.70675805300000        0.84389763100000      H
        3.85008991199999        0.87501870399999       -1.09552649499999      C
        3.52989468200000        1.22107492700001       -3.36637278999999      O
        2.31911187999999       -0.60706125700001        0.34964887900000      N
        2.58179739600000       -0.67746674500001        2.24250057800000      H
       -0.01094037200000       -1.72064833999999       -0.59936732900001      C
       -0.17481247799999       -1.16074487600000       -2.57969332599999      H
        0.06311188700000       -4.60295751099999       -0.40253743699999      C
        1.63732543499999       -5.31901424199999       -1.55424034100001      H
        0.40455374400000       -5.11725435500001        1.57950560400001      H
       -2.31967777400000       -5.49915508900001       -1.26006978099999      O
       -2.44464989699999       -7.27267013900001       -0.84960680900001      H
       -2.19337298700001       -0.67615887800000        1.01219286100000      C
       -2.26792033099999       -1.12316359900000        3.29099284200000      O
       -3.84725295700000        0.86257330200000       -0.20119075900000      N
       -3.79264285900000        0.99986083000000       -2.10597631800000      H
       -6.03003157499999        1.99517161399999        1.05863172500000      C
       -5.94550658400001        1.32980830699999        3.01281041300000      H
       -5.92393368399999        4.88513871400000        0.96861264499999      C
       -6.02545365699999        5.53539539600000       -0.98764830699999      H
       -7.52171069399999        5.70178892100001        1.99955310500000      H
       -4.17007112900000        5.56299880400000        1.82565424599999      H
       -8.41189483100001        1.03120782000000       -0.29921355900001      C
       -8.83415339799999        1.63279746500001       -2.50022200800000      O
       -9.92990391600000       -0.51391379000001        1.08417581800001      N
       -9.34799399400001       -1.02695615700001        2.82665416800000      H
      -12.18669500200000       -1.68422089200001        0.04478505199999      C
      -11.94458704400001       -3.72832895100000       -0.17971793700000      H
      -13.82417327300000       -1.33239003600001        1.25972264200000      H
      -12.51657999100000       -0.84543084200001       -1.80816438700000      H
$end
