$coord
     2.043898473     1.011990503     2.200650374     O 
     1.382155624     2.111369287    -1.944551099     O 
     1.044948062     0.785789886     0.036520542     C 
    -0.344941927    -0.823985066    -0.179582248     H 
     4.472932797     4.167761211    -1.246675102     H 
     6.278968549     4.639620726    -0.668377167     N 
     7.738187293     2.274813484    -0.852712473     C 
     9.652320436     2.547366622    -0.065887319     H 
     6.830571799     0.666085666     0.125699584     H 
     7.959145489     1.771184688    -2.861798697     H 
     6.003863127     4.974365371     1.216046763     H 
$end
