$coord
   -2.18799173957967     -1.80862873381051     -1.03186601632518       n
    0.19831681780521     -0.90023697936129     -0.00210475220731       c
    0.45525958474199      1.94127368279888     -0.53963738541777       c
    1.86840382027212      2.77936615028494     -2.19342155782426       o
    2.36936562194622     -2.39820652710910     -1.14581735413852       c
    4.79891750818278     -2.01278412582593      0.34027507158241       c
    5.39411854957629     -3.43177099722892      2.06391118720463       o
    6.21246346468173     -0.01003601717406     -0.42199822570955       n
   -2.18518084299406     -2.59273171778993     -2.76367988501784       h
    0.11641903077927     -1.19995015752150      2.03595314014446       h
    2.60967442783473     -1.84245201641155     -3.11412987732120       h
    1.92089008470602     -4.39997124200725     -1.02405276552923       h
    7.68045437200640      0.47140857256021      0.68453435124425       h
    5.36651400958842      1.32640000729482     -1.48858032104353       h
   -1.02784064634886      3.38780555034563      0.92746830938651       n
   -2.30617994420582      2.46972580548158      2.02242070599381       h
   -1.19716278805007      6.09164357176878      0.54969219613062       c
   -2.56531452458845      6.57540494592865     -0.91211659230745       h
   -1.74948845761819      6.98750261851080      2.31124420253245       h
    0.64166961111693      6.79135095450491     -0.03142671622444       h
   -4.40275277382029     -1.56628730755940      0.23373583118976       c
   -4.54274750122038     -0.48346127245316      2.28830215994099       o
   -6.68459453406861     -2.71809251983235     -1.01839561315743       c
   -8.07577129253608     -1.23995053349202     -1.33765875674536       h
   -6.25293876590705     -3.64621976599249     -2.79904632106185       h
   -7.51051968755222     -4.08274537755230      0.27657866665283       h
$end
