$coord
       -2.16952132161618       -2.12154219323300        0.13405248947686      N
       -1.81587541706702       -3.99243713507252        0.28781152957826      H
        0.00146728635538       -0.52444193840932       -0.20337127669522      C
       -0.11746256758568        0.34106473142033       -2.07793754214211      H
        0.13936185135996        1.60137615946930        1.80115473309693      C
        2.35504834173198       -2.19259336459355       -0.18231575559234      C
        1.63703914022461        1.24796555649412        3.15884375571242      H
       -1.65949051619554        1.70778871957001        2.78393821866928      H
        0.66371878027234        4.04030401948900        0.42026666249420      C
        2.18373940017607       -4.50479526100468       -0.08056563613813      O
       -1.33194397883328        5.02390238736553       -0.77326123888143      O
        2.76145734268421        4.95409022951480        0.25571722557960      O
        4.53677598144160       -0.88647510742250       -0.31387964242462      N
        6.97782630578185       -2.12650786772737       -0.34179190274018      C
        4.46437495529401        1.02435609289952       -0.29723632486373      H
        6.64817211010172       -4.14974317709413       -0.38222847283202      H
        8.04584455355733       -1.57677738892158       -2.00932764781227      H
        8.06244264916872       -1.65129687090220        1.33927263010944      H
       -4.50157718655300       -1.15648142745339       -0.18408175947122      C
       -6.67485356137539       -2.97435407971280        0.00707948363875      C
       -4.84271380225305        1.12201643547764       -0.60132886618364      O
       -7.64136584458150       -3.02707671532323       -1.80628130006196      H
       -8.00570667403190       -2.26697022522843        1.40249212512685      H
       -6.08023309487482       -4.87159874928598        0.51884622502703      H
       -2.74742559519495        3.82221992533511       -0.64378264740682      H
$end
