$coord
        2.44553668752857        2.07974467912858       -1.40741800517143      C
        4.69976212982857        2.25654106742858       -1.01367691437144      O
        0.86982741262857       -0.28433084627143       -1.13342817667143      C
       -0.33548482397144       -0.49108142777143       -2.81691292907142      H
        2.17921599842857       -1.89236248467142       -1.06114134187142      H
       -0.80312252147142       -0.23316123727144        1.25173101082856      C
       -2.07467421737142        1.40935524852858        1.15437422852856      H
        0.40700259632857        0.04659194252857        2.92194396782857      H
       -2.34214113427143       -2.66213081337143        1.55191371532857      C
       -3.51962552507143       -2.59177030067142        3.26120759582857      H
       -3.60419741917143       -2.96119763867144       -0.07339327407143      H
       -1.10554351317143       -4.32626265997143        1.70515791282857      H
        1.00923889552857        4.10596716712858       -2.13270859437142      O
        2.17420543422858        5.54409730392858       -2.20764919557144      H
$end
