$coord
       -1.04768186439801       -0.29955807438597        0.00000000000000      C
       -2.37738097368342       -2.19380541202500        0.00000000000000      O
       -1.94041985567972        2.03688555319843        0.00000000000000      O
       -3.81844585527291        1.97009385094892        0.00000000000000      H
        1.78074296225070       -0.38478812448394        0.00000000000000      C
        2.41868446218267       -2.32951301042045        0.00000000000000      H
        2.49225056230035        0.60034260858400       -1.65719622767893      H
        2.49225056230035        0.60034260858400        1.65719622767893      H
$end
