$coord
    -1.385373241     2.344934525    -0.199984032     C 
     1.091694705     2.403595400     0.281017373     C 
    -2.379157463    -0.222757120    -0.062113404     C 
     2.164263493    -0.178169036     0.832588705     C 
    -0.129510481    -1.951797820     0.383952637     C 
    -4.793537529    -0.909912513    -0.278698679     C 
    -2.555601179     3.967132007    -0.615253209     H 
     2.247422775     4.089508773     0.308990986     H 
    -6.262946885     0.472864245    -0.607138725     H 
    -5.372062023    -2.864947434    -0.132940334     H 
     0.196110094    -3.119729740    -1.286020897     H 
    -0.451514121    -3.234275481     1.961586601     H 
     4.477146375    -0.829903404    -0.772865805     C 
     4.005877059    -0.768578016    -2.779943779     H 
     6.018336973     0.499074744    -0.439973564     H 
     5.168621682    -2.722390284    -0.334846217     H 
     2.732604253    -0.254595224     2.822162148     H 
$end
