$coord
       -8.77452160600000        4.67872949400001        0.92423229000000      C
      -10.98368555500000        2.84765681900000        0.73630981099999      C
      -10.28664916300000        0.59313396600000       -1.07338571600000      C
       -7.35090257799999        0.19150672200000       -1.22579155100000      C
       -5.84959672600000        0.68065813700000        1.26145181400000      C
       -6.34997046799999        3.50013025900000        2.05030470100000      C
       -6.59422926799999       -2.33802171900001       -2.40877362700000      C
       -3.80817657200000       -2.26343952500000       -3.17438401800001      C
       -2.12439065200001       -1.09534187599999       -1.18993645699999      C
       -3.00165625899999        0.24271092600001        0.79848179600000      C
      -11.74422921200001       -1.81469649900001       -0.32881799200001      C
      -11.18392885800001        1.37183618900000       -3.74227483500000      C
       -1.24648272700001        1.25101825899999        2.86344491300001      C
        1.63463187900000        0.82774722700000        2.50986338500000      C
        2.13152493500000       -1.54957739100000        0.95641318900000      C
        0.70913479600001       -1.29923764100000       -1.62441715399999      C
        4.88724960799999       -1.96847824200000        0.08589825099999      C
        4.60159012300000       -3.76046476999999       -2.24810761100000      C
        1.77249438200000       -3.60099192800000       -3.08754260399999      C
        6.82273285600000       -2.71966076400000        2.16398608099999      C
        9.38610647800000       -1.40723378099999        1.68488800800001      C
        9.35561650500001        1.44087959600000        2.32754035399999      C
       11.71705533000000        2.78909534400001        1.47933514200000      C
       12.10626216200000        3.83239832400000       -0.80146699700000      C
        7.23137646400000       -5.57712148100000        2.50111130800001      C
       14.58344122400000        5.08141422900000       -1.46599991300000      C
       10.16697961900000        3.85168751300000       -2.89498840800001      C
      -11.67081524700001        2.15050099599999        3.28319916400000      O
        1.44309340999999        1.10135630700000       -3.16401112300000      C
        1.18861119199999       -3.86465575700000        2.47486641500000      C
        6.08399455800000       -1.98091358400000        3.96449073700001      H
       -6.66264094000001        1.65773793700001       -2.53476808399999      H
       -6.67908344500000       -1.11320866800001        3.42392403500001      C
       -9.33562074800000        6.33070641200001        2.04409789600000      H
       -8.38387971700001        5.35052576100001       -0.99959720800000      H
      -12.61563137700000        3.83622501899999       -0.10486807600000      H
       -6.41277929000000        3.62923142599999        4.11656076700000      H
       -4.77098459400000        4.68585319400000        1.42165957100001      H
       -7.76785833400000       -2.75323477000000       -4.06735778300000      H
       -6.90652349599999       -3.87443301099999       -1.05259665200001      H
       -3.13665658300001       -4.18333574700000       -3.59254277400000      H
       -3.59950017799999       -1.19698305600001       -4.95530071900001      H
      -11.13700677199999       -2.56743521000000        1.49641070600000      H
      -13.78322692600000       -1.41042855099999       -0.23662544100001      H
      -11.48024356200001       -3.28933850600000       -1.75816666799999      H
      -10.36973909199999        3.20241451200000       -4.28408119700000      H
      -10.60805735000000       -0.03192370800000       -5.15447273600000      H
      -13.25260849800001        1.53677487500000       -3.79649579800001      H
       -1.81910560699999        0.35017964300000        4.64557368499999      H
       -1.58339970700000        3.27468065800000        3.16004024100000      H
        2.49496251700000        2.45837213099999        1.56360596100000      H
        2.53580459800000        0.68241236900001        4.37546966899999      H
        5.51662643900000       -0.13468171600000       -0.63965618500000      H
        5.87665816900000       -3.17978107500000       -3.77452848900000      H
        5.08597791700000       -5.71255341900000       -1.77122278500000      H
        0.76837713899999       -5.33082536700001       -2.55202241599999      H
        1.56944370200000       -3.38121622800000       -5.13802229400000      H
        9.91071803500000       -1.65169516000000       -0.31171408199999      H
       10.87597174000000       -2.32690559500000        2.80473509400000      H
        7.68024289000000        2.31718692299999        1.47688019900000      H
        9.13139295700001        1.64174291799999        4.38374969200000      H
       13.27584249000000        2.84329646499999        2.83209473599999      H
        8.38834003700001       -5.92443138699999        4.18861242900000      H
        8.24028265100001       -6.37370410300000        0.87145866799999      H
        5.44612624300000       -6.60151113800000        2.71383436100001      H
       15.91804848799999        5.02158758300000        0.11895862900000      H
       15.46525426700000        4.15026592000001       -3.10579792399999      H
       14.28727353999999        7.07095176700000       -2.00255038000000      H
        8.41492583599999        2.87839944800000       -2.38332317500000      H
       10.94026418699999        2.93381774200001       -4.59475007100000      H
        9.69814880500001        5.80479283399999       -3.44008138099999      H
      -13.14695769700000        1.08248890500000        3.17269535800000      H
        1.02122890100000        2.83618731600000       -2.12053655600000      H
        0.31723680600000        1.12239821700001       -4.90635303700001      H
        3.44106857400000        1.10969491200001       -3.71659421399999      H
       -0.83512074900000       -3.72410738700000        2.87180241500001      H
        2.20914561900000       -3.95871157699999        4.27642251500001      H
        1.52362181500000       -5.63810936400000        1.46437777199999      H
       -8.62023152600001       -0.71998919300001        3.99763501900000      H
       -5.47779502700000       -0.82590871300000        5.08682338100000      H
       -6.50099302200000       -3.09609701600000        2.85068416000001      H
$end
