$coord
     0.238260640     2.852586301    -1.454173629     C 
    -2.099688985     1.593312434    -1.310963259     C 
    -2.172213097    -1.058030181    -1.117614715     C 
     0.093225833    -2.449995221    -1.067398384     C 
     2.431179673    -1.190814121    -1.211336148     C 
     2.503666539     1.460550944    -1.404449156     C 
     4.183282778    -2.272592167    -1.231670016     H 
     4.311902215     2.431098793    -1.574357028     H 
     0.293110693     4.900563483    -1.662283484     H 
    -3.854431811     2.666557366    -1.408598371     H 
    -3.983076003    -2.037089582    -1.065518428     H 
     0.035743487    -4.506425658    -0.976109350     H 
$end
