$coord
   -3.56312389132152     -0.68771972179955      0.00000000000000      te
    0.40639257812059      0.04726370545055      0.00000000000000      c
    1.26649666856199     -0.72859513643836      1.69520966866097      h
    1.26649666856199     -0.72859513643836     -1.69520966866097      h
    0.62373797607694      2.09764628922571      0.00000000000000      h
$user-defined bonds
$redundant
     number_of_atoms             5
     degrees_of_freedom          9
     internal_coordinates        9
     frozen_coordinates          0
# definitions of redundant internals
   1 k  1.0000000000000 stre   2    3           val=   2.05481
   2 k  1.0000000000000 stre   2    4           val=   2.05445
   3 k  1.0000000000000 stre   2    5           val=   2.06187
   4 k  1.0000000000000 stre   2    1           val=   4.03699
   5 k  0.4394821748051 bend   4    3    2      val=   1.50883
        0.3970165479473 bend   5    3    2
        0.3976563708319 bend   5    4    2
       -0.4032610651287 bend   1    3    2
       -0.4033409382657 bend   1    4    2
       -0.4071845899486 bend   1    5    2
   6 k -0.0386265138875 bend   4    3    2      val=   0.01426
        0.6800383004943 bend   5    3    2
       -0.6374659034446 bend   5    4    2
        0.2464928529243 bend   1    3    2
       -0.2621592890269 bend   1    4    2
        0.0143841880361 bend   1    5    2
   7 k -0.7504952255744 bend   4    3    2      val=   0.25816
        0.3678348491753 bend   5    3    2
        0.4371583513861 bend   5    4    2
       -0.1570678426024 bend   1    3    2
       -0.1315916813119 bend   1    4    2
        0.2614581002098 bend   1    5    2
   8 k -0.0002920965437 bend   4    3    2      val=   0.05785
        0.2550046502858 bend   5    3    2
       -0.2542827296277 bend   5    4    2
       -0.6601271605559 bend   1    3    2
        0.6591997896996 bend   1    4    2
        0.0007781913308 bend   1    5    2
   9 k  0.2688461705959 bend   4    3    2      val=  -0.60133
       -0.1382731887715 bend   5    3    2
       -0.1367308819150 bend   5    4    2
       -0.3799578885025 bend   1    3    2
       -0.3805418965059 bend   1    4    2
        0.7750656718769 bend   1    5    2
         9 non zero eigenvalues  of BmBt
           1           3.393947506    1    0
         1
           2           3.003147745    2    0
         2
           3           2.974281099    3    0
         3
           4           1.000000000    4    0
         4
           5           0.710750926    5    0
         5
           6           0.702079329    6    0
         6
           7           0.701363076    7    0
         7
           8           0.402408656    8    0
         8
           9           0.394732399    9    0
         9
$end
