$coord
   -1.66821529322105     -2.94779460961053     -1.14086035900526      c
    1.22867414157895     -2.92979570181053     -1.26442519550526      c
    2.31548479277895     -0.34465465041053     -0.77728530600526      c
    1.00853319967895      1.60655054778947      0.18862201749474      c
   -1.73273532662105      1.33754005868947      0.95559196669474      c
   -2.60270375372105     -1.42199858701053      1.13522809019474      c
    2.01007820297895     -4.28797851561053      0.12047565459474      h
    1.87318623587895     -3.61651825651053     -3.12369256660526      h
   -2.43514008412105     -2.10508273151053     -2.88647254920526      h
   -2.37543826572105     -4.90214035761053     -1.05825550780526      h
   -2.02962286422105      2.30432414578947      2.78050091189474      h
   -2.92417281562105      2.37964109028947     -0.41120495860526      h
   -1.84203174392105     -2.26836072051053      2.88209551899474      h
   -4.67572290442105     -1.51201924971053      1.28297748599474      h
    4.30797608207895     -0.06240945241053     -1.26219755680526      h
    2.16905942917895      4.17315920638947      0.56442688039474      c
    2.13000804867895      4.73105002818947      2.57216487599474      h
    4.13912204257895      4.23058595438947     -0.08673848960526      h
    1.10366087617895      5.63590180118947     -0.47095091310526      h
$redundant
     number_of_atoms            19
     degrees_of_freedom         51
     internal_coordinates       51
     frozen_coordinates          0
# definitions of redundant internals
   1 k  1.0000000000000 stre    2    8           val=   2.08419
   2 k  1.0000000000000 stre    2    7           val=   2.09122
   3 k  0.0067604813081 bend    7    8    2      val=   0.20175
        0.5018832423811 bend    3    8    2
        0.4992261402594 bend    3    7    2
       -0.5020453532872 bend    1    8    2
       -0.4967808682247 bend    1    7    2
   4 k  0.0135515741747 bend    7    8    2      val=   0.09719
       -0.5060689230853 bend    3    8    2
        0.4996340285723 bend    3    7    2
       -0.4988770634088 bend    1    8    2
        0.4951748307638 bend    1    7    2
   5 k  0.9049104155171 bend    7    8    2      val=   1.00599
       -0.2088000580314 bend    3    8    2
       -0.2221278310081 bend    3    7    2
       -0.2020841611999 bend    1    8    2
       -0.2176255824543 bend    1    7    2
   6 k -0.0009114526590 bend    7    8    2      val=   0.09884
       -0.4946945151926 bend    3    8    2
        0.4994757863763 bend    3    7    2
        0.5013063762535 bend    1    8    2
       -0.5044723598413 bend    1    7    2
   7 k  1.0000000000000 stre    1   10           val=   2.08001
   8 k  1.0000000000000 stre    1    9           val=   2.08459
   9 k  0.0036854313792 bend    9   10    1      val=   0.05328
       -0.5105885321651 bend    6   10    1
       -0.4899294808165 bend    6    9    1
        0.5063019187638 bend    2   10    1
        0.4928622924306 bend    2    9    1
  10 k  0.0378387337422 bend    9   10    1      val=   0.85014
       -0.5015304909721 bend    6   10    1
        0.5011442358942 bend    6    9    1
       -0.5019258660285 bend    2   10    1
        0.4939233510329 bend    2    9    1
  11 k  0.8989364865351 bend    9   10    1      val=   0.05368
       -0.1971798234782 bend    6   10    1
       -0.2359747270911 bend    6    9    1
       -0.2035290940011 bend    2   10    1
       -0.2364849814649 bend    2    9    1
  12 k -0.0020622119192 bend    9   10    1      val=   0.25715
        0.4906227505781 bend    6   10    1
       -0.5056552100896 bend    6    9    1
       -0.4921759709956 bend    2   10    1
        0.5112344726061 bend    2    9    1
  13 k  1.0000000000000 stre    5   11           val=   2.08641
  14 k  1.0000000000000 stre    5   12           val=   2.09132
  15 k  0.0202469908513 bend   12   11    5      val=   0.39783
        0.5013931652093 bend    4   11    5
        0.4974292738626 bend    4   12    5
       -0.5015300250669 bend    6   11    5
       -0.4992261057914 bend    6   12    5
  16 k  0.0105088831964 bend   12   11    5      val=   0.10293
       -0.4969810100841 bend    4   11    5
        0.4939933715500 bend    4   12    5
       -0.5064908593443 bend    6   11    5
        0.5023315610780 bend    6   12    5
  17 k  0.9069027901672 bend   12   11    5      val=   1.76608
       -0.2138694623562 bend    4   11    5
       -0.2256906681113 bend    4   12    5
       -0.1958748718038 bend    6   11    5
       -0.2061163243940 bend    6   12    5
  18 k -0.0007616231699 bend   12   11    5      val=   0.07622
        0.5031751975150 bend    4   11    5
       -0.5056922365383 bend    4   12    5
       -0.4936539135586 bend    6   11    5
        0.4973884961166 bend    6   12    5
  19 k  1.0000000000000 stre    6   14           val=   2.08023
  20 k  1.0000000000000 stre    6   13           val=   2.08483
  21 k  0.0066014077583 bend   13   14    6      val=   0.10463
       -0.5108201933149 bend    1   14    6
       -0.4900677029803 bend    1   13    6
        0.5053609798097 bend    5   14    6
        0.4934197787875 bend    5   13    6
  22 k  0.0366307535666 bend   13   14    6      val=   0.82616
       -0.5020696486787 bend    1   14    6
        0.5027031033045 bend    1   13    6
       -0.5013300947993 bend    5   14    6
        0.4924855142493 bend    5   13    6
  23 k  0.8995398310371 bend   13   14    6      val=   0.20746
       -0.1953876853487 bend    1   14    6
       -0.2338206911516 bend    1   13    6
       -0.2052334710810 bend    5   14    6
       -0.2363447725869 bend    5   13    6
  24 k -0.0025376541006 bend   13   14    6      val=   0.31238
        0.4901600112091 bend    1   14    6
       -0.5040218379950 bend    1   13    6
       -0.4933427070747 bend    5   14    6
        0.5121637276531 bend    5   13    6
  25 k  1.0000000000000 stre    3   15           val=   2.06998
  26 k  0.7071076959518 bend    4   15    3      val=   0.92149
       -0.7071058664201 bend    2   15    3
  27 k  1.0000000000000 outp   15    2    4    3 val=   0.28466
  28 k  1.0000000000000 tors   18   16    4    3 val=  91.49555
        1.0000000000000 tors   18   16    4    5
        1.0000000000000 tors   17   16    4    3
        1.0000000000000 tors   17   16    4    5
        1.0000000000000 tors   19   16    4    3
        1.0000000000000 tors   19   16    4    5
  29 k  1.0000000000000 stre   16   18           val=   2.07568
  30 k  1.0000000000000 stre   16   17           val=   2.08417
  31 k  1.0000000000000 stre   16   19           val=   2.08487
  32 k  0.4413980258052 bend   17   18   16      val=   1.62276
        0.4356094897519 bend   19   18   16
        0.3849590855396 bend   19   17   16
       -0.3842408954419 bend    4   18   16
       -0.3990513166385 bend    4   17   16
       -0.4004193285456 bend    4   19   16
  33 k -0.2832933518755 bend   17   18   16      val=   0.71914
       -0.3395903340564 bend   19   18   16
        0.6900358302791 bend   19   17   16
       -0.4792432956667 bend    4   18   16
        0.2405747543863 bend    4   17   16
        0.2018006091174 bend    4   19   16
  34 k -0.6061151874368 bend   17   18   16      val=   0.13911
        0.5797975503825 bend   19   18   16
        0.0360944681607 bend   19   17   16
       -0.0231886874793 bend    4   18   16
       -0.3745599537021 bend    4   17   16
        0.3928402924252 bend    4   19   16
  35 k  0.2204777963864 bend   17   18   16      val=   0.58193
        0.2374603975217 bend   19   18   16
       -0.4721170455153 bend   19   17   16
       -0.6618609229365 bend    4   18   16
        0.3531118239251 bend    4   17   16
        0.3306958644091 bend    4   19   16
  36 k  0.3877093056342 bend   17   18   16      val=   0.04601
       -0.3804821525077 bend   19   18   16
       -0.0088255038631 bend   19   17   16
       -0.0131184599815 bend    4   18   16
       -0.5857400986892 bend    4   17   16
        0.6013097198820 bend    4   19   16
  37 k  1.0000000000000 stre    4   16           val=   2.84175
  38 k  0.7071072137817 bend    3   16    4      val=   3.05667
       -0.7071063485911 bend    5   16    4
  39 k  1.0000000000000 outp   16    5    3    4 val=  -0.13890
  40 k  1.0000000000000 stre    1    6           val=   2.89515
  41 k  1.0000000000000 stre    6    5           val=   2.89899
  42 k  1.0000000000000 stre    5    4           val=   2.85922
  43 k  1.0000000000000 stre    4    3           val=   2.53935
  44 k  1.0000000000000 stre    3    2           val=   2.84630
  45 k  1.0000000000000 stre    2    1           val=   2.89958
  46 k -0.5000000000000 bend    1    5    6      val=   0.43934
       -0.5000000000000 bend    6    4    5
        1.0000000000000 bend    5    3    4
       -0.5000000000000 bend    4    2    3
       -0.5000000000000 bend    3    1    2
        1.0000000000000 bend    2    6    1
  47 k  0.8660254037844 bend    1    5    6      val=   2.46110
       -0.8660254037844 bend    6    4    5
        0.8660254037844 bend    4    2    3
       -0.8660254037844 bend    3    1    2
  48 k -1.0000000000000 bend    1    5    6      val=   0.60418
        1.0000000000000 bend    6    4    5
       -1.0000000000000 bend    5    3    4
        1.0000000000000 bend    4    2    3
       -1.0000000000000 bend    3    1    2
        1.0000000000000 bend    2    6    1
  49 k -0.5000000000000 tors    6    5    4    3 val= -11.78087
       -0.5000000000000 tors    5    4    3    2
        1.0000000000000 tors    4    3    2    1
       -0.5000000000000 tors    3    2    1    6
       -0.5000000000000 tors    2    1    6    5
        1.0000000000000 tors    1    6    5    4
  50 k  0.8660254037844 tors    6    5    4    3 val= -22.91455
       -0.8660254037844 tors    5    4    3    2
        0.8660254037844 tors    3    2    1    6
       -0.8660254037844 tors    2    1    6    5
  51 k -1.0000000000000 tors    6    5    4    3 val= -29.14843
        1.0000000000000 tors    5    4    3    2
       -1.0000000000000 tors    4    3    2    1
        1.0000000000000 tors    3    2    1    6
       -1.0000000000000 tors    2    1    6    5
        1.0000000000000 tors    1    6    5    4
        51 non zero eigenvalues  of BmBt
           1           8.880937506    1    0
         1
           2           4.867963949    2    0
         2
           3           4.634311289    3    0
         3
           4           4.245766796    4    0
         4
           5           4.173874312    5    0
         5
           6           3.762151765    6    0
         6
           7           3.694822666    7    0
         7
           8           3.586546860    8    0
         8
           9           3.352240245    9    0
         9
          10           3.091769906   10    0
        10
          11           3.063697109   11    0
        11
          12           2.989255866   12    0
        12
          13           2.615045329   13    0
        13
          14           2.516179721   14    0
        14
          15           2.361231615   15    0
        15
          16           2.026003400   16    0
        16
          17           1.906544109   17    0
        17
          18           1.776453347   18    0
        18
          19           1.502711524   19    0
        19
          20           1.217456787   20    0
        20
          21           1.150672544   21    0
        21
          22           0.842692803   22    0
        22
          23           0.801337089   23    0
        23
          24           0.757158796   24    0
        24
          25           0.736663391   25    0
        25
          26           0.728839216   26    0
        26
          27           0.683655862   27    0
        27
          28           0.678290784   28    0
        28
          29           0.673400471   29    0
        29
          30           0.541657084   30    0
        30
          31           0.516647911   31    0
        31
          32           0.411747757   32    0
        32
          33           0.386129935   33    0
        33
          34           0.366168224   34    0
        34
          35           0.360476445   35    0
        35
          36           0.346760735   36    0
        36
          37           0.343009817   37    0
        37
          38           0.313738226   38    0
        38
          39           0.281787523   39    0
        39
          40           0.271578294   40    0
        40
          41           0.257392315   41    0
        41
          42           0.247413643   42    0
        42
          43           0.237160259   43    0
        43
          44           0.195925777   44    0
        44
          45           0.147793018   45    0
        45
          46           0.104349500   46    0
        46
          47           0.084984635   47    0
        47
          48           0.065763565   48    0
        48
          49           0.056370002   49    0
        49
          50           0.053043467   50    0
        50
          51           0.026061766   51    0
        51
$user-defined bonds
$end
