$coord
       -3.39241476108882       -0.77525276466972        0.00000000000000      C
       -0.92994619596834        0.65262477938072        0.00000000000000      C
        1.05963352236265       -0.95256706401670        0.00000000000000      O
       -0.70877899515978        2.92063088786723        0.00000000000000      O
        3.52330641264745        0.20037299164534        0.00000000000000      C
       -4.95544745485873        0.55750960683567        0.00000000000000      H
       -3.50439490636269       -1.99078909132949        1.66251384874146      H
       -3.50439490636269       -1.99078909132949       -1.66251384874146      H
        4.85960196112300       -1.35953413867064        0.00000000000000      H
        3.77641766183400        1.36889694214355        1.67781773302090      H
        3.77641766183400        1.36889694214355       -1.67781773302090      H
$end
