$coord
       -5.41899284341966       -0.36329264446639        0.05240890867900      C
       -3.90036243576988        1.73546459974534       -0.00641051796059      N
       -4.44286860447835        3.55594814356025       -0.03166727464444      H
       -1.46329130143992        0.89354304158317       -0.03117632379513      C
       -1.64910542646997       -1.72099454155746        0.01904125846018      C
       -4.12991540598126       -2.48661576148777        0.06918892084857      N
        0.63779295153185       -3.18901222521753       -0.01249373535497      C
        0.96816073223393       -5.45791417433804       -0.00408539892669      O
        2.75382815074915       -1.52889764405339       -0.08191112409299      N
        4.42798831036860       -2.42888292737460       -0.24289972794272      H
        2.70047173338713        1.04992128058651       -0.10639252614454      C
        0.63201775949713        2.38099939310919       -0.06704616038649      N
        5.00583273570724        2.24253745859914       -0.29314943554228      N
       -7.44733265582383       -0.21943138444945        0.08083511403293      H
        6.45305757375456        1.42392869584791        0.62834546651389      H
        4.87271872615325        4.11269868991317        0.02741255625624      H
$end
