$coord
   -2.75514261448306      0.00771825274277      0.04622150632328      h
   -4.59037231397074      0.13852723978633     -0.61664613274341      o
    0.00000000000000      0.00000000000000      2.79938032932191      h
   -4.64210965864414      1.80798345487303     -1.32170655888442      h
    0.00000000000000      0.00000000000000      0.98488204128720      o
    2.75514261448306     -0.00771825274277      0.04622150632328      h
    4.59037231397074     -0.13852723978633     -0.61664613274341      o
    4.64210965864414     -1.80798345487303     -1.32170655888442      h
$redundant
     number_of_atoms             8
     degrees_of_freedom          9
     internal_coordinates        9
     frozen_coordinates          0
# definitions of redundant internals
   1 k  1.0000000000000 stre    2    1           val=   1.95565
   2 k  1.0000000000000 stre    5    3           val=   1.81450
   3 k  1.0000000000000 stre    2    4           val=   1.81297
   4 k  1.0000000000000 bend    1    4    2      val= 102.72017
   5 k  1.0000000000000 stre    1    5           val=   2.91066
   6 k  1.0000000000000 tors    4    2    5    6 val= -66.82723
   7 k  1.0000000000000 bend    6    1    5      val= 100.67277
   8 k  1.0000000000000 linp    5    2    1    4 val=   0.00000
   9 k  1.0000000000000 linc    5    2    1    4 val=   0.00000
         9 non zero eigenvalues  of BmBt
           1           3.050208990    1    0
         1
           2           2.973074670    2    0
         2
           3           2.453140573    3    0
         3
           4           1.582438287    4    0
         4
           5           1.157151402    5    0
         5
           6           0.646272496    6    0
         6
           7           0.403818383    7    0
         7
           8           0.149425514    8    0
         8
           9           0.050281473    9    0
         9
$user-defined bonds
$end
