$coord
       -1.81978686391526        0.15131973493587        0.00000000000000      C
        1.00266935657209        0.47511969582244        0.00000000000000      C
        2.21040299465188       -1.79148244889272        0.00000000000000      O
        2.12616635349377        2.45413363506351        0.00000000000000      O
        4.01066884231177       -1.44263254102296        0.00000000000000      H
       -2.72233914308329        1.99571389789270        0.00000000000000      H
       -2.40389077001549       -0.92108598689941        1.66244732296519      H
       -2.40389077001549       -0.92108598689941       -1.66244732296519      H
$end
