$coord
        2.93747190862467       -1.85921706889779       -1.57927750620701      N
        2.95733903945398       -3.04690965413812       -3.06555359737368      H
        0.60849874919040       -0.46698806763134       -1.10746053645381      C
       -0.32395411055851       -0.26006184465288       -2.93740951904925      H
       -1.20984878268664       -1.85335211533291        0.68969674886143      C
        1.18102241113013        2.22106943247061       -0.18677034296310      C
       -0.99532751565241       -3.87411208322090        0.34637907725108      H
       -0.63353437045855       -1.48624400350188        2.63134787409945      H
       -3.91517203323517       -1.22008654650982        0.26624420052093      C
       -0.25292193615650        3.36836085913937        1.23714208184395      O
       -4.92338179060821        1.12231685293626        0.70806703707559      N
       -5.92453428056288       -2.65025374824682       -0.59525469431104      C
       -3.84400492817402        2.59939191296192        1.27398693833644      H
       -7.41825965030898        1.02779785496927        0.11155963221338      C
       -8.10035225650523       -1.24681605230188       -0.68532318732120      N
       -5.90025487774380       -4.61646549027405       -1.12357247014713      H
       -8.64559647090919        2.64035340341820        0.28477717885366      H
        4.55802312635983       -2.37992284852214        0.38257672991337      C
        6.58702547479840       -4.30042794471974       -0.18392991187434      C
        4.36271267959899       -1.31959905118624        2.42346152960273      O
        6.04204307557179       -6.09571753313615        0.66160665363422      H
        8.33555014621495       -3.69315594960718        0.70123112283821      H
        6.88632836608296       -4.57887586957282       -2.19775099842251      H
        3.26806530728613        3.28616657837479       -1.17971850378892      N
        4.11336701908950        5.74256093585861       -0.31639461872047      C
        4.48930840216378        2.12418688312900       -2.05523927448713      H
        4.93524722673763        5.63404399675744        1.56851434258061      H
        5.50857103530063        6.47120963315440       -1.63250962246529      H
        2.50722058392985        7.01684993509581       -0.25051786097413      H
$end
