$coord
    3.97360649552839      1.71723751297383     -0.51862929250676      h
    0.16903666216522      1.73154352333176     -0.40099024352959      h
   -3.94463844105182     -1.24346369608005      0.09565841726334      h
    2.21647168119803      4.10625979391554      2.61391340002321      h
   -0.04488993380842     -2.16288302687041      4.48488595610432      li
    3.52287141817194     -0.90500888687059     -5.00916337263077      h
    1.95336082370762     -0.83849036872324     -3.65515970516029      c
    2.05706981818495      1.70095588601056     -2.06303335904159      b
   -6.40097100472159     -1.71072935987273      3.14621771036234      h
    2.04751538182937     -2.55691868000982     -2.49926722310562      h
    2.03251078714394      1.35094356516468      2.02150308748654      si
    0.20477572129201     -0.93291693232462     -4.76431390827476      h
   -2.67673272939098      1.40764602033672      4.10347165469140      cl
   -2.75901984658887     -3.73954809548334      3.19373273207227      f
    1.96938102642596      3.74070925169244     -3.03185101883736      h
   -4.32034786008576     -1.66533650719069      2.28302516508337      b
$user-defined bonds
$end
