$coord
       -0.19684082289201       -2.53529489697983       -2.69775577323914      Te
        0.19684082289201        2.53529489697983       -2.69775577323914      Te
       -2.59168460487718        3.33545274730737        0.29868925997550      C
        2.59168460487718       -3.33545274730737        0.29868925997550      C
        4.42627750124240       -2.54396379604183       -0.19648625557342      H
        1.96863937643772       -2.55066279113189        2.09688369671176      H
        2.78218147214225       -5.38131773445961        0.49866907212530      H
       -4.42627750124240        2.54396379604183       -0.19648625557342      H
       -1.96863937643772        2.55066279113189        2.09688369671176      H
       -2.78218147214225        5.38131773445961        0.49866907212530      H
$end
