$coord
   -4.06609523935556     -1.54481898418333     -2.88921798737778      c
   -3.45457897325556     -3.53176347628333     -2.90476939577778      h
   -3.39894718255556     -0.66693282458333     -4.65149044927778      h
   -6.14215303905556     -1.52464566188333     -2.91988853907778      h
   -3.04055372765556     -0.15195845908333     -0.57140819097778      c
   -3.73819606355556      1.81178444591667     -0.57012995127778      h
   -3.78809471285556     -1.03420712258333      1.16211204662222      h
   -0.14089216595556     -0.13517195658333     -0.46966942957778      c
    0.61838746174444      0.78877124871667     -2.17161437407778      h
    0.56323318894444     -2.09442136988333     -0.47422688257778      h
    0.84162654044444      1.23042621301667      1.87428352282222      c
    0.28617705734444      0.29346336021667      3.64316107802222      h
    0.18562048124444      3.20303230101667      1.95774335002222      h
    4.86959878464444      2.69333587131667      4.41013367662222      o
    5.08223581974444     -1.44944862478333      2.24675661792222      o
    5.89929584594444     -1.87236411138333      0.64356878022222      h
    4.22568735884444      1.51898792451667      2.03506241152222      s
    5.19764856534444      2.46593122651667     -0.35040628377778      o
$redundant
     number_of_atoms            18
     degrees_of_freedom         48
     internal_coordinates       48
     frozen_coordinates          0
# definitions of redundant internals
   1 k  1.0000000000000 tors    4    1    5    8 val=  60.19407
        1.0000000000000 tors    3    1    5    8
        1.0000000000000 tors    2    1    5    8
   2 k  1.0000000000000 stre    1    4           val=   2.07638
   3 k  1.0000000000000 stre    1    3           val=   2.07879
   4 k  1.0000000000000 stre    1    2           val=   2.07898
   5 k  0.4214907731780 bend    3    4    1      val=   1.53237
        0.4200297228496 bend    2    4    1
        0.4196874231840 bend    2    3    1
       -0.3962337814312 bend    5    4    1
       -0.3953356171319 bend    5    3    1
       -0.3955901504708 bend    5    2    1
   6 k -0.3389889094257 bend    3    4    1      val=   0.00266
       -0.3439750246558 bend    2    4    1
        0.6835832835961 bend    2    3    1
       -0.4469270759973 bend    5    4    1
        0.2250572899244 bend    5    3    1
        0.2215558644671 bend    5    2    1
   7 k -0.6404664521305 bend    3    4    1      val=   0.01730
        0.6382876921834 bend    2    4    1
        0.0037719563367 bend    2    3    1
       -0.0016663043789 bend    5    4    1
       -0.3015731013163 bend    5    3    1
        0.3023709742024 bend    5    2    1
   8 k  0.2213103051974 bend    3    4    1      val=   0.03268
        0.2247772960664 bend    2    4    1
       -0.4471892848431 bend    2    3    1
       -0.6829213202748 bend    5    4    1
        0.3445533880177 bend    5    3    1
        0.3397353273176 bend    5    2    1
   9 k  0.3025866060552 bend    3    4    1      val=   0.02624
       -0.3013577309404 bend    2    4    1
       -0.0014002484328 bend    2    3    1
       -0.0029709509439 bend    5    4    1
       -0.6376266375922 bend    5    3    1
        0.6411289633343 bend    5    2    1
  10 k  1.0000000000000 stre    5    7           val=   2.08381
  11 k  1.0000000000000 stre    5    6           val=   2.08398
  12 k  0.0082768615525 bend    6    7    5      val=   0.12692
       -0.5007381481744 bend    1    7    5
       -0.5006415243915 bend    1    6    5
        0.5001848500116 bend    8    7    5
        0.4983633016180 bend    8    6    5
  13 k  0.0022529076688 bend    6    7    5      val=   0.06080
       -0.5049051343092 bend    1    7    5
        0.5039057747679 bend    1    6    5
       -0.4952170508107 bend    8    7    5
        0.4958878628251 bend    8    6    5
  14 k  0.9049558186428 bend    6    7    5      val=   1.67882
       -0.2080023912111 bend    1    7    5
       -0.2093248254129 bend    1    6    5
       -0.2153112220612 bend    8    7    5
       -0.2182067063026 bend    8    6    5
  15 k -0.0006416281503 bend    6    7    5      val=   0.06751
       -0.4948013404963 bend    1    7    5
        0.4963079963097 bend    1    6    5
        0.5041980430476 bend    8    7    5
       -0.5046126513895 bend    8    6    5
  16 k  1.0000000000000 stre    8    9           val=   2.08009
  17 k  1.0000000000000 stre    8   10           val=   2.08194
  18 k  0.0047955734544 bend   10    9    8      val=   0.11398
        0.4996474108026 bend   11    9    8
        0.5002797280527 bend   11   10    8
       -0.5024905723153 bend    5    9    8
       -0.4975468679304 bend    5   10    8
  19 k  0.0062846501649 bend   10    9    8      val=   0.09155
       -0.5021392566094 bend   11    9    8
        0.4976887061301 bend   11   10    8
       -0.4994676943356 bend    5    9    8
        0.5006542162507 bend    5   10    8
  20 k  0.9021822119252 bend   10    9    8      val=   1.20783
       -0.2157598652875 bend   11    9    8
       -0.2198477574350 bend   11   10    8
       -0.2091343969257 bend    5    9    8
       -0.2178180538667 bend    5   10    8
  21 k -0.0017680384332 bend   10    9    8      val=   0.20301
       -0.4981962223419 bend   11    9    8
        0.5019653787220 bend   11   10    8
        0.4996347482416 bend    5    9    8
       -0.5001932376576 bend    5   10    8
  22 k  1.0000000000000 stre   11   12           val=   2.07734
  23 k  1.0000000000000 stre   11   13           val=   2.08050
  24 k  0.2407009779712 bend   13   12   11      val=   3.34206
       -0.5179204189568 bend    8   12   11
       -0.5017521263615 bend    8   13   11
        0.4672685633602 bend   17   12   11
        0.4513605789370 bend   17   13   11
  25 k  0.0506893483225 bend   13   12   11      val=   1.13961
       -0.6199604407533 bend    8   12   11
        0.6277524714649 bend    8   13   11
       -0.3448195678424 bend   17   12   11
        0.3163952307957 bend   17   13   11
  26 k  0.8727165832113 bend   13   12   11      val=   2.69460
       -0.0587802785658 bend    8   12   11
       -0.1254009937424 bend    8   13   11
       -0.3134287168210 bend   17   12   11
       -0.3477753218387 bend   17   13   11
  27 k  0.0042133797540 bend   13   12   11      val=  -0.11565
        0.3244805360811 bend    8   12   11
       -0.3375588252633 bend    8   13   11
       -0.6164620875748 bend   17   12   11
        0.6330269845791 bend   17   13   11
  28 k  1.0000000000000 stre   17   14           val=   2.72666
  29 k  1.0000000000000 stre   17   18           val=   2.74443
  30 k  0.0076632533624 bend   18   14   17      val=   0.19234
        0.5381877938258 bend   15   14   17
       -0.4994584399675 bend   15   18   17
        0.4625530468767 bend   11   14   17
       -0.4968713301198 bend   11   18   17
  31 k  0.0662013343156 bend   18   14   17      val=   2.30339
        0.4736644262826 bend   15   14   17
        0.5181626664878 bend   15   18   17
       -0.5155855612603 bend   11   14   17
       -0.4867631607747 bend   11   18   17
  32 k -0.8616520416762 bend   18   14   17      val=   2.05707
        0.2816273027689 bend   15   14   17
        0.2822519469097 bend   15   18   17
        0.2257554448717 bend   11   14   17
        0.2181974770403 bend   11   18   17
  33 k -0.0024246077202 bend   18   14   17      val=   0.59616
        0.4849337633683 bend   15   14   17
       -0.4748937856855 bend   15   18   17
       -0.5208467228914 bend   11   14   17
        0.5177141585793 bend   11   18   17
  34 k  1.0000000000000 tors   16   15   17   11 val= 110.14163
  35 k  1.0000000000000 stre   15   16           val=   1.84842
  36 k  1.0000000000000 bend   17   16   15      val= 106.39681
  37 k  1.0000000000000 tors    1    5    8   11 val= 180.80093
  38 k  1.0000000000000 stre    5    1           val=   2.89206
  39 k  1.0000000000000 bend    8    1    5      val= 112.66047
  40 k  1.0000000000000 tors   15   17   11    8 val= -64.30209
  41 k  1.0000000000000 stre   17   15           val=   3.09679
  42 k  1.0000000000000 bend   11   15   17      val= 101.37131
  43 k  1.0000000000000 tors    5    8   11   17 val= 183.90525
  44 k  1.0000000000000 stre    8    5           val=   2.90149
  45 k  1.0000000000000 bend   11    5    8      val= 111.81115
  46 k  1.0000000000000 stre   11   17           val=   3.40014
  47 k  1.0000000000000 bend    8   17   11      val= 114.67762
  48 k  1.0000000000000 stre    8   11           val=   2.88519
        48 non zero eigenvalues  of BmBt
           1           5.120680365    1    0
         1
           2           4.430689381    2    0
         2
           3           4.234318917    3    0
         3
           4           3.810597087    4    0
         4
           5           3.753610973    5    0
         5
           6           3.447949597    6    0
         6
           7           3.248274900    7    0
         7
           8           3.018197959    8    0
         8
           9           2.972733778    9    0
         9
          10           2.774384473   10    0
        10
          11           2.452868407   11    0
        11
          12           2.375881992   12    0
        12
          13           2.311637382   13    0
        13
          14           2.119471489   14    0
        14
          15           1.784860385   15    0
        15
          16           1.368255435   16    0
        16
          17           0.996246853   17    0
        17
          18           0.877088822   18    0
        18
          19           0.786639433   19    0
        19
          20           0.779418591   20    0
        20
          21           0.758009620   21    0
        21
          22           0.752770678   22    0
        22
          23           0.744935475   23    0
        23
          24           0.688219135   24    0
        24
          25           0.681193099   25    0
        25
          26           0.635001606   26    0
        26
          27           0.613750303   27    0
        27
          28           0.466966267   28    0
        28
          29           0.448136791   29    0
        29
          30           0.408088790   30    0
        30
          31           0.376376618   31    0
        31
          32           0.349428133   32    0
        32
          33           0.311510556   33    0
        33
          34           0.292643324   34    0
        34
          35           0.283321108   35    0
        35
          36           0.260463430   36    0
        36
          37           0.231504995   37    0
        37
          38           0.200342710   38    0
        38
          39           0.184224883   39    0
        39
          40           0.181194373   40    0
        40
          41           0.162874466   41    0
        41
          42           0.097358363   42    0
        42
          43           0.063152717   43    0
        43
          44           0.050157221   44    0
        44
          45           0.045714489   45    0
        45
          46           0.029405938   46    0
        46
          47           0.021091696   47    0
        47
          48           0.011168738   48    0
        48
$user-defined bonds
$end
