$coord
    1.03497122814236      0.18309042924817      0.00000000000000      si
   -2.26792722953240     -1.17433474684024      0.00000000000000      h
    0.67156351637781      2.93262233071021      0.00000000000000      h
    1.54298939955750     -1.10735972918999      2.39676298355246      h
    1.54298939955750     -1.10735972918999     -2.39676298355246      h
   -2.52458631410279      0.27334144526186      0.00000000000000      h
$user-defined bonds
$redundant
     number_of_atoms             6
     degrees_of_freedom          8
     internal_coordinates        8
     frozen_coordinates          0
# definitions of redundant internals
   1 k  1.0000000000000 stre    1    2           val=   3.57096
   2 k  1.0000000000000 stre    1    3           val=   2.77344
   3 k  1.0000000000000 stre    2    6           val=   1.47025
   4 k  1.0000000000000 stre    6    1           val=   3.56070
   5 k  1.0000000000000 stre    1    4           val=   2.76908
   6 k -0.6875926356908 bend    5    4    1      val=  16.48803
        0.3133160206238 bend    3    4    1
        0.3133160206238 bend    3    5    1
       -0.1410526186148 bend    2    4    1
       -0.1410526186148 bend    2    5    1
        0.3966764854500 bend    2    3    1
        0.0045608189659 bend    6    4    1
        0.0045608189659 bend    6    5    1
        0.3656459915004 bend    6    3    1
   7 k  0.0290606815037 bend    5    4    1      val=  67.29968
       -0.1802644733999 bend    3    4    1
       -0.1802644733999 bend    3    5    1
        0.4161573806264 bend    2    4    1
        0.4161573806264 bend    2    5    1
        0.3723148245802 bend    2    3    1
        0.4337707386682 bend    6    4    1
        0.4337707386682 bend    6    5    1
        0.2699232281573 bend    6    3    1
   8 k  0.4296710803628 bend    5    4    1      val=  -0.17052
       -0.2168707564918 bend    3    4    1
       -0.2168707564918 bend    3    5    1
       -0.2036704723005 bend    2    4    1
       -0.2036704723005 bend    2    5    1
        0.4873243494840 bend    2    3    1
       -0.2740373077263 bend    6    4    1
       -0.2740373077263 bend    6    5    1
        0.5006752205085 bend    6    3    1
         8 non zero eigenvalues  of BmBt
           1           3.602907261    1    0
         1
           2           3.213087299    2    0
         2
           3           1.980194489    3    0
         3
           4           1.000000000    4    0
         4
           5           0.999103165    5    0
         5
           6           0.551534280    6    0
         6
           7           0.425004612    7    0
         7
           8           0.404952236    8    0
         8
$end
