$coord
   -0.64778000860578      0.22893908448439      0.00000000000000      c
    2.03918691069071      0.37513887992595      0.00000000000000      o
   -1.37640342082155     -0.72778608687846     -1.68320106191962      h
   -1.37640342082155     -0.72778608687846      1.68320106191962      h
   -1.34803025586572      2.16277396118174      0.00000000000000      h
    2.70943019542391     -1.31127975183514      0.00000000000000      h
$redundant
     number_of_atoms             6
     degrees_of_freedom          8
     internal_coordinates        8
     frozen_coordinates          0
# definitions of redundant internals
   1 k  1.0000000000000 stre    1    5           val=   2.05671
   2 k  1.0000000000000 stre    2    6           val=   1.81473
   3 k  1.0000000000000 stre    1    2           val=   2.69094
   4 k  0.3836628244400 bend    4    5    1      val=   0.77229
        0.3836628244400 bend    3    5    1
        0.4720271929120 bend    3    4    1
       -0.4174299518403 bend    2    5    1
       -0.3927774425445 bend    2    4    1
       -0.3927774425445 bend    2    3    1
   5 k  1.0000000000000 stre    1    3           val=   2.06867
   6 k  0.3843533649266 bend    4    5    1      val=   2.26767
        0.3843533649266 bend    3    5    1
       -0.6444705008163 bend    3    4    1
        0.4217541158146 bend    2    5    1
       -0.2359303086827 bend    2    4    1
       -0.2359303086827 bend    2    3    1
   7 k  1.0000000000000 bend    1    6    2      val= 108.56022
   8 k  0.2285680863156 bend    4    5    1      val=   1.60975
        0.2285680863156 bend    3    5    1
       -0.4292974823842 bend    3    4    1
       -0.6970219924758 bend    2    5    1
        0.3356912818794 bend    2    4    1
        0.3356912818794 bend    2    3    1
         8 non zero eigenvalues  of BmBt
           1           3.555020701    1    0
         1
           2           3.251548062    2    0
         2
           3           2.146180110    3    0
         3
           4           1.248955390    4    0
         4
           5           0.851907874    5    0
         5
           6           0.695888200    6    0
         6
           7           0.453141411    7    0
         7
           8           0.260620677    8    0
         8
$user-defined bonds
$end
