$coord
       -2.39199626099999       -0.51099890699999        0.00000000000000      C
       -2.45432698399999       -1.72854180299999        1.66575755599999      H
       -2.45432698399999       -1.72854180400000       -1.66575755599999      H
       -4.09408946899999        0.65229751600000        0.00000000000000      H
        0.00000000000000        1.10037044500001        0.00000000000000      C
        0.00000000000000        2.33780837700000       -1.65443998699999      H
        0.00000000000000        2.33780837700000        1.65443998699999      H
        2.39199626099999       -0.51099890699999        0.00000000000000      C
        2.45432698300000       -1.72854180400000       -1.66575755599999      H
        4.09408946899999        0.65229751600000        0.00000000000000      H
        2.45432698300000       -1.72854180400000        1.66575755599999      H
$end
