$coord
       -3.23273535499999       -1.09530219200001        0.00587704800000      H
       -1.09530219200001        3.23273535499999       -0.00587704800000      H
        3.93395030900001        3.68397168499999       -1.55627250100000      H
       -3.93395030900001       -3.68397168499999       -1.55627250100000      H
       -3.68397168499999        3.93395030900001        1.55627250100000      H
        3.23273535499999        1.09530219200001        0.00587704800000      H
        1.09530219200001       -3.23273535499999       -0.00587704800000      H
        3.68397168499999       -3.93395030900001        1.55627250100000      H
       -3.01730848100000        3.01730848100000        0.01199031100000      N
       -3.01730848100000       -3.01730848100000       -0.01199031100000      N
        3.01730848100000        3.01730848100000       -0.01199031100000      N
        3.01730848100000       -3.01730848100000        0.01199031100000      N
        3.93863493900001        3.71415249900000        1.51609314699999      H
       -3.71415249900000        3.93863493900001       -1.51609314699999      H
       -3.93863493900001       -3.71415249900000        1.51609314699999      H
        3.71415249900000       -3.93863493900001       -1.51609314699999      H
$end
