$coord
    3.18163193430671      1.15382610094179      0.00000000000000  c
    3.18163193430671     -1.15382610094179      0.00000000000000  c
   -0.59157325218823     -3.33228713107231      0.00000000000000  c
   -2.59005868211849     -2.17846103013055      0.00000000000000  c
   -2.59005868211849      2.17846103013055      0.00000000000000  c
   -0.59157325218823      3.33228713107231      0.00000000000000  c
    4.05312680129393      2.96496040026749      0.00000000000000  h
    4.05312680129393     -2.96496040026749      0.00000000000000  h
    0.54116762719955     -4.99259097481386      0.00000000000000  h
   -4.59429442849349     -2.02763057454636      0.00000000000000  h
   -4.59429442849349      2.02763057454636      0.00000000000000  h
    0.54116762719955      4.99259097481386      0.00000000000000  h
$end
