$coord
    0.83947629833333      5.73453053684848      0.80762645548485      n
    2.89784710533333      4.66239638584848     -0.36623164551515      c
    2.24699334833333      2.34027652284848     -1.35587736751515      c
   -0.38024167366667      1.97159476084848     -0.76816691551515      c
   -2.10258518366667     -0.01053127115152     -1.24773212851515      c
   -4.55536826166667      0.22577896384848     -0.35580035851515      c
   -5.33765057066667      2.41506998784849      0.97497491948485      c
   -3.68557841066667      4.37762790784848      1.45429635848485      c
   -1.19716643966667      4.13026277484848      0.57947416748485      c
    0.80688230433333      7.45041496484848      1.61394041048485      h
    4.68572064433333      5.63810915784848     -0.42800489851515      h
   -1.49453183166667     -1.67734707315152     -2.24910926951515      h
   -7.27430979566667      2.49389990684849      1.62091727848485      h
   -4.30356794266667      6.03493082884848      2.48160431948485      h
   -6.39739378866667     -1.55917872815152     -0.64346389751515      o
   -5.62976819366667     -3.88464340615152     -1.75422026751515      c
   -5.05287453366667     -3.61153453715152     -3.71862256051515      h
   -4.09059582366667     -4.74549296315152     -0.68694082251515      h
   -7.28288537266667     -5.09920431515152     -1.70200146951515      h
    4.01965648333333      0.58488926284848     -2.69395832651515      c
    5.01944625433333     -1.58096537915152     -1.03064229651515      c
    3.13502472433333     -3.47958819915151     -0.43359848751515      n
    1.69688277433333     -3.72596689415152      1.70055411148485      c
    2.32308694533333     -2.01293028415152      3.90262913148485      c
    3.10936791433333     -0.23062387815152     -4.36096688051515      h
    5.64748912833333      1.66024917584848     -3.37488707151515      h
    6.58043929033333     -2.51556338215152     -2.00662340951515      h
    5.77218458733333     -0.81377064215152      0.72225619448485      h
    2.60293835633333     -4.66044395515152     -1.83132486751515      h
    0.00457456833333     -5.30242733815152      1.80530729248485      o
    4.25611978633333     -2.32123152015152      4.54739230048485      h
    2.11999242333333     -0.03373521615152      3.37377230548485      h
    1.02039488533333     -2.45485215515152      5.42342769548485      h
$user-defined bonds
$end
