$coord
    1.57890414799910      2.10735488950101     -2.20879802836901      c
    2.80497122490260      3.74280245871230     -2.21232646004887      h
    2.61401627232161     -0.31397775296784     -2.20432796419559      c
    4.64334397886661     -0.55786100545255     -2.20620492379200      h
    1.03473388555428     -2.42134180107298     -2.20825762518755      c
    1.83858826251796     -4.30065202292045     -2.21185936963185      h
   -1.57890414799910     -2.10735488950101     -2.20879802836901      c
   -2.80497122490260     -3.74280245871230     -2.21232646004887      h
   -2.61401627232161      0.31397775296784     -2.20432796419559      c
   -4.64334397886661      0.55786100545255     -2.20620492379200      h
   -1.03473388555428      2.42134180107298     -2.20825762518755      c
   -1.83858826251796      4.30065202292045     -2.21185936963185      h
    1.23924580862765     -0.22070181263415      4.42291424597587      c
    1.97899941857347     -2.12388044330647      4.41447255965397      h
    2.59053933062730      1.31009712664270      4.41440738002953      h
   -1.23924580862765      0.22070181263415      4.42291424597587      c
   -2.59053933062730     -1.31009712664270      4.41440738002953      h
   -1.97899941857347      2.12388044330647      4.41447255965397      h
$user-defined bonds
$end
