$coord
        0.69472946686340        3.60784056646554       -0.01706611670609      C
        1.89244544879086        3.68609790508059       -1.68981389501380      H
       -0.84011743662309        5.81529391297777       -0.12943490174588      O
       -0.84011743662309        1.17392432991442       -0.02256333002665      C
       -2.07303712668008        1.14821271615038        1.63893679833811      H
       -2.06668386742131        1.17312497576021       -1.68208113567805      H
        0.84011743662309       -1.17392432991442       -0.02256333002665      C
        2.07303712668008       -1.14821271615038        1.63893679833811      H
        2.06668386742131       -1.17312497576021       -1.68208113567805      H
       -1.86817380634007        5.83911958006121        1.36721496741663      H
        1.93589214231204        3.65542387049160        1.63901238738344      H
       -0.69472946686340       -3.60784056646554       -0.01706611670609      C
       -1.93589214231204       -3.65542387049160        1.63901238738344      H
       -1.89244544879086       -3.68609790508059       -1.68981389501380      H
        0.84011743662309       -5.81529391297777       -0.12943490174588      O
        1.86817380634007       -5.83911958006121        1.36721496741663      H
$end
