$coord
       -2.88683254333332        0.86544421333332       -0.40357320791667      O
       -1.10249222533333        0.82047565633332       -0.78933361391668      H
       -3.86179977833333       -1.56853301366668       -0.90499267191667      C
       -5.86090238333332       -1.54014481166666       -0.43502478291668      H
       -3.68141566833333       -2.10026992566666       -2.89194535691667      H
       -2.95996648433333       -3.03304227666667        0.23876757508334      H
        2.49237492166667        0.67866490533332       -0.95669982691666      O
        3.37825826466667        1.83968330833333       -2.03321238591667      H
        3.45393161566668        0.97538767333332        1.54098375308332      C
        2.40783773766667       -0.32511500066667        2.73175845408332      H
        5.45514407366667        0.50212677733332        1.64817494608333      H
        3.16586246966668        2.88532249433332        2.25509711808334      H
$end
