$coord
       -4.45105392510502       -1.59739508618355       -1.03654796853476      N
       -4.45271946810651       -2.81168604931023       -2.50941199146143      H
       -2.30913783859581       -1.65712431681357        0.66465483176143      C
       -2.85132079581481       -2.28929957559124        2.55219870282892      H
       -0.35565642045585       -3.50333046180867       -0.42234450518453      C
       -1.06408362413165        0.92080529924331        1.01419655867710      C
       -1.30549144051692       -5.31679511870411       -0.67514453364353      H
        0.15857868749740       -2.80845537919445       -2.29785540580247      H
        2.03209745259329       -3.81190574950132        1.19287178172224      C
        0.07722699832818        1.42380638230635        2.98470782187374      O
        2.17483535997976       -5.74585573712424        1.89071143765542      H
        1.92601938872902       -2.59437156618478        2.84606046420393      H
        4.43312371017632       -3.20425155672191       -0.28506482253174      C
        4.62950152053948       -4.56048614121386       -1.82523900355594      H
        6.07607561725505       -3.41104270887958        0.94155178122328      H
        4.39059950654216       -0.68094784938697       -1.42243131806604      N
        4.77648964438246       -0.67137416437189       -3.29090169048692      H
        5.73393614038473        1.29479292948407       -0.32360256391292      C
        6.94296026045843        2.81810923535715       -1.78229251425996      N
        5.59179317420557        1.32426384339338        2.29626933950877      N
        7.62825970605880        4.29202083681860       -0.75820940951458      H
        3.78909402601231        1.15022280423201        2.93679743652842      H
        6.43028448919415        2.86411059302247        3.04247141052622      H
       -1.25299852978523        2.50055085558889       -0.96141454134152      N
        0.14883709652622        4.84855470446851       -1.09036481632704      C
       -2.20401690329424        1.86153250068433       -2.48047162709027      H
        0.42147457590948        5.53265625203333        0.82542184069091      H
       -0.92546408160760        6.23260620283280       -2.16084586739295      H
        1.99329056761262        4.57278792511888       -1.96620044592356      H
       -6.80941462789126       -0.62922318791624       -0.49882592837094      C
       -7.01378622653752        0.88541927839497        1.90463222072707      C
       -8.58345881983099       -0.97311547703452       -1.93304714010506      O
       -8.94881557060574        1.53262781784113        2.08757031958258      H
       -6.51222613401539       -0.25406191624082        3.54364810466503      H
       -5.74159233957035        2.50196346830902        1.86140079235464      H
$end
