$coord
       -1.94755149912216       -0.81696414721991        0.00000000000000      N
       -3.42516828552091        1.29183722734921        0.00000000000000      C
       -2.05301836308370        3.36562678822432        0.00000000000000      N
        0.41007760553014        2.53993846862102        0.00000000000000      C
        0.53547815628098       -0.05387890664994        0.00000000000000      C
        2.69762941066883       -1.84966216103442        0.00000000000000      C
        1.96940654811829        3.84564302575017        0.00000000000000      H
       -5.45625830146747        1.20082910007621        0.00000000000000      H
        2.68627801315654       -3.05784808114123       -1.66744019075134      H
        4.45858551326153       -0.79426386590720        0.00000000000000      H
        2.68627801315654       -3.05784808114123        1.66744019075134      H
       -2.56173681097855       -2.61340936692699        0.00000000000000      H
$end
