$coord
   -2.03117450314167     -1.14507538473333     -1.98415437282500      c
   -1.37915007194167     -3.11816651353333     -2.04532864642500      h
   -1.38128521854167     -0.20944528173333     -3.72332236252500      h
   -4.10629345754167     -1.16689157473333     -2.01893950762500      h
   -1.05804443904167      0.21458762926667      0.37189266787500      c
   -1.76911102664167      2.16751676086667      0.42390571567500      h
   -1.76931819204167     -0.71723773523333      2.08872885737500      h
    1.85651827595833      0.26921434706667      0.46796195287500      c
    2.61472990615833     -1.67092979193333      0.44780307107500      h
    2.61494070365833      1.21939443746667     -1.22331146332500      h
    2.83614780965833      1.56016485576667      2.70116451117500      c
    3.57204021345833      2.59686825146667      4.49359957667500      n
$redundant
     number_of_atoms            12
     degrees_of_freedom         30
     internal_coordinates       30
     frozen_coordinates          0
# definitions of redundant internals
   1 k  1.0000000000000 stre   12   11           val=   2.19752
   2 k  1.0000000000000 linc   12    8   11    9 val=  -0.65359
   3 k  1.0000000000000 linp   12    8   11    9 val=   1.04290
   4 k  1.0000000000000 tors    4    1    5    8 val=  59.94507
        1.0000000000000 tors    2    1    5    8
        1.0000000000000 tors    3    1    5    8
   5 k  1.0000000000000 stre    1    4           val=   2.07553
   6 k  1.0000000000000 stre    1    2           val=   2.07893
   7 k  1.0000000000000 stre    1    3           val=   2.07905
   8 k  0.4173766055805 bend    2    4    1      val=   1.52591
        0.4176007939941 bend    3    4    1
        0.4260322626387 bend    3    2    1
       -0.3978828470374 bend    5    4    1
       -0.3947581853789 bend    5    2    1
       -0.3946619721614 bend    5    3    1
   9 k  0.3466658566326 bend    2    4    1      val=   0.26142
        0.3471009796993 bend    3    4    1
       -0.6807021289999 bend    3    2    1
        0.4427170924339 bend    5    4    1
       -0.2237764892851 bend    5    2    1
       -0.2234143330721 bend    5    3    1
  10 k  0.6373804870550 bend    2    4    1      val=   0.00394
       -0.6368864789239 bend    3    4    1
       -0.0002125798831 bend    3    2    1
        0.0000600705598 bend    5    4    1
        0.3065913172133 bend    5    2    1
       -0.3067954417787 bend    5    3    1
  11 k  0.2224683363219 bend    2    4    1      val=   0.17533
        0.2231590968081 bend    3    4    1
       -0.4435065868301 bend    3    2    1
       -0.6856978520999 bend    5    4    1
        0.3424918742201 bend    5    2    1
        0.3413612983380 bend    5    3    1
  12 k -0.3068619029442 bend    2    4    1      val=   0.00242
        0.3065245822063 bend    3    4    1
        0.0003525028524 bend    3    2    1
        0.0006941574236 bend    5    4    1
        0.6368047001890 bend    5    2    1
       -0.6374618582544 bend    5    3    1
  13 k  1.0000000000000 stre    5    7           val=   2.07888
  14 k  1.0000000000000 stre    5    6           val=   2.07900
  15 k  0.0378785716603 bend    6    7    5      val=   0.59606
       -0.5027511256234 bend    1    7    5
       -0.5027010409588 bend    1    6    5
        0.4964729845921 bend    8    7    5
        0.4966012066866 bend    8    6    5
  16 k -0.0000238849714 bend    6    7    5      val=   0.00554
        0.5175331164897 bend    1    7    5
       -0.5175245577557 bend    1    6    5
        0.4819274433880 bend    8    7    5
       -0.4817403285954 bend    8    6    5
  17 k  0.9019452227819 bend    6    7    5      val=   1.00364
       -0.1966372394328 bend    1    7    5
       -0.1967832136638 bend    1    6    5
       -0.2335736832151 bend    8    7    5
       -0.2335558016805 bend    8    6    5
  18 k -0.0000645430450 bend    6    7    5      val=   0.00671
        0.4818801576064 bend    1    7    5
       -0.4817876156693 bend    1    6    5
       -0.5175220522262 bend    8    7    5
        0.5175356300649 bend    8    6    5
  19 k  1.0000000000000 tors   11    8    5    1 val=  59.95840
        1.0000000000000 tors   10    8    5    1
        1.0000000000000 tors    9    8    5    1
  20 k  1.0000000000000 stre    8   11           val=   2.75924
  21 k  1.0000000000000 stre    8   10           val=   2.08290
  22 k  1.0000000000000 stre    8    9           val=   2.08313
  23 k  0.4792230075582 bend   10   11    8      val=   1.06219
        0.4791883626917 bend    9   11    8
        0.1938920035670 bend    9   10    8
       -0.1147065343142 bend    5   11    8
       -0.4950045886416 bend    5   10    8
       -0.4949167417353 bend    5    9    8
  24 k -0.1843009763544 bend   10   11    8      val=   2.37068
       -0.1841827868538 bend    9   11    8
        0.8366067396202 bend    9   10    8
       -0.4783831709245 bend    5   11    8
        0.0408729610631 bend    5   10    8
        0.0409628758001 bend    5    9    8
  25 k  0.6107375657181 bend   10   11    8      val=   0.00680
       -0.6106287601886 bend    9   11    8
        0.0000522194021 bend    9   10    8
       -0.0001563531294 bend    5   11    8
        0.3565340119221 bend    5   10    8
       -0.3563925002309 bend    5    9    8
  26 k -0.3555425617201 bend   10   11    8      val=  -0.00860
        0.3573808056373 bend    9   11    8
       -0.0011002140287 bend    9   10    8
       -0.0025051459703 bend    5   11    8
        0.6115776672797 bend    5   10    8
       -0.6097816963676 bend    5    9    8
  27 k  0.2742396536658 bend   10   11    8      val=   0.20570
        0.2721068970571 bend    9   11    8
       -0.3400943597381 bend    9   10    8
       -0.7563403425298 bend    5   11    8
        0.2834394957188 bend    5   10    8
        0.2875719282791 bend    5    9    8
  28 k  1.0000000000000 stre    5    1           val=   2.88905
  29 k  1.0000000000000 stre    5    8           val=   2.91666
  30 k  1.0000000000000 bend    8    1    5      val= 111.85553
        30 non zero eigenvalues  of BmBt
           1           5.900948150    1    0
         1
           2           4.163338044    2    0
         2
           3           3.830235740    3    0
         3
           4           3.471816300    4    0
         4
           5           3.280370809    5    0
         5
           6           3.110646811    6    0
         6
           7           2.607860549    7    0
         7
           8           2.360884912    8    0
         8
           9           2.243298367    9    0
         9
          10           1.686066257   10    0
        10
          11           1.087849519   11    0
        11
          12           0.945638564   12    0
        12
          13           0.876746640   13    0
        13
          14           0.796058091   14    0
        14
          15           0.771422188   15    0
        15
          16           0.745350774   16    0
        16
          17           0.681201816   17    0
        17
          18           0.675869748   18    0
        18
          19           0.458638201   19    0
        19
          20           0.435702233   20    0
        20
          21           0.398175984   21    0
        21
          22           0.393968129   22    0
        22
          23           0.299835518   23    0
        23
          24           0.294891480   24    0
        24
          25           0.259693194   25    0
        25
          26           0.241616973   26    0
        26
          27           0.162793559   27    0
        27
          28           0.091919077   28    0
        28
          29           0.078283336   29    0
        29
          30           0.037211515   30    0
        30
$user-defined bonds
$end
