$coord
   -4.60490827400318     -2.37587088897872     -0.17803654375257      c
   -2.18711423595477     -1.82477232451664      0.36392670663791      c
   -0.74446914919049     -3.35846384944551      1.89601536586087      o
   -0.87641133956948      0.37559436002467     -0.60387234382497      c
    1.50708114560524      1.15462753323792     -0.09893544241918      c
    3.14225039695223      0.05153467412677      1.60681526896370      n
    2.54585301838614      3.49037381999393     -1.31806995828199      c
   -5.68255634868025     -1.14059565529710     -1.38313417390030      h
   -5.51347291396770     -4.04440684568146      0.56922466398847      h
   -1.78469365444974     -4.74774325918971      2.43153937445354      h
   -1.97137402993911      1.53197522841183     -1.87732193511701      h
    2.69474548525926     -1.70056894059705      2.18840550944296      h
    4.98917253217450      0.33573417773110      1.27346304377995      h
    1.17799233154990      4.33328427184144     -2.59183022055028      h
    4.24661334099730      3.04497727574742     -2.39501845634466      h
    3.06129169483021      4.87432042259113      0.11682914106360      h
$user-defined bonds
$end
