$coord
        0.00000000000000        0.00000000000000        2.00070631441971      C
        0.00000000000000       -2.27902626991272        3.32094299731157      C
        0.00000000000000       -2.28123402595520        5.95506370005509      C
        0.00000000000000        0.00000000000000        7.27217423853775      C
        0.00000000000000        2.28123402595520        5.95506370005509      C
        0.00000000000000        2.27902626991272        3.32094299731157      C
       -2.63439869880677        0.00000000000000       -4.63825810017686      C
       -1.31722795963287        2.28134942054749       -4.63915646138290      C
        1.31722795963287        2.28134942054749       -4.63915646138290      C
        2.63439869880677        0.00000000000000       -4.63825810017686      C
        1.31722795963287       -2.28134942054749       -4.63915646138290      C
       -1.31722795963287       -2.28134942054749       -4.63915646138290      C
        0.00000000000000        0.00000000000000       -0.04136215212444      H
        0.00000000000000       -4.04711198806762        2.29434406695266      H
        0.00000000000000       -4.05075311660767        6.97817075190445      H
        0.00000000000000        0.00000000000000        9.31605517802138      H
        0.00000000000000        4.05075311660767        6.97817075190445      H
        0.00000000000000        4.04711198806762        2.29434406695266      H
       -4.67782831192018        0.00000000000000       -4.63101971211532      H
       -2.33992028236390        4.05075311660767       -4.63735878529649      H
        2.33992028236390        4.05075311660767       -4.63735878529649      H
        4.67782831192018        0.00000000000000       -4.63101971211532      H
        2.33992028236390       -4.05075311660767       -4.63735878529649      H
       -2.33992028236390       -4.05075311660767       -4.63735878529649      H
$end
