$coord
    2.63280082953244      0.06858065997960     -2.06692166411142      c
    1.37578977358639     -2.24575397843719     -2.06696208416356      c
   -1.25700782101558     -2.31436273146963     -2.06692166411142      c
   -2.63277488276977     -0.06859190497406     -2.06696208416356      c
   -1.37579300851685      2.24578207149004     -2.06692166411142      c
    1.25698510918338      2.31434588341125     -2.06696208416356      c
    0.00000000000000      0.00000000000000      4.95511331883116      c
    2.44333864460454     -3.98834535950847     -2.06401104915089      h
   -2.23237727870502     -4.11017081612771     -2.06398068588515      h
   -4.67567772270238     -0.12182065652153     -2.06401104915089      h
   -2.44332370130750      3.98838084225358     -2.06398068588515      h
    2.23233907809785      4.11016601603000     -2.06401104915089      h
    4.67570098001253      0.12178997387413     -2.06398068588515      h
    1.10903818780352      1.58392015078835      5.64251605146779      h
   -1.92623418205055      0.16849516901073      5.64251605146779      h
    0.00000000000000      0.00000000000000      2.90296497669860      h
    0.81719599424703     -1.75241531979908      5.64251605146779      h
$user-defined bonds
$redundant
     number_of_atoms            17
     degrees_of_freedom         15
     internal_coordinates       19
     frozen_coordinates          0
# definitions of redundant internals
   1 k  1.0000000000000 tors   17    7   16    1 val=  83.50858
        1.0000000000000 tors   17    7   16    2
        1.0000000000000 tors   17    7   16    3
        1.0000000000000 tors   17    7   16    4
        1.0000000000000 tors   17    7   16    5
        1.0000000000000 tors   17    7   16    6
        1.0000000000000 tors   14    7   16    1
        1.0000000000000 tors   14    7   16    2
        1.0000000000000 tors   14    7   16    3
        1.0000000000000 tors   14    7   16    4
        1.0000000000000 tors   14    7   16    5
        1.0000000000000 tors   14    7   16    6
        1.0000000000000 tors   15    7   16    1
        1.0000000000000 tors   15    7   16    2
        1.0000000000000 tors   15    7   16    3
        1.0000000000000 tors   15    7   16    4
        1.0000000000000 tors   15    7   16    5
        1.0000000000000 tors   15    7   16    6
   2 k  1.0000000000000 stre    1   13           val=   2.04360
   3 k  1.0000000000000 stre   16    7           val=   2.05215
   4 k  1.0000000000000 stre    2    8           val=   2.04360
   5 k  0.4089957227055 bend   14   17    7      val=   0.10113
        0.4089957227055 bend   15   17    7
        0.4089957227055 bend   15   14    7
       -0.4074994872904 bend   16   17    7
       -0.4074994872904 bend   16   14    7
       -0.4074994872905 bend   16   15    7
   6 k  0.7071067813199 bend    2   13    1      val=  -0.00018
       -0.7071067810523 bend    6   13    1
        0.0000011259885 bend   16   13    1
   7 k  0.7071067813031 bend    1    8    2      val=  -0.00018
       -0.7071067810692 bend    3    8    2
        0.0000010161479 bend   16    8    2
   8 k  1.0000000000000 stre    7   17           val=   2.05214
   9 k  0.0008507019392 bend    1    8    2      val= 117.84099
        0.0008521389885 bend    3    8    2
        0.9999992750824 bend   16    8    2
  10 k  0.0008123737300 bend    2   13    1      val= 117.84153
        0.0008139661174 bend    6   13    1
        0.9999993387538 bend   16   13    1
  11 k  1.0000000000000 tors    3   16    1    2 val=  59.99993
        1.0000000000000 tors    3   16    1    6
        1.0000000000000 tors    4   16    1    2
        1.0000000000000 tors    4   16    1    6
        1.0000000000000 tors    5   16    1    2
        1.0000000000000 tors    5   16    1    6
  12 k  1.0000000000000 stre    1    2           val=   2.63367
  13 k  1.0000000000000 stre    1    6           val=   2.63369
  14 k  1.0000000000000 stre    1   16           val=   5.62460
  15 k  1.0000000000000 stre    2   16           val=   5.62462
  16 k  1.0000000000000 bend    6    2    1      val= 119.99903
  17 k  1.0000000000000 bend    3    1    2      val= 120.00097
  18 k  0.5401947410562 bend    3    1   16      val=  50.83551
        0.6452821338627 bend    4    1   16
        0.5401857175572 bend    4    2   16
  19 k -0.7071031618669 bend    3    1   16      val=   0.00004
        0.0000038283266 bend    4    1   16
        0.7071104004773 bend    4    2   16
        15 non zero eigenvalues  of BmBt
           1           3.384047013    1    0
         1
           2           2.821924901    2    0
         2
           3           2.017923081    3    0
         3
           4           2.017581412    4    0
         4
           5           1.204708137    5    0
         5
           6           1.026898624    6    0
         6
           7           0.957787811    7    0
         7
           8           0.765200333    8    0
         8
           9           0.574519891    9    0
         9
          10           0.522073025   10    0
        10
          11           1.567229550    0    0
         0.000000000         0.000000000         0.000000000         0.000000000
         0.000000000         0.000000000         0.000000000         0.000000000
         0.000000000         0.000000000        -0.207116070        -0.691772525
         0.691775763         0.000005978         0.000006655         0.000000798
        -0.000000798        -0.000000506         0.000000213
          12           1.407506270    0    0
         0.000000000         0.000000000         0.000000000         0.000000000
         0.000000000         0.000000000         0.000000000         0.000000000
         0.000000000         0.000000000         0.000002104         0.218649051
         0.218636358         0.671107858         0.671155535         0.000034886
        -0.000034887        -0.059625698         0.000007634
          13           1.123693429    0    0
         0.000000000         0.000000000         0.000000000         0.000000000
         0.000000000         0.000000000         0.000000000         0.000000000
         0.000000000         0.000000000        -0.000002002        -0.000018799
        -0.000021169        -0.380247565         0.380170722         0.589204850
        -0.589220427        -0.000001528         0.128603822
          14           0.475289978    0    0
         0.000000000         0.000000000         0.000000000         0.000000000
         0.000000000         0.000000000         0.000000000         0.000000000
         0.000000000         0.000000000         0.000000945         0.611227274
         0.611228297        -0.179886265        -0.179835907        -0.000005832
         0.000005829         0.433706314        -0.000007812
          15           0.270776745    0    0
         0.000000000         0.000000000         0.000000000         0.000000000
         0.000000000         0.000000000         0.000000000         0.000000000
         0.000000000         0.000000000         0.000004476        -0.000019485
        -0.000017832        -0.586538608         0.586546101        -0.350389622
         0.350324624        -0.000026469        -0.257751628
$end
