$coord
        0.24260826084935        3.43375834299554       -0.35177120004850      C
       -0.92015398509659        0.98127368837767        0.08771756047145      N
        0.92015398509659       -0.98127368837767        0.08771756047145      N
       -0.24260826084935       -3.43375834299554       -0.35177120004850      C
       -1.22794247971145        4.88094409487144       -0.28148656009316      H
        1.09468150390618        3.44802332598923       -2.22742000357556      H
        1.71755324656498        3.93259023515779        1.03130513128893      H
       -1.91188843798506        1.00178453250520        1.74165507195687      H
        1.91188843798506       -1.00178453250520        1.74165507195687      H
       -1.09468150390618       -3.44802332598923       -2.22742000357556      H
        1.22794247971145       -4.88094409487144       -0.28148656009316      H
       -1.71755324656498       -3.93259023515779        1.03130513128893      H
$end
