$coord
    1.88949762166867     -0.39491686380126     -0.82913279911430       n
    0.23844420499918      0.89643661093050      0.90765678826423       c
   -2.49746962392326     -0.05851125246123      0.95504857925193       c
   -3.99898274115606      0.83422596692261      2.47651217243375       o
    0.20613353433539      3.71210344852318      0.28006013950639       c
   -0.46755812811984      3.82178602539799     -2.33560065694389       o
    2.72731037995279      4.97835920556644      0.77068852721076       c
    2.06238364984609      0.35634838863471     -2.57636827949794       h
    0.92974854840167      0.69939361762026      2.83695981459206       h
   -1.27379119748896      4.55914410707703      1.44008257768984       h
   -0.51147132413897      5.57108013584227     -2.82767375909974       h
    2.64891860073593      6.96188291842252      0.22065363461951       h
    4.22456724561978      4.06283040636574     -0.30101057098630       h
    3.19630809697219      4.90043740923969      2.77379474494690       h
   -3.05073268981448     -1.90741011878229     -0.71176696740557       n
   -1.71302349332822     -2.34987759854456     -1.98764347020343       h
   -5.59100776112713     -2.88175446809734     -0.97643598605047       c
   -5.53705009391544     -4.90707007016143     -1.31243789278158       h
   -6.59144535820169     -2.49993223710576      0.77325349885704       h
   -6.59664360384784     -1.96498512434976     -2.52167155289756       h
    3.21840708851438     -2.57571092447808     -0.40251263015919       c
    4.50625341176907     -3.53871348312686     -2.06183970372306       o
    2.97984063952152     -3.68862704438505      2.21304327465323       c
    1.00750062747367     -3.98076251640596      2.72367336459902       h
    3.81958769213991     -2.43610301729507      3.61521871993030       h
    3.97311521599207     -5.48025953991400      2.23344149062616       h
$end
