$coord
    3.64315954788918      0.77875235990991     -0.58090559270131       c
    4.11958596215551      2.38476257010863      0.63785059998969       h
    4.50365390140318     -1.52844262162217      0.51194381693392       o
    0.82199307328260      0.78035295794446     -1.15559209669930       c
    0.37497079764397      2.51100194496379     -2.19680662947956       h
    0.37919622527710     -0.81184902340127     -2.38362306525050       h
   -0.81748418672953      0.65755288465115      1.21750330426490       c
   -0.36567145534404      2.24298964644115      2.46583371093556       h
   -0.44112633010403     -1.08376171666218      2.26157321323195       h
    3.72314409618969     -1.68888792920869      2.14204236614853       h
    4.71446230015724      0.98408622205700     -2.32530044761125       h
   -3.62749560797369      0.73362003067820      0.63907892197606       c
   -4.70700544083688      0.79279302507725      2.40153766899026       h
   -4.07079701285666      2.44146191299973     -0.44341289872482       h
   -4.23440761171577     -1.47896959146322     -0.77434173911575       o
   -6.00176641859254     -1.41496834679465     -1.18103158990020       h
$end
