$coord
        0.25260225030304        6.08383579209091        0.65282972275758      N
       -2.14257819969697        5.57697726709092       -0.24625088124243      C
       -2.26854544469696        3.13330077909091       -1.13326936324241      C
        0.20743968830302        2.07527910209092       -0.77401922524242      C
        1.25475795830302       -0.29653110690908       -1.32580787524243      C
        3.76668190030303       -0.74672052990910       -0.71113670224242      C
        5.26775550430304        1.15050767309092        0.42162174775757      C
        4.26728543230303        3.52420004909090        0.94885340975757      C
        1.73820088930304        3.96822518509091        0.34677725975758      C
        0.83765007830304        7.75699729509091        1.32520367875758      H
       -3.58821102369698        7.01257564509091       -0.19655108724242      H
        0.16668396830303       -1.77226159690908       -2.23029120624242      H
        7.21921128430304        0.78774831309092        0.88821777175758      H
        5.43882861930303        4.96642002709091        1.80425299675758      H
        4.64038159330303       -3.12728394890909       -1.26387210624242      O
        7.21647118130304       -3.63287446790908       -0.73190857124243      C
        7.62138276930302       -3.46349076890909        1.28511692075759      H
        8.46595800630304       -2.37505017190909       -1.78849216624242      H
        7.54252828330304       -5.56946188390909       -1.32695871924242      H
       -4.54109590569696        1.77999807709091       -2.14216950324243      C
       -6.03086327969697        0.40822141409092       -0.05802094424242      C
       -4.50475836469698       -1.33977134690909        1.41080259675758      N
       -3.86624262869698       -3.65965755490910        0.47980830075758      C
       -2.00321279769697       -5.14677742290908        2.06519580975758      C
       -3.96585764469697        0.39263117509091       -3.55409717424242      H
       -5.81442918269697        3.11045210209090       -3.07614011824242      H
       -7.57128286969696       -0.66632969590909       -0.89833106924241      H
       -6.82781553169698        1.78846405009091        1.24839198675757      H
       -3.43371647469697       -0.62978995390909        2.80904865175758      H
       -4.74355358869697       -4.48548670990909       -1.49566022724241      O
       -1.80601989069697       -4.39934921990910        3.97186319375759      H
       -0.16234567269698       -5.10447779590908        1.14203631775757      H
       -2.63329090669696       -7.10051977090909        2.15295657475759      H
$end
