$coord
        1.02204610415151        4.20123504284849       -1.72623972481817      N
        2.64649236015152        2.37003008684848       -2.61374386681818      C
        1.58646946315152        0.01496662984848       -2.29292130681818      C
       -0.82744761984848        0.42134275584848       -1.12375350581818      C
       -2.76105493684848       -1.21295464215150       -0.30405084181818      C
       -4.88846688284849       -0.17390959315153        0.80716662218183      C
       -5.15083832984848        2.46446536384847        1.12334612618182      C
       -3.27920646584849        4.11272783584848        0.32339487918182      C
       -1.12218629284848        3.06478406784847       -0.79550621081819      C
        1.38074444315152        6.06385669284848       -1.71650007681818      H
        4.46263242115151        2.88307746484847       -3.38021294981818      H
       -2.62279880384848       -3.24426268315153       -0.50099997481819      H
       -6.83251682684848        3.17713961584848        2.04107832518182      H
       -3.47834767984848        6.13158636184848        0.58427344118183      H
       -6.76448291184848       -1.76152508915152        1.70116008318182      O
       -8.91227555284848       -1.83435512915152        0.07752263018183      C
       -8.39292404784850       -2.54465777615152       -1.79048662881818      H
       -9.76093448684849        0.03575739484848       -0.12769972281818      H
      -10.26810859684850       -3.10806824115152        0.94795309818182      H
        2.81885993715151       -2.48074346315151       -2.77450285681818      C
        4.24724334215153       -3.44515000415152       -0.42669216881817      C
        6.35395145015153       -1.83069095015153        0.26103770018182      N
        6.28782804815150        0.22661783084847        1.84423123818181      C
        4.14630173915152        0.34360698684849        3.73725669018182      C
        4.15307073715153       -2.33445599515151       -4.34384848281819      H
        1.40605921315153       -3.88625929415151       -3.31775939481818      H
        4.96942102715152       -5.34429061015152       -0.78532247781818      H
        2.95875257315152       -3.57326964715152        1.17095210318181      H
        7.78423780915150       -1.71705983715151       -0.99644644481818      H
        7.95666018815153        1.82612159284848        1.77471388818181      O
        4.01391698415151       -1.40472403515153        4.81825176618182      H
        2.34182128815153        0.65217467484847        2.79437223818182      H
        4.52508030615150        1.90688659184848        5.00997580618182      H
$end
