$coord
        0.68230919025000       -3.19147153425001        0.00000000000000      Sb
       -1.29333697175000       -2.22973706524999        2.29162913499999      H
       -0.64852466874999       -6.10530239925000        0.00000000000000      H
       -1.29333697175000       -2.22973706524999       -2.29162913499999      H
        0.68230919025000        2.90523615574999        0.00000000000000      N
       -0.25923733575001        3.54500666875000        1.53299485599999      H
        2.38905490325001        3.76099857075000        0.00000000000000      H
       -0.25923733575001        3.54500666875000       -1.53299485599999      H
$end
