$coord
        1.73657160432726        1.04069241133637        1.00243342130909      C
        4.03107590012726        1.05137833153636        1.02794353490910      O
        0.06829181522727       -1.25470915126365        0.65810287050909      C
       -1.08385603127274       -1.46193286856364        2.37998320800910      H
        1.32622913932727       -2.89716761166363        0.53341885460910      H
       -1.66962299787273       -1.08516541526364       -1.66130530399091      C
       -2.81386356347274       -2.80924293286364       -1.82280779289092      H
       -2.95422659207273        0.53587862463635       -1.51815300759090      H
       -0.56678752337274       -0.88710103386363       -3.40941932259091      H
        0.34543344882726        3.20113173123637        1.30390058190910      O
        1.58075480022726        4.56623791473635        1.50590295580910      H
$end
