$coord
       -0.16751656113749       -0.44623218520625        0.23919737813125      C
       -1.63788985353750       -1.92149695960625        0.25357134333126      H
        1.64233300586250       -1.40819772990626        0.61467518683125      H
       -0.70485097833750        1.42963450179375        2.37927558283125      C
        0.77303782066250        2.89845790329375        2.44093369973126      H
       -2.50801894313749        2.39982636719375        2.02282779603125      H
       -0.90245262253750        0.23111925719376        4.83124873293125      N
       -0.08027391873749        0.84142453579374       -2.35307554866875      C
       -1.88369281473749        1.83059104539374       -2.69095224666876      H
        1.39267164116249        2.31739311569375       -2.34430453606875      H
        0.42354991386251       -1.01347268590624       -4.51555219856875      C
        0.47907730356250       -0.03946881950625       -6.34891683986875      H
        2.24215653266250       -1.98847798310626       -4.26231935376876      H
       -1.05863008233750       -2.46819447670626       -4.61856540976875      H
        0.44857190436249       -0.80865663290625        6.35221844063125      C
        1.54192765236250       -1.85424925350624        7.99973797293126      O
$end
