$coord
   -0.41492083690909      4.98838282406061      0.29271294384848      n
    1.63929257309091      3.68231193306061      1.21990700084848      c
    1.02842541909091      1.17455672706061      1.54562962184848      c
   -1.55823340690909      0.91254432906061      0.75613611784848      c
   -3.22554998690909     -1.14568663893939      0.64436071484848      c
   -5.67432306490909     -0.75443776993939     -0.22041569215152      c
   -6.48959810090909      1.67304565606061     -0.97821471215152      c
   -4.86277645890909      3.73509009106061     -0.87628478215152      c
   -2.40446215390909      3.33782244406061     -0.01079594715152      c
   -0.44730507090909      6.84438287406061     -0.09310863215152      h
    3.40329509309091      4.63784810106061      1.57679687284848      h
   -2.66882159190909     -3.02794632193939      1.21783019284848      h
   -8.39319278990909      1.96412015106061     -1.64767282115152      h
   -5.51069925090909      5.58565906906061     -1.45863597115152      h
   -7.19173524090909     -2.85620046493939     -0.27593773215152      o
   -9.70296376390909     -2.52081189593939     -1.14524381315152      c
   -9.74513299990909     -1.85053175593939     -3.09685644015152      h
  -10.74929370690909     -1.20586874193939      0.05304844484848      h
  -10.58240444490909     -4.37222369193939     -1.04676074315152      h
    2.75424035609091     -0.89869567193939      2.39068862884848      c
    3.75249189009091     -2.44778532493939      0.14006654784848      c
    5.15795291909091     -0.92562237793939     -1.65884488115152      n
    7.65076417209091     -0.25222418993939     -1.45330316415152      c
    9.27335471709091     -1.84667104593939      0.28980276584848      c
    1.76379528009091     -2.16897893193939      3.68565548884848      h
    4.35460772309091     -0.10188325993939      3.42235807684848      h
    2.16588928709091     -3.30402017093939     -0.85898245015152      h
    4.95191042509091     -3.98214267393939      0.80258369284848      h
    4.14173009109091      0.32403074306061     -2.68067830515152      h
    8.53203788809091      1.49763562106061     -2.67976367815152      o
    9.21052699709091     -3.83203228993939     -0.25334794715152      h
    8.64032107709091     -1.70272683793939      2.24471296484848      h
   11.20077696109091     -1.16094050693939      0.15255763684848      h
$user-defined bonds
$end
