$coord
        0.97398883791667       -0.89471043291666        3.31979010491668      C
        2.97638581691666       -0.75299501491667        2.88385770491666      H
        0.54428023291667       -2.79776615191667        3.96566746291667      H
        0.51039520691666        0.39570081608333        4.85027448991666      H
       -0.70905851308332       -0.29471000991667        1.09029347891667      C
       -3.01903852108333       -0.34685290691667        1.26048939391667      O
        0.54102288991667        0.29304168908333       -1.07323257608333      N
        2.44440965891666        0.29462512108332       -1.06533432508334      H
       -0.79067382608333        0.91003345908332       -3.37441477308333      C
       -2.79803147408333        0.77180162208333       -2.97398115308332      H
       -0.36015826108333        2.82407842608334       -3.99715655908332      H
       -0.31352204808333       -0.40224661691667       -4.88625324908333      H
$end
