$coord
        4.45936339973076        1.19128486330768        0.54826278576923      C
        2.80174489373077       -1.10528401469232        0.00124380276924      C
        0.24461114673077       -0.42934792569232       -1.18495231923077      C
       -1.73232947726923        0.69039031330769        0.66507808776922      C
       -3.48949685826923       -1.55484793869232        1.21458772876922      C
       -2.38621435426924       -2.90081094469231        3.27649610276923      O
       -3.37905371326923       -3.00534680669231       -1.27688181923076      C
        6.82766816673077        0.46716454030768        1.58056340276924      O
       -3.22950646726923        2.61174842630769       -0.46678085323077      O
        4.23302713873076       -2.63186892069230       -1.71174367423078      O
       -0.83371563626924       -2.74978782269230       -2.14894123123076      O
       -2.04954644126923        5.02012861230768       -0.56396190223077      C
        4.72359244673078        2.27077760730769       -1.21216815223077      H
        3.56619007973077        2.42426304230768        1.94704930176923      H
        2.47000727573077       -2.15514396569230        1.76249110276922      H
        0.53117675573078        0.85345098930768       -2.79073186123077      H
       -0.87953204226922        1.37650824630769        2.42807716276922      H
       -5.39659698926923       -0.89151254169231        1.67702068576923      H
       -3.30817198026923       -4.45213614269231        3.55084085276923      H
       -3.79273551926922       -5.02390108669232       -1.08438110123077      H
       -4.70065815026923       -2.16863093969232       -2.64407400723076      H
        7.48992830873077       -0.86040954169231        0.50777918576924      H
        3.13749817973077       -3.98500910569230       -2.27743314923076      H
       -1.55233496626923        5.68482083230769        1.34157920476923      H
       -0.33682541426923        5.00567220830768       -1.73885179323076      H
       -3.41808978226924        6.31782801630770       -1.40016754323076      H
$end
