$coord
   -2.48860237554545      5.66492425536364     -0.33586374857576      n
   -0.00612036454545      5.09640397036364      0.21881996242424      c
    0.21631172345455      2.57437755336364      0.81361877642424      c
   -2.27886546754545      1.52582151336364      0.60917121142424      c
   -3.27341313854545     -0.91361064963636      0.98239965342424      c
   -5.84104998154545     -1.28326184063636      0.65116092242424      c
   -7.46017287954545      0.72051856236364     -0.04878791457576      c
   -6.52566936254545      3.13675622836364     -0.43591718157576      c
   -3.92749454654545      3.51312728536364     -0.10594834657576      c
   -3.14277071154545      7.38705422736364     -0.78456595757576      h
    1.43232205245455      6.53740129636364      0.15121501442424      h
   -2.09895221454545     -2.48909410463636      1.55032656442424      h
   -9.46015115354546      0.34351822736364     -0.23932142757576      h
   -7.77453635654545      4.67207166836364     -0.95302180157576      h
   -6.85478593054545     -3.65411962663636      1.09818127542424      o
   -7.46697211354545     -4.95839716663636     -1.17589797457576      c
   -8.86063369354546     -3.91848473363636     -2.28761432557576      h
   -5.77800494354545     -5.25453423763636     -2.32701700257576      h
   -8.25229877154545     -6.77430857063636     -0.62362177457576      h
    2.59590382345455      1.18010181336364      1.43407062142424      c
    3.54641331945455     -0.36047462363636     -0.83344371957576      c
    5.84549742345455     -1.76042521163636     -0.28405880057576      n
    8.14450215845454     -0.59906386863636     -0.26980081757576      c
   10.35953502945454     -2.24885134963636      0.48809646742424      c
    4.07863763745455      2.50206151936364      1.98100834542424      h
    2.27943897045455     -0.09435585163636      3.02956816442424      h
    2.10516654945455     -1.69793008363636     -1.44721538357576      h
    3.94317451945455      0.91787776536364     -2.39575578557576      h
    5.72027851045455     -3.54201163263636      0.35332687842424      h
    8.41142595445455      1.62604691136364     -0.83974595657576      o
   11.14436091045454     -1.52754104963636      2.24787733942424      h
    9.85461536245455     -4.22755886863636      0.73570348442424      h
   11.81291006045454     -2.09403932763636     -0.95694676257576      h
$user-defined bonds
$end
