$coord
    0.00000000000000      0.00000000000000     -2.52838036854094      as
   -0.00000000000000      2.75765298275029     -0.04046534532967      c
   -0.00000000000000     -2.75765298275029     -0.04046534532967      c
   -0.00000000000000      4.57317481216231     -1.01266932966991      h
    1.67575024981509      2.63464176352974      1.15866242963502      h
   -1.67575024981509      2.63464176352974      1.15866242963502      h
   -0.00000000000000     -4.57317481216231     -1.01266932966991      h
    1.67575024981509     -2.63464176352974      1.15866242963502      h
   -1.67575024981509     -2.63464176352974      1.15866242963502      h
$user-defined bonds
$redundant
     number_of_atoms             9
     degrees_of_freedom          7
     internal_coordinates        7
     frozen_coordinates          0
# definitions of redundant internals
   1 k  1.4142135623731 stre   2    4           val=   2.05944
   2 k  1.4142135623731 stre   1    2           val=   3.71408
   3 k  0.5892851135684 bend   5    4    2      val=   1.57558
        0.5892851135684 bend   6    4    2
        0.5871252701274 bend   6    5    2
       -0.5666284240580 bend   1    4    2
       -0.5655538241762 bend   1    5    2
       -0.5655538241762 bend   1    6    2
   4 k  2.0000000000000 stre   2    6           val=   2.06426
   5 k  0.5221354772822 bend   5    4    2      val=   0.42271
        0.5221354772822 bend   6    4    2
       -1.0415260580103 bend   6    5    2
        0.4985927275070 bend   1    4    2
       -0.2463512221294 bend   1    5    2
       -0.2463512221294 bend   1    6    2
   6 k  0.2483192855865 bend   5    4    2      val=   0.36039
        0.2483192855865 bend   6    4    2
       -0.4966203539963 bend   6    5    2
       -1.0411473319823 bend   1    4    2
        0.5225205842426 bend   1    5    2
        0.5225205842426 bend   1    6    2
   7 k  1.0000000000000 bend   3    2    1      val=  95.88735
         7 non zero eigenvalues  of BmBt
           1           3.468914108    1    0
         1
           2           3.107331677    2    0
         2
           3           1.093775640    3    0
         3
           4           0.812030203    4    0
         4
           5           0.695434824    5    0
         5
           6           0.303992270    6    0
         6
           7           0.043083164    7    0
         7
$end
