$coord
    1.43261599729167      2.65690054304167     -3.40623094716667      c
    2.74643677229167      4.21894872504167     -3.48601708916667      h
    2.32908465729167      0.20126640604167     -3.08968965516667      c
    4.33880372029167     -0.13759973495833     -2.93772132216667      h
    0.63468677929167     -1.81244696895833     -2.95554019116667      c
    1.33432052229167     -3.71894349495833     -2.71766860016667      h
   -1.95675609770833     -1.37145731195833     -3.13526242316667      c
   -3.27465006970833     -2.93008995495833     -3.02700473616667      h
   -2.85569664370833      1.08456998604167     -3.44816560116667      c
   -4.86637051370833      1.42664411204167     -3.56477844016667      h
   -1.15918968270833      3.09577789804167     -3.58763891816667      c
   -1.85549023570833      5.00185654404167     -3.83634151516667      h
   -0.64731043270833      1.58932362704167      2.75218974883333      n
   -1.35275911570833      3.29340563904167      2.25539406883333      h
    1.98346533529167      1.45139837404167      3.00165878683333      c
    3.28909652229167      3.33058667004167      2.72796208983333      o
    2.88845532729167     -1.06964294595833      3.60279990383333      c
    4.88599414229167     -1.35728936195833      3.85625209983333      h
    1.22604593729167     -2.98654541795833      3.84131455083333      c
    1.80416512429167     -4.89218405295833      4.28828078383333      h
   -1.31610017870833     -2.63688578995833      3.51988700783333      n
   -2.54205581670833     -4.07791324395833      3.70672264983333      h
   -2.40165007870833     -0.32234745395833      2.95407542583333      c
   -4.66514197170833     -0.03733279195833      2.68552232283333      o
$user-defined bonds
$end
