$coord
    5.47121230577729      4.58582823547938      0.26961202336008      h
    6.10811241517809      1.59903076060873      5.11446275480878      si
    1.67686561896040     -2.71100335106841      3.92741578422061      h
   -4.15310136820012     -4.14519681045295     -4.30146372203325      al
   -5.78681709028396      1.00635179481995     -0.99487217800318      h
    2.24435173366916      2.32727846357570     -0.79104514019846      h
    3.15000984231788     -0.53680527725251      2.90884054024936      si
   -5.37610073022013     -1.19333129700653      1.19041542410208      h
   -5.32212376673330     -0.85217693431390     -0.71563017276632      n
    7.64423524881630      6.36396131667655      3.09322741880209      h
    1.50897285982493      0.61501728333733      0.11316406359547      c
   -7.69307313996996     -2.84523417328937     -2.28760590559557      s
   -4.07644564667803     -6.32039655979874     -6.54656042235985      f
   -0.50460336013170     -0.35421029143537     -0.92248115306910      n
   -2.45190183007916     -1.53146337280276     -1.90293570297557      b
    7.56040690775227      3.99235021292296      1.84545638786277      p
$user-defined bonds
$end
