$coord
   -3.64187642384495     -0.83021716141292     -0.51214601763014       c
   -4.15649987243529     -2.30358749434440      0.84824703844678       h
   -4.46484648553824      1.58753246807137      0.35504930475109       o
   -0.81787347031291     -0.92760608739731     -1.06228308943580       c
   -0.37815120672561     -2.77424835417929     -1.88331051266450       h
   -0.35587700479729      0.49388559400806     -2.47916572880307       h
    0.81581555855419     -0.52109009141708      1.28073165094512       c
    0.36963799049696     -1.94743458953170      2.71241084593288       h
    0.40024777439744      1.32380228896585      2.12038988411793       h
   -3.88125559200210      1.78662267507540      2.06090319518082       h
   -4.70321276048817     -1.18194810707465     -2.23928200376843       h
    3.63872436065529     -0.65009791505692      0.71924299425921       c
    4.72026186965907     -0.48650810318528      2.47424866140530       h
    4.10360265852356     -2.46599433765685     -0.13422535749273       h
    4.43740577236261      1.19951122175369     -1.06748361575351       o
    4.13203169846669      2.83313222048001     -0.33402799124887       h
$end
