$coord
       -0.44439560355707        0.00394214445772        0.25087093292194      C
       -0.45009043687771        0.00224742294395        2.88297316141977      C
        1.80628669656214       -0.00404002093306        4.23813263608945      C
        4.09212013640929       -0.00874024036735        2.93333073269727      C
        4.12503977791542       -0.00716486828694        0.30042272686609      C
        1.85390640427241       -0.00080517262097       -1.03186335907196      C
       -3.30504620495679        0.00805116496109        4.49468251540444      Cl
        1.75899971104233       -0.00522194069425        6.27943434838019      H
        5.84615607925193       -0.01363901521616        3.98195956816537      H
        5.90371732623225       -0.01085796573762       -0.70356980224458      H
        1.86249996220760        0.00047910982538       -3.07546653102543      H
       -2.21642248562661        0.00888123472386       -0.76348392833568      H
       -8.32165064276583        0.00634198326293        7.35925427585317      N
       -9.88651354229707       -2.02996987882803        6.40387589826376      C
       -7.77438649892327       -0.38386259593691       10.01557649680712      C
       -9.57146263818838        2.41699836697044        6.99192579714197      C
       -9.50010859763812       -0.41585312524391       11.18147366506181      H
       -6.79167238055521       -2.17416923919603       10.26574003909710      H
       -6.55803643026659        1.12684041247514       10.70248209685843      H
      -11.38844006728427        2.52739856004688        8.00426436030005      H
       -8.36050406023401        3.93654982902711        7.66852442268369      H
       -9.92881533012284        2.71496332358700        4.98770681003565      H
      -11.71946919922054       -2.14561681525422        7.38639376290376      H
      -10.24517142460782       -1.74669925309679        4.39773678311054      H
       -8.91035346092021       -3.82543008115156        6.64199639543285      H
$end
