$coord
       -2.51159890900001       -1.07369185200000        0.42029017799999      C
       -1.35902403600001       -0.15047944800000       -1.83703929600000      C
        1.35902403600001        0.15047944800000       -1.83703929600000      C
        2.51159890900001        1.07369185200000        0.42029017799999      C
        1.17229794299999        0.63864782699999        2.70020339000001      C
       -1.17229794299999       -0.63864782699999        2.70020339000001      C
       -4.82156008700000       -2.97400692199999        0.39299667699999      C
       -2.90524980900000        1.18923102200000       -4.03335235199999      C
        2.90524980900000       -1.18923102200000       -4.03335235199999      C
        4.82156008700000        2.97400692199999        0.39299667699999      C
        2.26728851900000        1.27214010400000        5.25015598800000      C
       -2.26728851900000       -1.27214010400000        5.25015598800000      C
       -4.02304106299999       -5.35616942699999        1.93606074899999      C
       -5.37186398000001       -4.05475217600000       -2.26799830000000      C
       -7.34152292300001       -1.98808925200000        1.51034724600000      C
       -0.66826720399999       -2.81848625299999        6.57385499899999      O
       -1.46333483199999        3.69905264400000       -4.59333939100000      C
       -3.38704565500000       -0.10000637800000       -6.61806324800001      C
       -5.48987491100000        2.11724692099999       -3.00228780500000      C
        3.38704565500000        0.10000637800000       -6.61806324800001      C
        1.46333483199999       -3.69905264400000       -4.59333939100000      C
        5.48987491100000       -2.11724692099999       -3.00228780500000      C
        5.37186398000001        4.05475217600000       -2.26799830000000      C
        7.34152292300001        1.98808925200000        1.51034724600000      C
        4.02304106299999        5.35616942699999        1.93606074899999      C
       -4.22837679900001       -0.48192926000001        6.12267819399999      O
       -1.44715726600000       -3.40230443600000        9.12751712900000      C
        0.66826720399999        2.81848625299999        6.57385499899999      O
        1.44715726600000        3.40230443600000        9.12751712900000      C
        4.22837679900001        0.48192926000001        6.12267819399999      O
       -2.20457342700000       -6.09439371999999        1.26863107200001      H
       -3.88602591299999       -5.01757229300000        3.96360502300001      H
       -5.46865706800000       -6.82037466700001        1.67376451399999      H
       -3.63163742499999       -4.64302614500000       -3.21624485000000      H
       -6.59189394500000       -5.71760087700000       -2.05640813800000      H
       -6.38558537800000       -2.73996492500001       -3.47948764900000      H
       -7.19510752000000       -1.66873274000000        3.53904557599999      H
       -7.95123413199999       -0.22042085200000        0.63667004000000      H
       -8.81078147900000       -3.41592803800001        1.16435107900001      H
       -1.26309738700000        4.81605777100001       -2.85987559800000      H
       -2.56004165700001        4.80303718100001       -5.96738599200000      H
        0.41164241400000        3.37617349400001       -5.37644467600000      H
       -1.65862402900000       -0.33365852500001       -7.71560023000000      H
       -4.64696263300001        1.12944009199999       -7.71715774200000      H
       -4.28473201800001       -1.94799077800000       -6.46226422200000      H
       -5.27823693900001        2.93984199900000       -1.11463616699999      H
       -6.91868218200000        0.64135731600000       -2.91719079800000      H
       -6.20592818299999        3.58374099700001       -4.28375956500000      H
        4.28473201800001        1.94799077800000       -6.46226422200000      H
        1.65862402900000        0.33365852500001       -7.71560023000000      H
        4.64696263300001       -1.12944009199999       -7.71715774200000      H
        1.26309738700000       -4.81605777100001       -2.85987559800000      H
        2.56004165700001       -4.80303718100001       -5.96738599200000      H
       -0.41164241400000       -3.37617349400001       -5.37644467600000      H
        6.91868218200000       -0.64135731600000       -2.91719079800000      H
        6.20592818299999       -3.58374099700001       -4.28375956500000      H
        5.27823693900001       -2.93984199900000       -1.11463616699999      H
        3.63163742499999        4.64302614500000       -3.21624485000000      H
        6.38558537800000        2.73996492500001       -3.47948764900000      H
        6.59189394500000        5.71760087700000       -2.05640813800000      H
        7.19510752000000        1.66873274000000        3.53904557599999      H
        8.81078147900000        3.41592803800001        1.16435107900001      H
        7.95123413199999        0.22042085200000        0.63667004000000      H
        2.20457342700000        6.09439371999999        1.26863107200001      H
        5.46865706800000        6.82037466700001        1.67376451399999      H
        3.88602591299999        5.01757229300000        3.96360502300001      H
        0.10389467800000       -4.50383592000000        9.93032148500000      H
       -1.76289003900000       -1.66101283200000       10.20372042700001      H
       -3.20336731200000       -4.50414035500000        9.10432187699999      H
       -0.10389467800000        4.50383592000000        9.93032148500000      H
        3.20336731200000        4.50414035500000        9.10432187699999      H
        1.76289003900000        1.66101283200000       10.20372042700001      H
$end
