$coord
   -1.12261064636678     -1.14985645637414     -2.03201204907865      c
   -0.95213651420724     -2.75215097012142      0.00000000000000      o
    2.55390738002479      0.31455747851809     -1.32521472495998      c
   -2.59560590169606      0.97017751737744     -1.29886699229144      c
   -1.12261064636678     -1.14985645637414      2.03201204907865      c
    2.55390738002479      0.31455747851809      1.32521472495998      c
   -2.59560590169606      0.97017751737744      1.29886699229144      c
   -1.06796039646803     -2.06190815850598     -3.85714306317447      h
    3.52001725760625     -1.19820681426623     -2.31333999573636      h
    2.49224662447784      2.08835080576951     -2.34497996598737      h
   -3.30392606047442      2.41296111254205     -2.55524918094349      h
   -1.06796039646803     -2.06190815850598      3.85714306317447      h
    3.52001725760625     -1.19820681426623      2.31333999573636      h
    2.49224662447784      2.08835080576951      2.34497996598737      h
   -3.30392606047442      2.41296111254205      2.55524918094349      h
$user-defined bonds
$redundant
     number_of_atoms            15
     degrees_of_freedom         20
     internal_coordinates       26
     frozen_coordinates          0
# definitions of redundant internals
   1 k  1.0000000000000 stre    3    9           val=   2.04895
   2 k  1.0000000000000 stre    4   11           val=   2.04006
   3 k  1.0000000000000 stre    1    8           val=   2.04106
   4 k  1.0000000000000 stre    3   10           val=   2.04697
   5 k  0.6585526085519 bend    9   10    3      val=   9.04684
       -0.5022856029435 bend    6   10    3
       -0.4111767328649 bend    6    9    3
        0.2828491673976 bend    1   10    3
        0.2548483425455 bend    1    9    3
   6 k  0.6875315319237 bend    2    8    1      val=   2.57760
       -0.7111396110512 bend    4    8    1
        0.1469042075794 bend    3    8    1
   7 k  0.7074241182484 bend    7   11    4      val=   1.30237
       -0.7067893016455 bend    1   11    4
   8 k  1.0000000000000 outp   11    1    7    4 val=  -6.79979
   9 k -0.5360919159699 bend    9   10    3      val=  26.37510
       -0.0507076108216 bend    6   10    3
       -0.0171478102031 bend    6    9    3
        0.6045015488262 bend    1   10    3
        0.5867861841493 bend    1    9    3
  10 k -0.3956422572408 bend    2    8    1      val=  17.08314
       -0.1972134766305 bend    4    8    1
        0.8969805175815 bend    3    8    1
  11 k  0.0157098260354 bend    9   10    3      val=  -1.44931
        0.1908382142025 bend    6   10    3
       -0.2251821133602 bend    6    9    3
       -0.6531603813319 bend    1   10    3
        0.6971431054288 bend    1    9    3
  12 k -0.0173885004282 bend    9   10    3      val=   0.02241
       -0.6384694418325 bend    6   10    3
        0.7094844626551 bend    6    9    3
       -0.2311339189293 bend    1   10    3
        0.1877853047241 bend    1    9    3
  13 k  1.0000000000000 stre    1    2           val=   2.59335
  14 k  1.0000000000000 stre    1    4           val=   2.68361
  15 k  1.0000000000000 stre    3    6           val=   2.65043
  16 k  1.0000000000000 stre    4    7           val=   2.59773
  17 k  1.0000000000000 bend    4    2    1      val= 108.06622
  18 k  1.0000000000000 bend    5    1    2      val= 103.17282
  19 k  1.0000000000000 bend    1    7    4      val= 105.85440
  20 k  1.0000000000000 tors    5    2    1    3 val=  21.20250
        1.0000000000000 tors    5    2    1    4
  21 k  1.0000000000000 tors    7    4    1    2 val= -29.10575
        1.0000000000000 tors    7    4    1    3
  22 k  1.0000000000000 stre    1    3           val=   4.02006
  23 k  0.8841586714260 bend    3    2    1      val=  94.32626
        0.4671867332685 bend    3    4    1
  24 k -0.4671867332685 bend    3    2    1      val=  33.49021
        0.8841586714260 bend    3    4    1
  25 k  1.0000000000000 bend    1    6    3      val= 100.12625
  26 k  1.0000000000000 tors    6    3    1    2 val=  17.54187
        1.0000000000000 tors    6    3    1    4
        20 non zero eigenvalues  of BmBt
           1           2.598907572    1    0
         1
           2           2.405141278    2    0
         2
           3           2.190175588    3    0
         3
           4           2.059629726    4    0
         4
           5           1.563260219    5    0
         5
           6           1.120221881    6    0
         6
           7           1.019221284    7    0
         7
           8           0.939691319    8    0
         8
           9           0.782068179    9    0
         9
          10           0.588873557   10    0
        10
          11           0.319795438   11    0
        11
          12           0.261127332   12    0
        12
          13           1.048139816   13    0
        13
          14           0.810065113   14    0
        14
          15           0.579119626   15    0
        15
          16           0.564746574   16    0
        16
          17           0.667035488    0    0
         0.000000000         0.000000000         0.000000000         0.000000000
         0.000000000         0.000000000         0.000000000         0.000000000
         0.000000000         0.000000000         0.000000000         0.000000000
         0.000000000         0.000000000         0.000000000         0.000000000
         0.743493664        -0.611802772        -0.270026925         0.000000000
         0.000000000         0.000000000         0.000000000         0.000000000
         0.000000000         0.000000000
          18           1.648934880    0    0
         0.000000000         0.000000000         0.000000000         0.000000000
         0.000000000         0.000000000         0.000000000         0.000000000
         0.000000000         0.000000000         0.000000000         0.000000000
         0.000000000         0.000000000         0.000000000         0.000000000
         0.000000000         0.000000000         0.000000000         0.938120195
        -0.346309832         0.000000000         0.000000000         0.000000000
         0.000000000         0.000000000
          19           0.666374350    0    0
         0.000000000         0.000000000         0.000000000         0.000000000
         0.000000000         0.000000000         0.000000000         0.000000000
         0.000000000         0.000000000         0.000000000         0.000000000
         0.000000000         0.000000000         0.000000000         0.000000000
         0.000000000         0.000000000         0.000000000         0.000000000
         0.000000000         0.981624611         0.030058005        -0.176764542
        -0.042085180         0.049927677
          20           0.094400674    0    0
         0.000000000         0.000000000         0.000000000         0.000000000
         0.000000000         0.000000000         0.000000000         0.000000000
         0.000000000         0.000000000         0.000000000         0.000000000
         0.000000000         0.000000000         0.000000000         0.000000000
         0.000000000         0.000000000         0.000000000         0.000000000
         0.000000000        -0.177981413        -0.121212369        -0.945496589
         0.021918027         0.243281688
$end
