$coord
        5.80518898875212        0.50358597433034       -2.01447539553629      C
        7.59006314953052       -0.90749398570711       -2.10619460482535      O
        4.06257614934234        0.88716647127871        0.25526074881724      C
        4.92221122785002       -0.52198788546993        2.35899077638081      O
        1.33654553151521        0.10405784124898       -0.51168495692652      C
        0.89689348931872        0.93209346112377       -2.36575855681903      H
       -0.64932905651652        1.09909717054707        1.38333191569090      C
       -0.00970051862554        0.43834211236000        3.94911447625680      O
       -3.35970986684993        0.18432771227198        0.79610215499867      C
       -4.66165561387793        1.18213213699464        2.06285117399600      H
       -4.19715414241930        0.65517960824157       -1.93554626363196      C
       -6.81065928849993        0.10526423796718       -2.27483992395637      O
        5.22581325379767        1.68491431711456       -3.67455310621877      H
        4.03225048349890        2.94522615752550        0.63780546682303      H
        3.63813632140727       -0.25163768766305        3.65829972331109      H
        1.20169648440505       -2.59733469799739       -0.80186697651809      O
       -0.61314745987200        3.17348669398987        1.28244081663927      H
       -0.91242559566371       -1.12422037418176        4.30347513391843      H
       -3.63012209951602       -2.45370372413146        1.43919728174678      O
       -3.01998607932678       -0.49263077576179       -3.22017317191458      H
       -3.94341079557512        2.65625157693671       -2.42398404659487      H
       -7.07186062065129       -1.58002728787039       -1.60535734122873      H
        2.47305534183919       -3.30624780850278        0.32275781506784      H
       -2.30526928386296       -3.31584124464515        0.48480686052380      H
$end
