$coord
        0.00000000000000        0.00000000000000        1.15829053799999      P
        2.65948319600001       -1.53545339000000       -0.53392318099999      C
       -2.65948319600001       -1.53545339000000       -0.53392318099999      C
        0.00000000000000        3.07090489000001       -0.53392318099999      C
       -1.66954078700000        4.16080813400001       -0.00141729400000      H
        1.66954078700000        4.16080813400001       -0.00141729400000      H
        0.00000000000000        2.80319118800000       -2.58508279399999      H
        2.76859597499999       -3.52626838200000       -0.00141729400000      H
        2.42763460400000       -1.40159464900000       -2.58508279399999      H
        4.43813487200001       -0.63453975200000       -0.00141729400000      H
       -4.43813487200001       -0.63453975200000       -0.00141729400000      H
       -2.76859597499999       -3.52626838200000       -0.00141729400000      H
       -2.42763460400000       -1.40159464900000       -2.58508279399999      H
$end
