$coord
        1.29287539410723        0.63825707032728       -3.61217850222003      C
       -1.29287539410723       -0.63825707032728       -3.61217850222003      C
        2.81502187566483       -0.75860053343960       -3.61217850222003      H
        1.53591880948128        1.83239235653942       -5.28044620830690      H
        1.53591880948128        1.83239235653942       -1.94391079613315      H
       -2.81502187566483        0.75860053343960       -3.61217850222003      H
       -1.53591880948128       -1.83239235653942       -5.28044620830690      H
       -1.53591880948128       -1.83239235653942       -1.94391079613315      H
        1.29287539410723       -0.63825707032728        3.61217850222003      C
       -1.29287539410723        0.63825707032728        3.61217850222003      C
        2.81502187566483        0.75860053343960        3.61217850222003      H
        1.53591880948128       -1.83239235653942        5.28044620830690      H
        1.53591880948128       -1.83239235653942        1.94391079613315      H
       -2.81502187566483       -0.75860053343960        3.61217850222003      H
       -1.53591880948128        1.83239235653942        5.28044620830690      H
       -1.53591880948128        1.83239235653942        1.94391079613315      H
$end
