$coord
   -1.39087520814615      0.29867406371538      0.04754988905385      c
    1.39192512585385      0.29379037821538     -0.04675641944615      c
    0.00488194435385      2.65133217701538      0.00354491525385      o
   -2.37974350934615     -0.09082300178462     -1.73538706914615      h
    2.37930562545385     -0.10419560948462      1.73514995895385      h
    2.86461842395385     -0.27255877538462     -2.41381743994615      c
    4.59844064865385      0.87089258761538     -2.49078736814615      h
    3.42086348305385     -2.27617346948462     -2.46564198204615      h
    1.73409877215385      0.14576454771538     -4.10338999324615      h
   -2.86561319264615     -0.26857988258462      2.41308689855385      c
   -4.59523015364615      0.88101757161538      2.49319924835385      h
   -3.42920464694615     -2.27026503068462      2.45956683375385      h
   -1.73346731274615      0.14112444351538      4.10368252805385      h
$redundant
     number_of_atoms            13
     degrees_of_freedom         33
     internal_coordinates       33
     frozen_coordinates          0
# definitions of redundant internals
   1 k  1.0000000000000 stre    1    4           val=   2.07568
   2 k  0.5657056563435 bend    2    4    1      val=  28.87092
        0.5151907024536 bend    3    4    1
       -0.6438599618600 bend   10    4    1
   3 k -0.6086485275199 bend    2    4    1      val=  19.50548
        0.7876722919165 bend    3    4    1
        0.0954951857154 bend   10    4    1
   4 k  1.0000000000000 stre    2    5           val=   2.07569
   5 k  0.5656791882185 bend    1    5    2      val=  28.86932
        0.5152078959575 bend    3    5    2
       -0.6438694587876 bend    6    5    2
   6 k -0.6087147002046 bend    1    5    2      val=  19.49521
        0.7876271667689 bend    3    5    2
        0.0954455861865 bend    6    5    2
   7 k  1.0000000000000 tors    9    6    2    1 val= 109.95631
        1.0000000000000 tors    9    6    2    3
        1.0000000000000 tors    7    6    2    1
        1.0000000000000 tors    7    6    2    3
        1.0000000000000 tors    8    6    2    1
        1.0000000000000 tors    8    6    2    3
   8 k  1.0000000000000 stre    6    9           val=   2.07551
   9 k  1.0000000000000 stre    6    7           val=   2.07835
  10 k  1.0000000000000 stre    6    8           val=   2.08004
  11 k  0.4204803805261 bend    7    9    6      val=   1.11190
        0.4266426195415 bend    8    9    6
        0.4031888295703 bend    8    7    6
       -0.3955463642471 bend    2    9    6
       -0.4023064813645 bend    2    7    6
       -0.4003793966679 bend    2    8    6
  12 k -0.3985916473836 bend    7    9    6      val=   0.21526
       -0.2631567313006 bend    8    9    6
        0.6857999242890 bend    8    7    6
       -0.4503696281229 bend    2    9    6
        0.1742072125584 bend    2    7    6
        0.2614779960330 bend    2    8    6
  13 k  0.6056141332467 bend    7    9    6      val=   0.01411
       -0.6857414006136 bend    8    9    6
        0.0894557088863 bend    8    7    6
       -0.0376277254567 bend    2    9    6
        0.2922380282924 bend    2    7    6
       -0.2610919729535 bend    2    8    6
  14 k  0.2708520051408 bend    7    9    6      val=   0.19946
        0.1705500039924 bend    8    9    6
       -0.4461010175712 bend    8    7    6
       -0.6739267940626 bend    2    9    6
        0.2627710958387 bend    2    7    6
        0.4187120693359 bend    2    8    6
  15 k -0.2530375460440 bend    7    9    6      val=   0.26104
        0.2982878580985 bend    8    9    6
       -0.0448355628890 bend    8    7    6
       -0.0959292427345 bend    2    9    6
        0.6937682255544 bend    2    7    6
       -0.5953732912240 bend    2    8    6
  16 k  1.0000000000000 tors   13   10    1    2 val= 109.95396
        1.0000000000000 tors   13   10    1    3
        1.0000000000000 tors   11   10    1    2
        1.0000000000000 tors   11   10    1    3
        1.0000000000000 tors   12   10    1    2
        1.0000000000000 tors   12   10    1    3
  17 k  1.0000000000000 stre   10   13           val=   2.07551
  18 k  1.0000000000000 stre   10   11           val=   2.07836
  19 k  1.0000000000000 stre   10   12           val=   2.08003
  20 k  0.4204559262143 bend   11   13   10      val=   1.11139
        0.4266470088939 bend   12   13   10
        0.4031962764047 bend   12   11   10
       -0.3955464020172 bend    1   13   10
       -0.4023153172992 bend    1   11   10
       -0.4003839855991 bend    1   12   10
  21 k -0.3986357097800 bend   11   13   10      val=   0.21390
       -0.2631456197743 bend   12   13   10
        0.6858000137436 bend   12   11   10
       -0.4503469644828 bend    1   13   10
        0.1741714070137 bend    1   11   10
        0.2614846599535 bend    1   12   10
  22 k  0.6055928979325 bend   11   13   10      val=   0.01344
       -0.6857415706059 bend   12   13   10
        0.0894989042299 bend   12   11   10
       -0.0376517696208 bend    1   13   10
        0.2922516874490 bend    1   11   10
       -0.2611072229679 bend    1   12   10
  23 k  0.2708699683732 bend   11   13   10      val=   0.20135
        0.1705216417676 bend   12   13   10
       -0.4460681188137 bend   12   11   10
       -0.6739390158307 bend    1   13   10
        0.2627314270608 bend    1   11   10
        0.4187522698161 bend    1   12   10
  24 k -0.2530407504806 bend   11   13   10      val=   0.26282
        0.2983116857103 bend   12   13   10
       -0.0448547146244 bend   12   11   10
       -0.0959757158962 bend    1   13   10
        0.6937847363462 bend    1   11   10
       -0.5953318174868 bend    1   12   10
  25 k  1.0000000000000 stre    2    6           val=   2.84474
  26 k  0.7138149981651 bend    1    6    2      val= 119.92474
        0.7003343118787 bend    3    6    2
  27 k -0.7003343118787 bend    1    6    2      val=  -2.05056
        0.7138149981651 bend    3    6    2
  28 k  1.0000000000000 stre    1   10           val=   2.84471
  29 k  0.7138362186235 bend    2   10    1      val= 119.92491
        0.7003126822937 bend    3   10    1
  30 k -0.7003126822937 bend    2   10    1      val=  -2.04732
        0.7138362186235 bend    3   10    1
  31 k  1.0000000000000 stre    1    2           val=   2.78440
  32 k  1.0000000000000 stre    2    3           val=   2.73577
  33 k  1.0000000000000 stre    3    1           val=   2.73589
        33 non zero eigenvalues  of BmBt
           1           5.406250445    1    0
         1
           2           4.838854537    2    0
         2
           3           4.020385045    3    0
         3
           4           3.734967066    4    0
         4
           5           3.702441713    5    0
         5
           6           3.459429871    6    0
         6
           7           2.967876626    7    0
         7
           8           2.773506243    8    0
         8
           9           2.571312363    9    0
         9
          10           2.433736793   10    0
        10
          11           2.399628229   11    0
        11
          12           1.905303722   12    0
        12
          13           0.886614069   13    0
        13
          14           0.882705499   14    0
        14
          15           0.835083505   15    0
        15
          16           0.796608959   16    0
        16
          17           0.691691621   17    0
        17
          18           0.689774260   18    0
        18
          19           0.689067640   19    0
        19
          20           0.685558121   20    0
        20
          21           0.546454121   21    0
        21
          22           0.530345908   22    0
        22
          23           0.369430837   23    0
        23
          24           0.367036762   24    0
        24
          25           0.358794154   25    0
        25
          26           0.349857701   26    0
        26
          27           0.291473369   27    0
        27
          28           0.265981519   28    0
        28
          29           0.187393389   29    0
        29
          30           0.136038546   30    0
        30
          31           0.092856515   31    0
        31
          32           0.035415147   32    0
        32
          33           0.022156993   33    0
        33
$user-defined bonds
$end
