$coord
    2.91783730466048     -0.77806638932367     -0.58122306669164       c
    2.81582232910278     -0.78607315894871     -2.63857546646877       h
    5.53776306392380     -0.57277788060377      0.00852266485931       o
    1.37876497354083      1.42131404714888      0.46309250667269       c
    1.44128278319508      1.37429766096269      2.53112374882676       h
    2.30403346971176      3.16852081454455     -0.12095759031374       h
   -1.37290682252888      1.44318951686316     -0.42637890736299       c
   -1.45032134328867      1.48830105910741     -2.48831200328623       h
   -2.30139352230412      3.15739032762186      0.24409781431097       h
    5.68898272852957     -0.59824194024441      1.81807338710502       h
    2.16888970531844     -2.58585777653966      0.08615450412439       h
   -2.90524605943706     -0.79727356573832      0.50802074548205       c
   -2.19725260484692     -2.55934680862141     -0.30716931372216       h
   -2.74333621409755     -0.93764053316293      2.56814159404386       h
   -5.46371981458507     -0.37997668216998     -0.22638541126743       o
   -6.42975348289461     -1.83429290650358      0.26925384859195       h
$end
