$coord
       -3.69558992307692       -1.01958446153846        0.00001521455385      C
       -2.13743992307692        1.34771553846153        0.00009458305386      C
        0.38861907692307        1.52502553846154        0.00005111935384      C
        2.18749007692308       -0.57008146153846       -0.00008116154614      C
        4.69332007692307       -0.23848946153847       -0.00006604374616      C
       -4.92286992307692       -1.07499446153846        1.65754198645385      H
       -4.92294992307692       -1.07482446153847       -1.65745801354615      H
       -2.55361992307692       -2.72753446153846       -0.00010194854615      H
       -3.20053992307691        3.09975553846154        0.00019662845384      H
        1.22033007692308        3.39843553846153        0.00012292945386      H
        1.44616007692308       -2.47650446153845       -0.00019643454616      H
        5.98043007692307       -1.82356446153845       -0.00016430954616      H
        5.51666007692308        1.63464553846154        0.00004545015385      H
$end
