$coord
       -2.93084863600324       -0.57575835666056        1.50690843644749      C
       -5.51301143103525       -0.48615245672707        0.85430304378484      C
       -5.88723635377459        0.09462236692584       -1.62072437375984      C
       -3.09862022283433        0.56712873330211       -3.15678467039628      S
       -1.36377320921082       -0.04801680720094       -0.48028769167365      C
        1.36377320921082        0.04801680720094       -0.48028769167365      C
        3.09862022283433       -0.56712873330211       -3.15678467039628      S
        5.88723635377459       -0.09462236692584       -1.62072437375984      C
        5.51301143103525        0.48615245672707        0.85430304378484      C
        2.93084863600324        0.57575835666056        1.50690843644749      C
       -2.23408336717686       -1.05607458319883        3.35756164694651      H
       -7.02934619937880       -0.85632410588397        2.15949134136915      H
       -7.64528996020041        0.27135749172306       -2.61891551167268      H
        7.64528996020041       -0.27135749172306       -2.61891551167268      H
        7.02934619937880        0.85632410588397        2.15949134136915      H
        2.23408336717686        1.05607458319883        3.35756164694651      H
$end
