$coord
       -0.82111711424550        1.42221656083754        0.00000000000000      C
       -0.82111711424550       -1.42221656083754        0.00000000000000      C
        1.64223422849098        0.00000000000000        0.00000000000000      C
       -1.37498346243886        2.38154121651109        1.71611831332310      H
       -1.37498346243886        2.38154121651109       -1.71611831332310      H
       -1.37498346243886       -2.38154121651109        1.71611831332310      H
       -1.37498346243886       -2.38154121651109       -1.71611831332310      H
        2.74996692487773        0.00000000000000       -1.71611831332310      H
        2.74996692487773        0.00000000000000        1.71611831332310      H
$end
