$coord
       -2.98284126452341       -1.19655925505246        0.70571135972532      C
       -2.98284126452341        1.19655925505246       -0.70571135972532      C
       -1.19655925505246        2.98284126452341       -0.70571135972532      C
        1.19655925505246        2.98284126452341        0.70571135972532      C
        2.98284126452341        1.19655925505246        0.70571135972532      C
        2.98284126452341       -1.19655925505246       -0.70571135972532      C
        1.19655925505246       -2.98284126452341       -0.70571135972532      C
       -1.19655925505246       -2.98284126452341        0.70571135972532      C
       -4.71138497958742       -1.58515709720159        1.74965110144026      H
       -4.71138497958742        1.58515709720159       -1.74965110144026      H
       -1.58515709720159        4.71138497958742       -1.74965110144026      H
        1.58515709720159        4.71138497958742        1.74965110144026      H
        4.71138497958742        1.58515709720159        1.74965110144026      H
        4.71138497958742       -1.58515709720159       -1.74965110144026      H
        1.58515709720159       -4.71138497958742       -1.74965110144026      H
       -1.58515709720159       -4.71138497958742        1.74965110144026      H
$end
