$coord
   -0.96913403839666      3.50953428487055      0.00000000000000      n
    2.81956553580573      1.34449324399772      0.00000000000000      n
   -1.03205728177197     -0.98947541418597      0.00000000000000      c
    1.62585088430896     -0.88507032218123      0.00000000000000      c
   -2.21733348467036      1.29835734174298      0.00000000000000      c
    1.63233599385545      3.72464295960350      0.00000000000000      c
   -2.40149796416112     -3.46608690767400      0.00000000000000      c
    2.85988684171661     -2.99834680563789      0.00000000000000      o
    2.78129476755615      5.65007959169654      0.00000000000000      o
   -1.93575078203490      5.16368667433849      0.00000000000000      h
    4.73813690280734      1.45232271603156      0.00000000000000      h
   -4.26023627737400      1.42941862015440      0.00000000000000      h
   -1.94411630019437     -4.58803910956319     -1.66596649706065      h
   -1.94411630019437     -4.58803910956319      1.66596649706065      h
   -4.43608937380894     -3.16146115179711      0.00000000000000      h
    4.68326087655644     -2.89601661183319      0.00000000000000      h
$user-defined bonds
$end
