$coord
    0.01815837841090      2.04825336844729      0.00000000000000       c
    0.01523875153559      4.11687987433321      0.00000000000000       h
    0.02270505948662     -1.44580678755721      1.47316057333073       h
    0.02270505948662     -1.44580678755721     -1.47316057333073       h
    0.11723105037969     -3.05081544290551      0.00000000000000       o
   -1.39798537803841     -4.06073800065131      0.00000000000000       h
    0.01815837841090      0.93453004394820      2.11531407972500       o
    0.01815837841090      0.93453004394820     -2.11531407972500       o
$end
