$coord
        1.39297064040001        1.20081880977501       -0.02770251452500      C
        2.67441039049999        1.23045855397501       -1.95925138992500      O
       -0.42984900950000       -0.94921567012501        0.61442906457499      C
       -1.90179595710000       -0.28559060602499        1.92852539977501      H
        0.68333603470000       -2.37371135332500        1.65409552277499      H
        1.53955604579999        3.08664515667501        1.74149348377500      N
        0.51112958010000        3.06151469677500        3.35349018957501      H
        2.80905051660000        4.49623946537500        1.46815443187500      H
       -1.59998135860000       -2.14295488662500       -1.74125873142501      C
       -2.71243654389999       -3.82244903082499       -1.24047537212500      H
       -2.85256682880001       -0.80399445452500       -2.71593600112500      H
       -0.11382351020001       -2.69776068112500       -3.07556408322500      H
$end
