$coord
        0.00000000000000        0.00000000000000        0.00000000000000      C
        1.66578271842267        1.66578271842267       -1.66578271842267      C
        0.52023291590910        2.87809483530938       -2.87809483530938      H
        2.87809483530938        2.87809483530938       -0.52023291590910      H
        2.87809483530938        0.52023291590910       -2.87809483530938      H
       -1.66578271842267        1.66578271842267        1.66578271842267      C
       -2.87809483530938        0.52023291590910        2.87809483530938      H
       -0.52023291590910        2.87809483530938        2.87809483530938      H
       -2.87809483530938        2.87809483530938        0.52023291590910      H
        1.66578271842267       -1.66578271842267        1.66578271842267      C
        0.52023291590910       -2.87809483530938        2.87809483530938      H
        2.87809483530938       -0.52023291590910        2.87809483530938      H
        2.87809483530938       -2.87809483530938        0.52023291590910      H
       -1.66578271842267       -1.66578271842267       -1.66578271842267      C
       -0.52023291590910       -2.87809483530938       -2.87809483530938      H
       -2.87809483530938       -2.87809483530938       -0.52023291590910      H
       -2.87809483530938       -0.52023291590910       -2.87809483530938      H
$end
