$coord
        2.44033545199999        0.45274055300000       -0.70407410999999      C
        0.12171725100000       -0.39878887600000        0.20949502300000      N
        0.24171485099999       -0.63148973400000        2.73573741899999      C
        2.59740947700001        0.03365602000001        3.43036289900000      N
        4.00952612000000        0.73557584199999        1.32700338500000      C
       -2.15904973900000       -0.91884146800000       -1.31632643300000      C
        3.19777542400000        0.03365602000001        5.25646181500001      H
       -1.31519259799999       -1.23886656500000        4.00106014800001      H
        5.94248904100000        1.37685435700000        1.45548585500000      H
        2.75582520600000        0.79795569700000       -2.69174459799999      H
       -2.01376760400000       -2.81009813700000       -2.14268471200001      H
       -3.80422628900000       -0.75545575900001       -0.07789450500001      H
       -2.29019672200000        0.50633318200001       -2.80854856199999      H
       -3.99907593500001       -1.87362552500001        5.88056272099999      O
       -5.76338081200000        0.35027960999999        5.46281989300000      Cl
       -4.75611906499999        1.80665363600000        3.24036984799999      O
       -8.29971434500001       -0.60743352200000        4.89760284900001      O
       -5.74928345600000        1.96563628299999        7.71212294500000      O
$end
