$coord
    1.58095959483333     -0.42420270200000      2.11897079995833      c
    0.72294517183333     -2.56773351600000      0.34254518395833      c
   -1.11846302416667     -1.68000140800000     -1.74818282604167      c
   -0.28885086016667      0.61068766100000     -2.96830019904167      o
    2.38888254183333      1.91413555600000      0.58701123695833      c
    0.46479035483333      2.69362129800000     -1.47250596004167      c
   -1.53398226516667      4.11033541200000     -0.46202593004167      o
    2.87341444283333     -3.77236644000000     -0.72911425704167      o
   -3.93484653516667     -1.61397034600000     -1.04495218404167      c
   -2.92222227216667      2.95859915600000      0.01540432195833      h
   -4.65103516816667      0.20009509900000      0.82078431495833      o
    4.00702456083333     -2.45531022100000     -1.34439472704167      h
   -3.62760953416667     -0.08924829500000      2.33583805795833      h
   -0.45430282416667      0.10986847000000      3.83206984295833      o
    4.76362981583333      1.21176373600000     -0.52182794404167      o
    1.43006784583333      3.94969606500000     -2.81273684404167      h
   -0.22218528916667     -4.01696964000000      1.48058724595833      h
    5.26678085083333      2.48162211100000     -1.74671401704167      h
   -0.96704301616667     -3.10671235100000     -3.24248179004167      h
   -5.01540215416667     -1.12739536400000     -2.73714643204167      h
   -0.13851712116667      1.69628678900000      4.69805779895833      h
    3.21923616283333     -1.10365791800000      3.19052755395833      h
    2.65515432183333      3.54385017700000      1.85079788795833      h
   -4.49842560016667     -3.52299332900000     -0.44221113504167      h
$user-defined bonds
$redundant
     number_of_atoms            24
     degrees_of_freedom         66
     internal_coordinates       66
     frozen_coordinates          0
# definitions of redundant internals
   1 k  1.0000000000000 tors   10    7    6    4 val= 152.78101
        1.0000000000000 tors   10    7    6    5
   2 k  1.0000000000000 stre    7   10           val=   1.86592
   3 k  1.0000000000000 bend    6   10    7      val= 109.19144
   4 k  1.0000000000000 tors   12    8    2    1 val=  15.55092
        1.0000000000000 tors   12    8    2    3
   5 k  1.0000000000000 stre    8   12           val=   1.84344
   6 k  1.0000000000000 bend    2   12    8      val= 107.75084
   7 k  1.0000000000000 tors   13   11    9    3 val= -55.75174
   8 k  1.0000000000000 stre   11   13           val=   1.85108
   9 k  1.0000000000000 bend    9   13   11      val= 108.30114
  10 k  1.0000000000000 stre    6   16           val=   2.07502
  11 k -0.7422633370448 bend    7   16    6      val=  -0.18397
        0.6646730528965 bend    4   16    6
        0.0851755318880 bend    5   16    6
  12 k -0.3298476068986 bend    7   16    6      val=   2.58234
       -0.4730433223107 bend    4   16    6
        0.8169642412251 bend    5   16    6
  13 k  1.0000000000000 stre    2   17           val=   2.07092
  14 k  0.2357996131976 bend    8   17    2      val=   0.96816
        0.5716543078797 bend    1   17    2
       -0.7858816034864 bend    3   17    2
  15 k  0.7972515396432 bend    8   17    2      val=   1.49922
       -0.5762087914588 bend    1   17    2
       -0.1799261270135 bend    3   17    2
  16 k  1.0000000000000 tors   18   15    5    1 val= 109.09544
        1.0000000000000 tors   18   15    5    6
  17 k  1.0000000000000 stre   15   18           val=   1.83468
  18 k  1.0000000000000 bend    5   18   15      val= 109.49282
  19 k  1.0000000000000 stre    3   19           val=   2.07156
  20 k  0.0584381624692 bend    4   19    3      val=   0.17336
       -0.7328019353866 bend    9   19    3
        0.6779279494614 bend    2   19    3
  21 k  0.8284317475474 bend    4   19    3      val=   1.94812
       -0.3433243049821 bend    9   19    3
       -0.4425260006646 bend    2   19    3
  22 k  1.0000000000000 stre    9   20           val=   2.06588
  23 k  1.0000000000000 stre    9   24           val=   2.07973
  24 k -0.0130436057076 bend   24   20    9      val=   0.04305
        0.4821258319892 bend   11   20    9
        0.5254489234817 bend   11   24    9
       -0.4978219010991 bend    3   20    9
       -0.4934180074510 bend    3   24    9
  25 k  0.0316520547823 bend   24   20    9      val=   1.60388
        0.5466102532832 bend   11   20    9
       -0.5111940327335 bend   11   24    9
        0.4607771879335 bend    3   20    9
       -0.4760046453676 bend    3   24    9
  26 k  0.9110641642860 bend   24   20    9      val=   5.73145
       -0.2229803500271 bend   11   20    9
       -0.1733644071977 bend   11   24    9
       -0.2110778498838 bend    3   20    9
       -0.2136182943035 bend    3   24    9
  27 k -0.0191423529334 bend   24   20    9      val=   1.86271
       -0.4688964990470 bend   11   20    9
        0.4672871348714 bend   11   24    9
        0.5470664813056 bend    3   20    9
       -0.5119869550304 bend    3   24    9
  28 k  1.0000000000000 tors   21   14    1    2 val=  74.68842
        1.0000000000000 tors   21   14    1    5
  29 k  1.0000000000000 stre   14   21           val=   1.83477
  30 k  1.0000000000000 bend    1   21   14      val= 109.82101
  31 k  1.0000000000000 stre    1   22           val=   2.07216
  32 k  0.7280115211047 bend   14   22    1      val=   1.70017
       -0.6850499359662 bend    5   22    1
       -0.0265670918902 bend    2   22    1
  33 k -0.3675971065922 bend   14   22    1      val=   2.05162
       -0.4227740132211 bend    5   22    1
        0.8283323614166 bend    2   22    1
  34 k  1.0000000000000 stre    5   23           val=   2.07943
  35 k  0.4293150865862 bend   15   23    5      val=   5.42760
        0.4296555209423 bend    1   23    5
       -0.7944083897803 bend    6   23    5
  36 k  0.7163050919942 bend   15   23    5      val=   1.98493
       -0.6977191740233 bend    1   23    5
        0.0097452236216 bend    6   23    5
  37 k  1.0000000000000 stre    6    7           val=   2.65014
  38 k  0.7574082666696 bend    4    7    6      val=   9.85315
       -0.6529415881843 bend    5    7    6
  39 k  0.6529415881843 bend    4    7    6      val= 113.08833
        0.7574082666696 bend    5    7    6
  40 k  1.0000000000000 stre    2    8           val=   2.68777
  41 k -0.7031571830511 bend    1    8    2      val=   1.15078
        0.7110344407437 bend    3    8    2
  42 k  0.7110344407437 bend    1    8    2      val= 110.24394
        0.7031571830511 bend    3    8    2
  43 k  1.0000000000000 tors   11    9    3    2 val=   0.58727
        1.0000000000000 tors   11    9    3    4
  44 k  1.0000000000000 stre    9   11           val=   2.69902
  45 k  1.0000000000000 bend    3   11    9      val= 116.10922
  46 k  1.0000000000000 stre    1   14           val=   2.71334
  47 k  0.7399805479617 bend    5   14    1      val=   7.50336
       -0.6726282692827 bend    2   14    1
  48 k  0.6726282692827 bend    5   14    1      val= 110.13315
        0.7399805479617 bend    2   14    1
  49 k  1.0000000000000 stre    5   15           val=   2.71335
  50 k -0.6573873116255 bend    1   15    5      val=  10.55764
        0.7535528664360 bend    6   15    5
  51 k  0.7535528664360 bend    1   15    5      val= 107.48300
        0.6573873116255 bend    6   15    5
  52 k  1.0000000000000 stre    3    9           val=   2.90360
  53 k  0.7192697150711 bend    4    9    3      val=   0.10082
       -0.6947309385521 bend    2    9    3
  54 k  0.6947309385521 bend    4    9    3      val= 114.54186
        0.7192697150711 bend    2    9    3
  55 k  1.0000000000000 stre    1    5           val=   2.90989
  56 k  1.0000000000000 stre    5    6           val=   2.92427
  57 k  1.0000000000000 stre    6    4           val=   2.67282
  58 k  1.0000000000000 stre    4    3           val=   2.72474
  59 k  1.0000000000000 stre    3    2           val=   2.92404
  60 k  1.0000000000000 stre    2    1           val=   2.91318
  61 k -0.5000000000000 bend    1    6    5      val=   1.04745
       -0.5000000000000 bend    5    4    6
        1.0000000000000 bend    6    3    4
       -0.5000000000000 bend    4    2    3
       -0.5000000000000 bend    3    1    2
        1.0000000000000 bend    2    5    1
  62 k  0.8660254037844 bend    1    6    5      val=   0.24720
       -0.8660254037844 bend    5    4    6
        0.8660254037844 bend    4    2    3
       -0.8660254037844 bend    3    1    2
  63 k -1.0000000000000 bend    1    6    5      val=  -1.92359
        1.0000000000000 bend    5    4    6
       -1.0000000000000 bend    6    3    4
        1.0000000000000 bend    4    2    3
       -1.0000000000000 bend    3    1    2
        1.0000000000000 bend    2    5    1
  64 k -0.5000000000000 tors    5    6    4    3 val=  -0.99386
       -0.5000000000000 tors    6    4    3    2
        1.0000000000000 tors    4    3    2    1
       -0.5000000000000 tors    3    2    1    5
       -0.5000000000000 tors    2    1    5    6
        1.0000000000000 tors    1    5    6    4
  65 k  0.8660254037844 tors    5    6    4    3 val=   0.83257
       -0.8660254037844 tors    6    4    3    2
        0.8660254037844 tors    3    2    1    5
       -0.8660254037844 tors    2    1    5    6
  66 k -1.0000000000000 tors    5    6    4    3 val= -48.16918
        1.0000000000000 tors    6    4    3    2
       -1.0000000000000 tors    4    3    2    1
        1.0000000000000 tors    3    2    1    5
       -1.0000000000000 tors    2    1    5    6
        1.0000000000000 tors    1    5    6    4
        66 non zero eigenvalues  of BmBt
           1           6.510886966    1    0
         1
           2           5.678707870    2    0
         2
           3           4.403384741    3    0
         3
           4           4.263101573    4    0
         4
           5           4.079408591    5    0
         5
           6           3.928467632    6    0
         6
           7           3.865469971    7    0
         7
           8           3.631317724    8    0
         8
           9           3.314954065    9    0
         9
          10           3.203576784   10    0
        10
          11           2.995478774   11    0
        11
          12           2.767510110   12    0
        12
          13           2.695652664   13    0
        13
          14           2.553541366   14    0
        14
          15           2.444802025   15    0
        15
          16           2.326058607   16    0
        16
          17           2.266393183   17    0
        17
          18           2.170676513   18    0
        18
          19           2.156931929   19    0
        19
          20           2.124492888   20    0
        20
          21           2.029692852   21    0
        21
          22           1.962365739   22    0
        22
          23           1.848878468   23    0
        23
          24           1.624689132   24    0
        24
          25           1.617658947   25    0
        25
          26           1.467381413   26    0
        26
          27           1.304938678   27    0
        27
          28           1.225715618   28    0
        28
          29           1.179722381   29    0
        29
          30           1.088208007   30    0
        30
          31           0.981773517   31    0
        31
          32           0.926148115   32    0
        32
          33           0.881888120   33    0
        33
          34           0.821392578   34    0
        34
          35           0.753447901   35    0
        35
          36           0.707490261   36    0
        36
          37           0.650404397   37    0
        37
          38           0.487010322   38    0
        38
          39           0.473611867   39    0
        39
          40           0.459408335   40    0
        40
          41           0.384367612   41    0
        41
          42           0.380439807   42    0
        42
          43           0.334339900   43    0
        43
          44           0.327932519   44    0
        44
          45           0.314120415   45    0
        45
          46           0.304242711   46    0
        46
          47           0.285860904   47    0
        47
          48           0.280918791   48    0
        48
          49           0.275978509   49    0
        49
          50           0.258466133   50    0
        50
          51           0.214603869   51    0
        51
          52           0.211869597   52    0
        52
          53           0.193979824   53    0
        53
          54           0.148860690   54    0
        54
          55           0.143410855   55    0
        55
          56           0.095669717   56    0
        56
          57           0.092326269   57    0
        57
          58           0.082093553   58    0
        58
          59           0.066520421   59    0
        59
          60           0.055750049   60    0
        60
          61           0.043916481   61    0
        61
          62           0.027776727   62    0
        62
          63           0.020449201   63    0
        63
          64           0.014187431   64    0
        64
          65           0.013064501   65    0
        65
          66           0.005065534   66    0
        66
$end
