$coord
       -5.22618594346297       -1.61463670982991       -0.28518506260788      C
       -2.75912011211680       -1.43921693756267        1.20259628538045      C
       -0.48176932725399       -1.20081676594376       -0.54375666920105      C
        2.06500614902189       -0.50578606976723        0.63749823911024      C
        2.30193588343872        2.39855087377841        0.31979569525775      C
        1.35146918855214        3.82218613251308        2.29301020398371      O
        0.99471920914082        2.87085692435328       -2.20202051103349      C
       -5.43992780066013        0.65363516325904       -1.72749427686843      O
        3.86778665060702       -1.77680405690760       -0.79307690942401      O
       -2.77931441883157        0.62308711720500        2.86446573901805      O
       -0.91405915958571        0.84748247086848       -2.39494458766452      O
        6.28316333449682       -1.96422133780483        0.32517801928719      C
       -5.20031921744863       -3.28842113325313       -1.50332597112412      H
       -6.83108690057140       -1.79690875262103        1.00687392231914      H
       -2.50749860064976       -3.24234077362997        2.20506720767737      H
       -0.29833213309211       -2.93520018399240       -1.64774555438163      H
        2.14344159450454       -1.02887115349178        2.64956168581296      H
        4.29623425908442        2.90485010907610        0.12674890200532      H
       -0.23810669229700        3.15407491606767        2.87803202795529      H
        0.02137898975875        4.68122287216416       -2.30356904612899      H
        2.23623442325761        2.62263386486751       -3.82189978576700      H
       -6.90499673641980        0.65339354389054       -2.80645122086893      H
       -4.00863475038137        0.41016820265127        4.18629723530170      H
        7.18469818200668       -0.12086847187262        0.59454476052122      H
        6.19726379409962       -2.92495685652452        2.15711793016232      H
        7.45313797878656       -3.07460070514559       -0.94756952389403      H
       -2.80711784398427        1.27150771765254       -2.46974873482853      H
$eht charge=1 unpaired=0
$end
