$coord
        1.55405107338353        0.08631126252148       -2.12361668941486      C
       -0.97314457904016        1.46093602002181       -1.44437706513505      C
       -0.97314457904016        1.46093602002181        1.44437706513505      C
        1.55405107338353        0.08631126252148        2.12361668941486      C
        1.27506491245574       -2.62114067884973       -1.25939497401091      C
        1.27506491245574       -2.62114067884973        1.25939497401091      C
        3.22973973470011        1.13917484082140        0.00000000000000      C
       -3.33426024502419        0.04256984659357       -2.15729950768836      C
       -3.33426024502419        0.04256984659357        2.15729950768836      C
       -4.59604314451543       -0.69139954666408        0.00000000000000      O
       -4.12616206516618       -0.45212167641120        4.19672617507841      O
       -4.12616206516618       -0.45212167641120       -4.19672617507841      O
        2.15632676927239        0.37795714233992       -4.06665086257162      H
       -1.03501785808827        3.33665061431807       -2.29831601327869      H
       -1.03501785808827        3.33665061431807        2.29831601327869      H
        2.15632676927239        0.37795714233992        4.06665086257162      H
        0.92635136412483       -4.20980264638295       -2.49854170513375      H
        0.92635136412483       -4.20980264638295        2.49854170513375      H
        3.36387545338706        3.20139455300870        0.00000000000000      H
        5.11600921259294        0.30811038453205        0.00000000000000      H
$end
