$coord
        2.63053846122560       -0.01079789512331        1.08195891793142      C
        1.64716277619458       -1.00538154584849        2.59832807929057      H
        2.81230743849560       -1.60827410210592       -1.10463563152604      O
        1.18289863931950        2.35635998633137        0.33118962259726      C
        0.83108832516018        3.44544884096216        2.05074024803816      H
        2.38377046388887        3.51235081524470       -0.88405734866495      H
       -1.32451282599180        1.86219282312950       -1.03724610790121      C
        3.87524248344726       -3.01776413284133       -0.67574716785857      H
        4.51539476986681        0.50811712151482        1.74516586317215      H
       -3.16019090175080        0.12231441367716        0.34373551439349      C
       -2.40393384172676       -2.46439940880069        0.35304619505022      O
       -0.88784435983526       -2.59109987683228       -0.64946296707628      H
       -5.01706414581623        0.25719361641186       -0.54972889096098      H
       -3.37311012459529        0.73997328993696        2.30677735205671      H
       -2.26173195022711        3.67660959016737       -1.33871978705885      H
       -0.95229724904958        1.07551873127053       -2.90841324043577      H
$end
