$coord
        0.79457714965951        3.55602905386715        0.00000000000000      C
       -0.79457714965951        3.77432460885587        2.39660993619036      C
       -0.79457714965951        3.77432460885587       -2.39660993619036      C
        2.25063800006749        5.02905587026015        0.00000000000000      H
        1.79951300232101        1.74494525518548        0.00000000000000      H
        0.37035808014807        3.61430066526316        4.09670630847075      H
       -2.22853764673774        2.28531070488958        2.46581361633476      H
       -1.77392043411707        5.59484192304179        2.46581361633476      H
        0.37035808014807        3.61430066526316       -4.09670630847075      H
       -2.22853764673774        2.28531070488958       -2.46581361633476      H
       -1.77392043411707        5.59484192304179       -2.46581361633476      H
       -0.79457714965951       -3.55602905386715        0.00000000000000      C
        0.79457714965951       -3.77432460885587       -2.39660993619036      C
        0.79457714965951       -3.77432460885587        2.39660993619036      C
       -1.79951300232101       -1.74494525518548        0.00000000000000      H
       -2.25063800006749       -5.02905587026015        0.00000000000000      H
       -0.37035808014807       -3.61430066526316       -4.09670630847075      H
        1.77392043411707       -5.59484192304179       -2.46581361633476      H
        2.22853764673774       -2.28531070488958       -2.46581361633476      H
       -0.37035808014807       -3.61430066526316        4.09670630847075      H
        1.77392043411707       -5.59484192304179        2.46581361633476      H
        2.22853764673774       -2.28531070488958        2.46581361633476      H
$end
