$coord
        2.87607017086215        2.11918950308230        0.00000000000000      N
        1.54970745919691        2.19379094762368       -2.15438138427254      C
        2.64478384956991        2.13005222646921       -3.88281752577616      H
       -1.07524688817301        2.35521081734147       -2.25463307223151      C
       -2.02812096540522        2.41577838278326       -4.06028796490850      H
       -2.42082382602966        2.44475264824175        0.00000000000000      C
       -4.45999422262816        2.57392075160733        0.00000000000000      H
       -1.07524688817301        2.35521081734147        2.25463307223151      C
       -2.02812096540522        2.41577838278326        4.06028796490850      H
        1.54970745919691        2.19379094762368        2.15438138427254      C
        2.64478384956991        2.13005222646921        3.88281752577616      H
        0.30251748090662       -4.22247220675370        1.25905680533285      C
        2.02292433941454       -3.92187529092161        2.31658313807240      H
       -1.41641828493540       -4.51917153833434        2.32159559928063      H
        0.30251748090662       -4.22247220675370       -1.25905680533285      C
        2.02292433941454       -3.92187529092161       -2.31658313807240      H
       -1.41641828493540       -4.51917153833434       -2.32159559928063      H
$end
