$coord
     0.471719071    -1.890899510     0.000000000     C 
    -0.179125237     0.911108710     0.000000000     N 
     3.150913999    -2.771071516     0.000000000     B 
    -1.694798865    -3.701170082     0.000000000     B 
     3.477265898    -5.001184400     0.000000000     H 
     4.980329384    -1.432302697     0.000000000     H 
    -3.880119574    -3.052676593     0.000000000     H 
    -1.253313520    -5.908625152     0.000000000     H 
    -1.694798865     1.541392799     2.288426049     C 
    -2.168751592     3.546641518     2.260905969     H 
    -3.390240236     0.390135820     2.270783567     H 
    -0.557506962     1.078593234     3.933188749     H 
    -1.694798865     1.541392799    -2.288426049     C 
    -2.168751592     3.546641518    -2.260905969     H 
    -0.557506962     1.078593234    -3.933188749     H 
    -3.390240236     0.390135820    -2.270783567     H 
     2.087714472     2.561463109     0.000000000     C 
     1.461430933     4.522225789     0.000000000     H 
     3.200836780     2.152596324     1.672324354     H 
     3.200836780     2.152596324    -1.672324354     H 
$end
