$coord
        1.96019024092867        0.00101856238563       -1.10001336140499      C
       -0.33351209601459       -0.00051211578200        0.19410321973935      C
       -0.34614869466520       -0.00097887813682        2.83106108063837      C
        1.92729388840741        0.00007558904532        4.16717115590771      C
        4.21147389536706        0.00160248776069        2.85633049848730      C
        4.23629922757478        0.00207113984164        0.22350357891479      C
       -3.78714912031053       -0.00320497552138        4.78927844748432      I
        1.91458925961602       -0.00025511302794        6.21010116583864      H
        5.96986217229103        0.00241695972395        3.89893020052297      H
        6.01197093971012        0.00324088031790       -0.78691030762558      H
        1.96207051843091        0.00137761035088       -3.14425673099830      H
       -2.09628075811458       -0.00130013157943       -0.83853195639760      H
       -8.65984438409654       -0.00373163652544        7.56764150079399      N
      -10.26546153125965        1.95226719184052        6.50730482927506      C
       -9.83047681108750       -2.46815372203972        7.27665202222160      C
       -8.14587478074819        0.50751865091772       10.21384768138734      C
       -9.88178476532145        0.53602705935843       11.35926549258718      H
       -6.89190165184471       -0.93982637371166       10.96613820625847      H
       -7.21379949104661        2.33262181923708       10.39647459432168      H
      -12.11103043359814        2.05509852908762        7.46099480648459      H
       -9.33681042531084        3.77963803151934        6.68412839325531      H
      -10.58381991341461        1.57703939144246        4.50955439172914      H
      -11.65361844368090       -2.59310430367226        8.27002813794786      H
      -10.14794324250774       -2.85085727901946        5.28020549570735      H
       -8.57915118849620       -3.92011723733787        8.02425602628314      H
$end
