$coord
   -2.43785716715568     -2.20825184594770     -0.68957488497598       n
   -2.03582116310203     -3.07828071688461     -2.33177989239973       h
   -0.56954163777708     -0.48196448292040      0.36099214721598       c
   -0.77877136637753     -0.57543238870482      2.41096009663977       h
    2.05511551788015     -1.30962247005537     -0.43407196334644       c
   -1.15174859763384      2.22010077106008     -0.52149315692124       c
    2.22906844658612     -1.13738392574955     -2.47918715442981       h
    2.30671067580862     -3.29367525415328      0.05709363998321       h
    4.09764690082888      0.26854728064911      0.81502596097501       c
    0.05915480375217      3.26080293090676     -2.20552492166369       o
    3.92738201500418      0.23788551167727      2.87115851749839       h
    3.95477691696006      2.23805590158397      0.23254720740162       h
    6.69821780382163     -0.65574174458480      0.15264345431663       c
    8.50148116919631      0.77370150668204      1.27131999737028       o
    7.18975349444016     -2.43503332760019     -1.19446826885994       o
   -4.72871137492742     -2.56727519109729      0.39685482761609       c
   -6.41355101898496     -4.48920578918100     -0.85827923953672       c
   -5.38827746447549     -1.41896398778666      2.31061011271194       o
   -6.75720292574288     -6.01741588768463      0.47243113026606       h
   -5.61618383789920     -5.26415070873514     -2.58532907307001       h
   -8.22019280516314     -3.60467493854636     -1.27377760954882       h
   -3.11322104422207      3.28775734016457      0.71340421578580       n
   -4.09532899768621      5.72365311165986     -0.05045733115985       c
   -4.15751977350919      2.12680275241829      1.82192787228382       h
   -5.00900784017853      6.62285087134924      1.55247427723796       h
   -2.53024289181534      6.88558691032537     -0.69023689639377       h
   -5.44996966704575      5.55896111168834     -1.59436123750615       h
   10.09710122328953      0.05343512917042      0.73594301446009       h
$end
