$coord
     1.039007254     2.776251255     0.000000000     C 
     0.035538187     0.086781887     0.000000000     N 
     0.157521889     3.643414386     1.668790566     H 
     0.157521889     3.643414386    -1.668790566     H 
     1.039007254    -1.196971340     2.273104151     C 
     0.423890106    -3.163924762     2.297296423     H 
     3.082613632    -1.039593069     2.212154818     H 
     0.329345225    -0.205677777     3.926397074     H 
     1.039007254    -1.196971340    -2.273104151     C 
     0.423890106    -3.163924762    -2.297296423     H 
     0.329345225    -0.205677777    -3.926397074     H 
     3.082613632    -1.039593069    -2.212154818     H 
    -2.771954018    -0.144055702     0.000000000     C 
    -3.355371012    -2.125529779     0.000000000     H 
    -3.475277906     0.810049943     1.675835464     H 
    -3.475277906     0.810049943    -1.675835464     H 
$end
