$coord
    0.00000000000000      2.40517863411786      0.45569430915396      c
   -2.32047732668666      1.25414871488795      1.64329155350547      c
   -2.32047732668666     -1.25414871488795      1.64329155350547      c
    0.00000000000000     -2.40517863411786      0.45569430915396      c
    0.00000000000000      1.45123739283516     -2.34063309888309      c
    0.00000000000000     -1.45123739283516     -2.34063309888309      c
    2.32047732668666      1.25414871488795      1.64329155350547      c
    2.32047732668666     -1.25414871488795      1.64329155350547      c
    0.00000000000000      4.46284119298256      0.53115661461468      h
   -3.85505903145733      2.41626917044555      2.34089086627900      h
   -3.85505903145733     -2.41626917044555      2.34089086627900      h
    0.00000000000000     -4.46284119298256      0.53115661461468      h
    1.66467074648882      2.19481730497369     -3.30729133222725      h
   -1.66467074648882      2.19481730497369     -3.30729133222725      h
    1.66467074648882     -2.19481730497369     -3.30729133222725      h
   -1.66467074648882     -2.19481730497369     -3.30729133222725      h
    3.85505903145733      2.41626917044555      2.34089086627900      h
    3.85505903145733     -2.41626917044555      2.34089086627900      h
$redundant
     number_of_atoms            18
     degrees_of_freedom         14
     internal_coordinates       17
     frozen_coordinates          0
# definitions of redundant internals
   1 k  1.0000000000000 stre    1    9           val=   2.05905
   2 k  1.0000000000000 stre    2   10           val=   2.04746
   3 k  1.0000000000000 stre    5   13           val=   2.06361
   4 k  0.0608052534870 bend   14   13    5      val=   0.89388
       -0.5051029790501 bend    6   13    5
       -0.5051029790501 bend    6   14    5
        0.4929729618639 bend    1   13    5
        0.4929729618639 bend    1   14    5
   5 k  0.7071813557736 bend    3   10    2      val=   1.53477
       -0.7070321987337 bend    1   10    2
   6 k -0.8922834293464 bend   14   13    5      val=   1.37612
        0.1938495956800 bend    6   13    5
        0.1938495956800 bend    6   14    5
        0.2536483296054 bend    1   13    5
        0.2536483296054 bend    1   14    5
   7 k  1.0000000000000 outp   10    1    3    2 val=   2.18732
   8 k -0.3902849922902 bend    7    9    1      val=   2.73611
       -0.3902849922902 bend    2    9    1
        0.8338796373494 bend    5    9    1
   9 k  1.0000000000000 stre    1    2           val=   2.84954
  10 k  1.0000000000000 stre    1    5           val=   2.95456
  11 k  1.0000000000000 stre    2    3           val=   2.50830
  12 k  1.0000000000000 stre    5    6           val=   2.90247
  13 k  0.9983870291138 bend    2    7    1      val=  97.50965
       -0.0567744669493 bend    5    2    1
  14 k  0.0567744669493 bend    2    7    1      val= 105.51015
        0.9983870291138 bend    5    2    1
  15 k  1.0000000000000 bend    1    3    2      val= 113.82444
  16 k  1.0000000000000 bend    1    6    5      val= 108.83660
  17 k  1.0000000000000 tors    3    2    1    5 val=   4.57591
        1.0000000000000 tors    3    2    1    7
        14 non zero eigenvalues  of BmBt
           1           2.304052916    1    0
         1
           2           2.194061728    2    0
         2
           3           2.033943585    3    0
         3
           4           1.399160435    4    0
         4
           5           1.154330183    5    0
         5
           6           1.101437205    6    0
         6
           7           0.761395097    7    0
         7
           8           0.628995322    8    0
         8
           9           1.127927909    9    0
         9
          10           0.740887277   10    0
        10
          11           0.500593320   11    0
        11
          12           0.421239770   12    0
        12
          13           0.329516302    0    0
         0.000000000         0.000000000         0.000000000         0.000000000
         0.000000000         0.000000000         0.000000000         0.000000000
         0.000000000         0.000000000         0.000000000         0.000000000
         0.487556424         0.567180215        -0.554205221        -0.365310704
         0.000000000
          14           0.095222534    0    0
         0.000000000         0.000000000         0.000000000         0.000000000
         0.000000000         0.000000000         0.000000000         0.000000000
         0.000000000         0.000000000         0.000000000         0.000000000
         0.788121085        -0.613053414         0.045964213         0.030297836
         0.000000000
$user-defined bonds
$end
