$coord
       -0.48584102986038        2.94204469642274       -0.77849157770356      C
       -2.54576345717822        2.91233631188765       -0.80139694816028      H
        0.19132343259786        5.53881753110594       -0.55879012776814      O
        0.48584102986038        1.36299331923577        1.42673945087640      C
        2.55493051864886        1.35615251063473        1.40211631936490      H
       -0.08616584248119        2.30193398397812        3.17070911740643      H
       -0.48584102986038       -1.36299331923577        1.42673945087640      C
       -2.55493051864886       -1.35615251063473        1.40211631936490      H
        0.08616584248119       -2.30193398397812        3.17070911740643      H
        2.00428511051343        5.63278416306369       -0.60764521748164      H
        0.16800799157032        2.17518438306709       -2.58296082637794      H
        0.48584102986038       -2.94204469642274       -0.77849157770356      C
       -0.16800799157032       -2.17518438306709       -2.58296082637794      H
        2.54576345717822       -2.91233631188765       -0.80139694816028      H
       -0.19132343259786       -5.53881753110594       -0.55879012776814      O
       -2.00428511051343       -5.63278416306369       -0.60764521748164      H
$end
