$coord
    4.64381657369231      1.61906395284615      1.27394714730769      c
    3.27672265169231     -0.90364843515385      0.90789966430769      c
    1.12612754769231     -0.77415496115385     -1.03958580169231      c
   -1.28430299130769      0.54426150884615     -0.06899418669231      c
   -3.38719952230769     -1.43146591115385     -0.47147180769231      c
   -5.23034187730769     -1.23437127015385      1.48342138330769      o
   -1.91050149230769     -3.92417511915385     -0.46270725869231      c
    5.93386069769231      2.38979058784615     -0.94783960469231      o
   -1.61430017130769      2.83696967684615     -1.40398166369231      o
    5.14992298869231     -2.66471243115385      0.08955571330769      o
    0.40566951369231     -3.33267765615385     -1.71712626769231      o
   -3.48582621130769      4.47143148084615     -0.37173017969231      c
    5.96567045569231      1.42276866584615      2.86612444230769      h
    3.29485646269231      3.11722171084615      1.73349260330769      h
    2.50171956669231     -1.51078905015385      2.74542764330769      h
    1.79869236569231      0.14910279684615     -2.75967864869231      h
   -1.16706628030769      0.93267956784615      1.97545689830769      h
   -4.23981365330769     -1.10368726915385     -2.33542571469231      h
   -6.67648870630769     -2.26660196715385      1.06431606430769      h
   -2.82161776130769     -5.45408594315385     -1.51257476769231      h
   -1.59372672530769     -4.54457216215385      1.49778519130769      h
    6.93256198669231      0.95525801484615     -1.49478299769231      h
    4.26085793269231     -4.06173205415385     -0.69796113669231      h
   -5.38396715130769      3.64559665584615     -0.48206183169231      h
   -3.07335760930769      4.91678320484615      1.61575700530769      h
   -3.42196859030769      6.20574640584615     -1.48726188869231      h
$redundant
     number_of_atoms            26
     degrees_of_freedom         72
     internal_coordinates       72
     frozen_coordinates          0
# definitions of redundant internals
   1 k  1.0000000000000 stre    1   14           val=   2.06769
   2 k  1.0000000000000 stre    1   13           val=   2.07867
   3 k -0.0089080235656 bend   13   14    1      val=   0.25151
        0.4808782975577 bend    8   14    1
        0.5276286677516 bend    8   13    1
       -0.5109091399438 bend    2   14    1
       -0.4788074244858 bend    2   13    1
   4 k -0.0019183591686 bend   13   14    1      val=   0.40749
        0.5499436347348 bend    8   14    1
       -0.5006784323249 bend    8   13    1
        0.4574350613330 bend    2   14    1
       -0.4874757333250 bend    2   13    1
   5 k  0.9011094321394 bend   13   14    1      val=   1.80920
       -0.2206155655934 bend    8   14    1
       -0.1996880415672 bend    8   13    1
       -0.2049681889613 bend    2   14    1
       -0.2396733007580 bend    2   13    1
   6 k -0.0214581514887 bend   13   14    1      val=   2.54967
       -0.4653632557465 bend    8   14    1
        0.4799248243709 bend    8   13    1
        0.5384005590894 bend    2   14    1
       -0.5126144641546 bend    2   13    1
   7 k  1.0000000000000 stre    2   15           val=   2.08465
   8 k  0.4351357619325 bend   10   15    2      val=   3.45467
        0.4162713882733 bend    1   15    2
       -0.7983576892549 bend    3   15    2
   9 k  0.7102026491266 bend   10   15    2      val=   2.54335
       -0.7037083681901 bend    1   15    2
        0.0201675410720 bend    3   15    2
  10 k  1.0000000000000 stre    3   16           val=   2.06482
  11 k  0.1236927353929 bend   11   16    3      val=   1.77245
       -0.7494043907856 bend    2   16    3
        0.6504561217194 bend    4   16    3
  12 k  0.8344466851629 bend   11   16    3      val=   4.20438
       -0.2761888988120 bend    2   16    3
       -0.4768840758440 bend    4   16    3
  13 k  1.0000000000000 stre    4   17           val=   2.08432
  14 k -0.7845337086666 bend    9   17    4      val=   4.38073
        0.5251168199210 bend    5   17    4
        0.3297865755332 bend    3   17    4
  15 k -0.0948630789623 bend    9   17    4      val=   5.48548
       -0.6272185372604 bend    5   17    4
        0.7730445671284 bend    3   17    4
  16 k  1.0000000000000 stre    5   18           val=   2.07574
  17 k -0.7739094746500 bend    6   18    5      val=   5.40843
        0.5485857921107 bend    7   18    5
        0.3164138962516 bend    4   18    5
  18 k -0.1093033093993 bend    6   18    5      val=   3.94644
       -0.6078377603791 bend    7   18    5
        0.7865024117011 bend    4   18    5
  19 k  1.0000000000000 tors   19    6    5    4 val=  47.46287
        1.0000000000000 tors   19    6    5    7
  20 k  1.0000000000000 stre    6   19           val=   1.82551
  21 k  1.0000000000000 bend    5   19    6      val= 109.51316
  22 k  1.0000000000000 stre    7   20           val=   2.06712
  23 k  1.0000000000000 stre    7   21           val=   2.08057
  24 k  0.0362732697643 bend   21   20    7      val=   1.23399
        0.4564263252414 bend   11   20    7
        0.5422029139716 bend   11   21    7
       -0.5431142623360 bend    5   20    7
       -0.4487785173727 bend    5   21    7
  25 k -0.0201833306999 bend   21   20    7      val=   0.07689
        0.5577951148620 bend   11   20    7
       -0.4561168299988 bend   11   21    7
        0.4486341114039 bend    5   20    7
       -0.5283390147193 bend    5   21    7
  26 k -0.8804652213016 bend   21   20    7      val=   4.64073
        0.2513361189721 bend   11   20    7
        0.2483250443279 bend   11   21    7
        0.1941734379535 bend    5   20    7
        0.2494844639074 bend    5   21    7
  27 k -0.0198796920931 bend   21   20    7      val=   3.84933
       -0.4751509612834 bend   11   20    7
        0.5068948820685 bend   11   21    7
        0.5176637931954 bend    5   20    7
       -0.4989169646154 bend    5   21    7
  28 k  1.0000000000000 tors   22    8    1    2 val= -50.19999
  29 k  1.0000000000000 stre    8   22           val=   1.83151
  30 k  1.0000000000000 bend    1   22    8      val= 106.53250
  31 k  1.0000000000000 tors   23   10    2    1 val=  80.83079
        1.0000000000000 tors   23   10    2    3
  32 k  1.0000000000000 stre   10   23           val=   1.83365
  33 k  1.0000000000000 bend    2   23   10      val= 106.91299
  34 k  1.0000000000000 tors   26   12    9    4 val=  55.70776
        1.0000000000000 tors   24   12    9    4
        1.0000000000000 tors   25   12    9    4
  35 k  1.0000000000000 stre   12   26           val=   2.06309
  36 k  1.0000000000000 stre   12   24           val=   2.07295
  37 k  1.0000000000000 stre   12   25           val=   2.07812
  38 k  0.4035045620576 bend   24   26   12      val=   0.28927
        0.3846403563238 bend   25   26   12
        0.4424048208879 bend   25   24   12
       -0.4115659748671 bend    9   26   12
       -0.4018818663743 bend    9   24   12
       -0.4032595354757 bend    9   25   12
  39 k  0.4092604064894 bend   24   26   12      val=   1.74448
        0.3251415217183 bend   25   26   12
       -0.6644197605101 bend   25   24   12
        0.4289758368726 bend    9   26   12
       -0.2008313638546 bend    9   24   12
       -0.2469449069132 bend    9   25   12
  40 k -0.5987723426017 bend   24   26   12      val=   0.51802
        0.6640262497435 bend   25   26   12
       -0.0399054746448 bend   25   24   12
        0.0224359149512 bend    9   26   12
       -0.3313374582912 bend    9   24   12
        0.2977591189766 bend    9   25   12
  41 k  0.2487450631438 bend   24   26   12      val=   2.22160
        0.2015371198358 bend   25   26   12
       -0.4275393707763 bend   25   24   12
       -0.6929241213944 bend    9   26   12
        0.3003791493061 bend    9   24   12
        0.3799306489057 bend    9   25   12
  42 k  0.2989267503217 bend   24   26   12      val=  -0.37773
       -0.3300825384152 bend   25   26   12
        0.0241020426513 bend   25   24   12
        0.0487063410943 bend    9   26   12
       -0.6522339393052 bend    9   24   12
        0.6110040818777 bend    9   25   12
  43 k  1.0000000000000 stre    5    6           val=   2.69400
  44 k  0.7606708109976 bend    7    6    5      val=  10.89769
       -0.6491378261173 bend    4    6    5
  45 k  0.6491378261173 bend    7    6    5      val= 111.98476
        0.7606708109976 bend    4    6    5
  46 k  1.0000000000000 tors    8    1    2    3 val= -65.01646
  47 k  1.0000000000000 stre    1    8           val=   2.68227
  48 k  1.0000000000000 bend    2    8    1      val= 111.90606
  49 k  1.0000000000000 stre    2   10           val=   2.69813
  50 k -0.6809230397064 bend    1   10    2      val=   5.74989
        0.7323549781335 bend    3   10    2
  51 k  0.7323549781335 bend    1   10    2      val= 107.98199
        0.6809230397064 bend    3   10    2
  52 k  1.0000000000000 tors   12    9    4    3 val= 133.23488
        1.0000000000000 tors   12    9    4    5
  53 k  1.0000000000000 stre    9   12           val=   2.69065
  54 k  1.0000000000000 bend    4   12    9      val= 114.53343
  55 k  1.0000000000000 tors    1    2    3    4 val=  44.93707
        1.0000000000000 tors    1    2    3   11
  56 k  1.0000000000000 stre    2    1           val=   2.89258
  57 k  1.0000000000000 bend    3    1    2      val= 113.32527
  58 k  1.0000000000000 stre    4    9           val=   2.67350
  59 k  0.7646530501871 bend    5    9    4      val=  12.63372
       -0.6444421718351 bend    3    9    4
  60 k  0.6444421718351 bend    5    9    4      val= 111.71120
        0.7646530501871 bend    3    9    4
  61 k  1.0000000000000 stre    3    2           val=   2.90423
  62 k  0.7229533228513 bend   11    2    3      val=  -0.27057
       -0.6908968757914 bend    4    2    3
  63 k  0.6908968757914 bend   11    2    3      val= 111.43374
        0.7229533228513 bend    4    2    3
  64 k  1.0000000000000 stre    3   11           val=   2.74302
  65 k  1.0000000000000 stre   11    7           val=   2.69965
  66 k  1.0000000000000 stre    7    5           val=   2.89729
  67 k  1.0000000000000 stre    5    4           val=   2.91336
  68 k  1.0000000000000 stre    4    3           val=   2.91384
  69 k -0.8090169943749 bend    3    7   11      val=  -0.41488
        0.3090169943749 bend   11    5    7
        0.3090169943750 bend    7    4    5
       -0.8090169943750 bend    5    3    4
        1.0000000000000 bend    4   11    3
  70 k  0.5877852522925 bend    3    7   11      val=   0.21943
       -0.9510565162952 bend   11    5    7
        0.9510565162952 bend    7    4    5
       -0.5877852522925 bend    5    3    4
  71 k -0.8090169943749 tors    7    5    4    3 val= -28.73695
        0.3090169943749 tors    5    4    3   11
        0.3090169943750 tors    4    3   11    7
       -0.8090169943750 tors    3   11    7    5
        1.0000000000000 tors   11    7    5    4
  72 k  0.5877852522925 tors    7    5    4    3 val=  -6.96792
       -0.9510565162952 tors    5    4    3   11
        0.9510565162952 tors    4    3   11    7
       -0.5877852522925 tors    3   11    7    5
        72 non zero eigenvalues  of BmBt
           1           5.325364271    1    0
         1
           2           5.204906049    2    0
         2
           3           5.004639671    3    0
         3
           4           4.347234834    4    0
         4
           5           4.078158166    5    0
         5
           6           3.935380587    6    0
         6
           7           3.768870760    7    0
         7
           8           3.719397029    8    0
         8
           9           3.573192669    9    0
         9
          10           3.433839571   10    0
        10
          11           3.274259260   11    0
        11
          12           3.220268699   12    0
        12
          13           2.989518299   13    0
        13
          14           2.928319120   14    0
        14
          15           2.804601671   15    0
        15
          16           2.686147906   16    0
        16
          17           2.467497790   17    0
        17
          18           2.374682025   18    0
        18
          19           2.313941922   19    0
        19
          20           2.174026372   20    0
        20
          21           2.021894582   21    0
        21
          22           1.943828178   22    0
        22
          23           1.833434903   23    0
        23
          24           1.772383494   24    0
        24
          25           1.611043212   25    0
        25
          26           1.499226973   26    0
        26
          27           1.327165982   27    0
        27
          28           1.182735899   28    0
        28
          29           1.160584669   29    0
        29
          30           1.122319987   30    0
        30
          31           1.056366214   31    0
        31
          32           1.012975408   32    0
        32
          33           0.963668381   33    0
        33
          34           0.878384004   34    0
        34
          35           0.850875830   35    0
        35
          36           0.799433407   36    0
        36
          37           0.773107135   37    0
        37
          38           0.767748556   38    0
        38
          39           0.697930986   39    0
        39
          40           0.696896000   40    0
        40
          41           0.671852961   41    0
        41
          42           0.570372073   42    0
        42
          43           0.509073945   43    0
        43
          44           0.469349431   44    0
        44
          45           0.424832680   45    0
        45
          46           0.379723096   46    0
        46
          47           0.348834562   47    0
        47
          48           0.333296454   48    0
        48
          49           0.315086044   49    0
        49
          50           0.310721582   50    0
        50
          51           0.306076792   51    0
        51
          52           0.279115894   52    0
        52
          53           0.267302275   53    0
        53
          54           0.257337659   54    0
        54
          55           0.248328485   55    0
        55
          56           0.227682853   56    0
        56
          57           0.224107973   57    0
        57
          58           0.195233286   58    0
        58
          59           0.159336300   59    0
        59
          60           0.134408978   60    0
        60
          61           0.098442295   61    0
        61
          62           0.093310839   62    0
        62
          63           0.072320849   63    0
        63
          64           0.062104390   64    0
        64
          65           0.051404504   65    0
        65
          66           0.039358401   66    0
        66
          67           0.031382080   67    0
        67
          68           0.027760524   68    0
        68
          69           0.021447208   69    0
        69
          70           0.012873654   70    0
        70
          71           0.010364078   71    0
        71
          72           0.005776561   72    0
        72
$user-defined bonds
$end
