$coord
       -1.57362683770190       -0.43473578613772       -0.00430859410055      C
        0.66519166543931        1.16603211629373       -0.15637159236696      N
        0.73784794213001        2.26720203672645        1.41664931659740      H
        2.86214054692851       -0.44951953637036        0.11718627415571      O
        3.81783681260109       -0.08539445526974       -1.39059147420119      H
       -3.22237744667555        0.80666505102757        0.07869594925218      H
       -1.57674166491909       -1.68619824687470        1.64797438976397      H
       -1.71027101780240       -1.58405117939523       -1.70923426910059      H
$end
