$coord
       -0.02333106197077       -1.13187389968969        1.61626548101656      N
        2.64670843736030       -1.27139204126069        1.30707728088723      N
        3.38468813344956        0.52717158854533        1.32028889262907      H
        2.91852653310139       -1.95361519567171       -0.47360189535991      H
       -0.29678386656104       -0.68135859994739        3.47758586769404      H
       -1.01275303996047        1.15721079662386        0.28250250686667      N
       -1.07269634479010        0.48392840852610       -2.34527121831516      N
       -2.82970527150102        1.28319785113389        0.95992265641114      H
       -1.06284378745535        2.12280889089573       -3.34764475089645      H
       -2.65180973167245       -0.53607779915543       -2.79712482093316      H
$end
