$coord
        0.22608956968724        2.46266229499672        0.00000000000000      N
       -2.29142080594651        2.54423453776945        0.00000000000000      C
       -3.82079253542359        0.40558671649851        0.00000000000000      C
       -2.64982301839336       -1.94349967631968        0.00000000000000      C
       -0.02644960808746       -2.05054038166011        0.00000000000000      C
        1.35967281288876        0.19676799918367        0.00000000000000      C
        4.20289149628484        0.20271787360972        0.00000000000000      C
       -3.12794703281276        4.41834447768941        0.00000000000000      H
       -5.85872197687501        0.58645317505617        0.00000000000000      H
       -3.75843838872073       -3.66560595702214        0.00000000000000      H
        0.94410195456106       -3.85273443163308        0.00000000000000      H
        4.97214662746519       -1.70929779169406        0.00000000000000      H
        4.91434545268616        1.20245558176273       -1.65997367089529      H
        4.91434545268616        1.20245558176273        1.65997367089529      H
$end
