$coord
    2.36105028659318     -0.78570844180506      0.39917818940623       c
    1.45342994277727     -2.36363732166910     -0.54468143246003       h
    4.94310026497508     -0.85121012902314     -0.37025404121628       o
    1.09458606795135      1.70565357945965     -0.30859416722636       c
    2.22715185172144      3.24444245165937      0.48520797160585       h
    1.15818858040588      1.92482779580399     -2.36035108792402       h
   -1.62809354978763      1.99915450406265      0.62709427884130       c
   -2.24104322852428      3.94220681869220      0.28395402817966       h
   -1.70620348976432      1.72170680295851      2.67695769395381       h
    5.79207295825688      0.52173070857613      0.46188497167378       h
    2.19404573959941     -1.09939353123341      2.44049248349356       h
   -3.54385443960603      0.25113515442984     -0.62947344404261       c
   -5.46094947607426      0.87152468495166     -0.16530757292644       h
   -3.33982448849064      0.34088769711124     -2.67723170424308       h
   -3.22294303744553     -2.34991224076595      0.00568618593385       o
   -3.54025262159675     -2.51673537405097      1.78638456958266       h
$end
