$coord
    3.25436876551515     -5.58885694351515      0.03803858060606      n
    0.71279880251515     -5.70434565751515      0.59946105460606      c
   -0.28765426248485     -3.30483773551515      0.68970491960606      c
    1.76280048251515     -1.60898062351515      0.14916202760606      c
    1.95172016951515      1.04021490348485     -0.01588664039394      c
    4.27531779851515      2.09661141648485     -0.58472250939394      c
    6.43494579351515      0.58049181348485     -0.99111564239394      c
    6.30181648751515     -2.02959772451515     -0.82270515139394      c
    3.95201780751515     -3.10088905751515     -0.24537118439394      c
    4.41219443151515     -7.08317666751515     -0.10995531039394      h
   -0.20025632448485     -7.49896362851515      0.91018680960606      h
    0.34011838151515      2.26672455048485      0.26718108560606      h
    8.19710394151515      1.49672357048485     -1.47428078339394      h
    7.95744889151515     -3.18635002551515     -1.14600514339394      h
    4.46640500151515      4.69153212448485     -0.84122446639394      o
    5.61810795451515      5.85713968148485      1.29703828660606      c
    7.53191094351515      5.14562950048485      1.59823604260606      h
    4.50107202451515      5.52357847748485      3.00123664860606      h
    5.69180348851515      7.87140806348485      0.90321372060606      h
   -2.98459371648485     -2.59486390151515      1.15540332360606      c
   -4.29548340848485     -1.71280028051515     -1.28366979239394      c
   -6.90572601448485     -0.95771301751515     -0.91937030539394      n
   -7.77283245348485      1.38384645748485     -0.23812786539394      c
   -5.86890706248485      3.52363043948485     -0.30530951339394      c
   -3.09917725248485     -1.08423017251515      2.55978531860606      h
   -4.01940388948485     -4.20556806951515      1.92721844060606      h
   -4.24854072448485     -3.24445721051515     -2.66284473239394      h
   -3.24816324948485     -0.14899155151515     -2.11231841839394      h
   -8.21591461748485     -2.32791175951515     -0.73155610839394      h
   -9.98295392748485      1.72442043448485      0.34178368760606      o
   -5.08588587048485      3.76183229048485     -2.19519613139394      h
   -4.30714679748485      3.17662761448485      0.99175872160606      h
   -6.83931159448485      5.24212268848485      0.25025103060606      h
$user-defined bonds
$end
