$coord
       -8.13847465478578        0.38757678273121       -1.99959216463503      C
       -6.78083568557492        1.66657668864816       -3.82340087055335      C
       -5.62101570459853        3.91259499916249       -2.62780799593620      C
       -7.97594119982240        1.88977564371032        0.36154410449720      C
       -6.12842115525171        3.89845436748271        0.00599099875909      C
       -7.67881162309904        0.19944075120168        2.32206977181447      C
       -7.50507020244154       -2.22697327260187       -1.38980834408880      C
       -7.39984288143055       -2.40209173669241        1.28872972782993      C
       -5.54555478271490       -3.41417897572345       -2.75576059650344      C
       -4.84232551667840        0.45843678839910       -5.29050165909377      C
       -4.32807339927315       -2.12566184208346       -4.86044647851186      C
       -3.17302214219310        4.18893796636933       -3.56789591341384      C
       -2.71256977190065        2.19083736257101       -5.41911226230048      C
       -1.17121597442077        4.96565924863162       -1.91588183229091      C
       -4.05467934969666        4.21274303543791        1.76529635977533      C
       -1.56225246775607        4.95360940994528        0.80027407289212      C
       -5.84690090535859        0.59161807220340        4.22982975015886      C
       -4.16349677241491        2.73772410542810        4.10895039450700      C
       -5.37013736395014       -3.52984174238546        2.59018676116488      C
       -4.75549600237933       -1.88715629431753        4.71450481899522      C
       -3.54009048309455       -4.73637688720248       -1.41415122921479      C
       -3.28707807472431       -4.71882000861969        1.25636079787236      C
       -1.74675587874036       -2.97413111232345       -5.02048303833584      C
       -1.28381643988443       -4.64554153144693       -2.93222246690185      C
       -0.23972026372414        1.36610645406707       -5.88431521511836      C
        0.23972026372414       -1.36610645406707       -5.88431521511836      C
        1.28381643988443        4.64554153144693       -2.93222246690185      C
        1.74675587874036        2.97413111232345       -5.02048303833584      C
        3.54009048309455        4.73637688720248       -1.41415122921479      C
        0.71977022785028        4.74060987374015        2.38945702776795      C
        3.28707807472431        4.71882000861969        1.25636079787236      C
       -1.93232188272919        2.53213040593775        5.57649111129114      C
        0.42391735010228        3.67147614912739        4.82339953151231      C
       -2.45337266784269       -2.09255572996142        5.87725689903943      C
       -1.32899922480390        0.16874385092648        6.79103812799377      C
       -0.71977022785028       -4.74060987374015        2.38945702776795      C
       -0.42391735010228       -3.67147614912739        4.82339953151231      C
        1.17121597442077       -4.96565924863162       -1.91588183229091      C
        1.56225246775607       -4.95360940994528        0.80027407289212      C
        2.71256977190065       -2.19083736257101       -5.41911226230048      C
        3.17302214219310       -4.18893796636933       -3.56789591341384      C
        4.32807339927315        2.12566184208346       -4.86044647851186      C
        5.54555478271490        3.41417897572345       -2.75576059650344      C
        4.84232551667840       -0.45843678839910       -5.29050165909377      C
        7.50507020244154        2.22697327260187       -1.38980834408880      C
        5.37013736395014        3.52984174238546        2.59018676116488      C
        7.39984288143055        2.40209173669241        1.28872972782993      C
        2.45337266784269        2.09255572996142        5.87725689903943      C
        1.32899922480390       -0.16874385092648        6.79103812799377      C
        1.93232188272919       -2.53213040593775        5.57649111129114      C
        4.75549600237933        1.88715629431753        4.71450481899522      C
        4.05467934969666       -4.21274303543791        1.76529635977533      C
        7.67881162309904       -0.19944075120168        2.32206977181447      C
        4.16349677241491       -2.73772410542810        4.10895039450700      C
        5.84690090535859       -0.59161807220340        4.22982975015886      C
        5.62101570459853       -3.91259499916249       -2.62780799593620      C
        6.78083568557492       -1.66657668864816       -3.82340087055335      C
        8.13847465478578       -0.38757678273121       -1.99959216463503      C
        6.12842115525171       -3.89845436748271        0.00599099875909      C
        7.97594119982240       -1.88977564371032        0.36154410449720      C
$end
