$coord
   -0.46161917227273      4.97829266081818      0.51903706548485      n
    1.53080208672727      3.53690605081818      1.37847877648485      c
    0.88006738372727      1.01710006181818      1.34597359948485      c
   -1.65906294427273      0.90016570681818      0.39375579148485      c
   -3.34787704627273     -1.10298730618182     -0.07160624151515      c
   -5.71967969627273     -0.54315409218182     -1.02024868851515      c
   -6.46572273027273      1.97180285981818     -1.51775496051515      c
   -4.84379358927273      3.97655458181818     -1.06054898551515      c
   -2.44275498827273      3.41403228781818     -0.10088187651515      c
   -0.45371444927273      6.86794684081818      0.35841224548485      h
    3.27923893472727      4.41403559781818      1.94847871648485      h
   -2.84036278527273     -3.05429757718182      0.27226341748485      h
   -8.32420588027273      2.30441731181818     -2.30101047851515      h
   -5.41726117627273      5.89977029681818     -1.45542423851515      h
   -7.36636046827273     -2.49893923418182     -1.57000966351515      o
   -9.31763861327273     -2.75171087218182      0.26916993548485      c
  -10.45569207627273     -1.03472095518182      0.39679824948485      h
   -8.52074683227273     -3.16871292718182      2.12790064048485      h
  -10.50418622427273     -4.31377349318182     -0.33934073051515      h
    2.54098913072727     -1.17343818118182      2.00652731948485      c
    3.68704558272727     -2.40526929618182     -0.36685136151515      c
    5.21169162972727     -0.66299106518182     -1.83851893951515      n
    7.68299780072727     -0.04264315618182     -1.36945871351515      c
    9.18353661372727     -1.87441691918182      0.24468853548485      c
    1.46330674372727     -2.60020964918182      3.04265652148485      h
    4.06915762672727     -0.54625513218182      3.24392745748485      h
    2.17070299172727     -3.09858897518182     -1.57872885951515      h
    4.83752777272727     -4.02879336518182      0.15507394948485      h
    4.26797002872727      0.72026568281818     -2.75178382651515      h
    8.64276506472727      1.85319042881818     -2.27873060951515      o
    9.16603208172727     -3.76390480418182     -0.57395399151515      h
    8.41337311672727     -2.00077155818182      2.15092884148485      h
   11.11347408272727     -1.18890180918182      0.34078110248485      h
$user-defined bonds
$end
