$coord
   -0.84518568211150      3.56231895365046      0.00000000000000       c
   -2.06457682278315      3.56420112087881      1.67154402276107       h
    0.78957293174681      5.70231663612321      0.00000000000000       o
    0.78957293174681      1.20727043725532      0.00000000000000       c
    2.01500552686530      1.26274901706458     -1.65920222138719       h
    2.01500552686530      1.26274901706458      1.65920222138719       h
   -0.78957293174681     -1.20727043725532      0.00000000000000       c
   -2.01500552686530     -1.26274901706458     -1.65920222138719       h
   -2.01500552686530     -1.26274901706458      1.65920222138719       h
   -0.24597242263479      7.19319339194975      0.00000000000000       h
   -2.06457682278315      3.56420112087881     -1.67154402276107       h
    0.84518568211150     -3.56231895365046      0.00000000000000       c
    2.06457682278315     -3.56420112087881     -1.67154402276107       h
    2.06457682278315     -3.56420112087881      1.67154402276107       h
   -0.78957293174681     -5.70231663612321      0.00000000000000       o
    0.24597242263479     -7.19319339194975      0.00000000000000       h
$end
