$coord
       -4.79365119723529       -0.45310648223530       -0.18714555594117      C
       -4.83638366423529       -1.49861699023530       -1.96174517594119      H
       -4.92965109023529       -1.83030265423529        1.34023648305882      H
       -6.47221735023530        0.73502143476471       -0.11249569894119      H
       -2.37817277023529        1.09741351676471        0.03131493405881      C
       -2.39270622723529        2.20454284976471        1.77227881605882      H
       -2.28900965323529        2.45457600276472       -1.52173514594117      H
       -0.01085602623530       -0.53843636023530       -0.01899416594118      C
       -0.06631117023528       -1.87087937023528        1.56352889505882      H
       -0.00514816923530       -1.68849154423529       -1.73848248594118      H
        2.42391553676470        0.98907806376470        0.12007510305883      C
        2.38930963076471        2.14841804476471        1.82566729505883      H
        2.48949144376471        2.29546649776471       -1.47700432594117      H
        4.76902613176471       -0.67994681523528        0.09586586105881      C
        4.86000443776470       -1.79888950723529       -1.63156750794119      H
        6.49842615676471        0.42976482276470        0.21810699505883      H
        4.74393398076470       -1.99561150923530        1.68209568005882      H
$end
