$coord
    2.09263300265957      0.67803364172861     -0.00001763831703       b
   -0.02740083577073      2.27299533886073     -0.00000807187980       n
    0.00141766934717      4.91860305691077      0.00000582125861       b
    2.58669540328387      5.86910346131665      0.00001390264756       n
    4.82502329431119      4.25822588569878      0.00000258959344       b
    4.64010350523360      1.49700305182900     -0.00001664877574       n
   -2.17998157668558      0.72380997812962     -0.00000665143446       b
   -4.70273529677515      1.59530936409559      0.00000559894038       n
   -4.83274151087182      4.35884571751137     -0.00000009613800       b
   -2.56044887164476      5.92455389623894      0.00000783062177       n
    1.24065144889527     -1.85581482639041     -0.00002387000064       n
   -1.38538909553204     -1.84552918008396     -0.00002238496384       n
    2.81433615763416     -3.97848732378601     -0.00000435878512       b
    5.47209122386646     -3.20260795888910      0.00000432921449       n
    6.40436160081905     -0.62065018309157     -0.00000471384313       b
   -2.97895250847332     -3.96022872400721     -0.00000329980033       b
   -1.20202393518146     -6.70424304484993      0.00000154695468       b
    1.50675251846093     -6.40197886250657      0.00000115818044       n
   -6.51107289808658     -0.49381798812344      0.00000739013336       b
   -5.61563162775060     -3.08068756824974      0.00000612749808       n
   -6.98874476659392     -4.39983748509189      0.00001036253287       h
   -8.72610554873476     -0.08858028711525      0.00000882980947       h
   -6.82943577273984      5.39778451292998     -0.00001854332878       h
   -2.88566836360559      7.80061808687026     -0.00000206797788       h
    2.94899519938218      7.73834255887831      0.00001853660432       h
    6.84289095141090      5.25509301852801      0.00000824855734       h
    8.62751115249618     -0.27005293451323      0.00000036241907       h
    6.82766512505351     -4.53999827951961      0.00001590056299       h
    2.53966881439018     -8.00655732854645      0.00001842153591       h
   -1.94446634852421     -8.83924392558388      0.00000650598902       h
$end
