$coord
       -8.42906726792371       -0.50685360354785        0.00000000000000      C
       -5.98272469198328        1.01405603367232        0.00000000000000      C
       -3.63574237133041       -0.65521350484312        0.00000000000000      C
       -1.17249224414226        0.83573198687853        0.00000000000000      C
        1.17249224414226       -0.83573198687853        0.00000000000000      C
        3.63574237133041        0.65521350484312        0.00000000000000      C
        5.98272469198328       -1.01405603367232        0.00000000000000      C
        8.42906726792371        0.50685360354785        0.00000000000000      C
      -10.08545056110654        0.71990189016964        0.00000000000000      H
       -8.53638759674949       -1.71748743405413       -1.66657845920882      H
       -8.53638759674949       -1.71748743405413        1.66657845920882      H
       -5.92982746947456        2.24653286192232        1.65854269640427      H
       -5.92982746947456        2.24653286192232       -1.65854269640427      H
       -3.68035469173524       -1.89028402392401        1.66006925656190      H
       -3.68035469173524       -1.89028402392401       -1.66006925656190      H
       -1.12521678629703        2.07015416073293        1.66023924286327      H
       -1.12521678629703        2.07015416073293       -1.66023924286327      H
        1.12521678629703       -2.07015416073293        1.66023924286327      H
        1.12521678629703       -2.07015416073293       -1.66023924286327      H
        3.68035469173524        1.89028402392401        1.66006925656190      H
        3.68035469173524        1.89028402392401       -1.66006925656190      H
        5.92982746947456       -2.24653286192232        1.65854269640427      H
        5.92982746947456       -2.24653286192232       -1.65854269640427      H
        8.53638759674949        1.71748743405413        1.66657845920882      H
       10.08545056110654       -0.71990189016964        0.00000000000000      H
        8.53638759674949        1.71748743405413       -1.66657845920882      H
$end
