$coord
        0.00031369499999        8.21952571200000        0.00000000000000      N
        0.88555961400000        8.91718609099999        1.54178775100000      H
        0.88555961400000        8.91718609099999       -1.54178775100000      H
       -1.78383897400000        8.90098736000000        0.00000000000000      H
        0.00458069600000        2.28899674600000        0.00000000000000      Br
        0.00000000000000       -1.28655757999999        0.00000000000000      C
        2.27424365600001       -2.58618072500000        0.00000000000000      C
        2.26027669100001       -5.20708516500000        0.00000000000000      C
       -0.00702978100000       -6.52050897900000        0.00000000000000      C
       -2.27080435400000       -5.20100969600000        0.00000000000000      C
       -2.27769618499999       -2.58009013800001        0.00000000000000      C
        4.03917592099999       -1.55480985299999        0.00000000000000      H
        4.03639046500001       -6.22232533500000        0.00000000000000      H
       -0.00978500100000       -8.56567060100000        0.00000000000000      H
       -4.04963177500000       -6.21148397699999        0.00000000000000      H
       -4.03986378100001       -1.54400817899999        0.00000000000000      H
$end
