$coord
   -0.10667523451152      2.20224062123530      0.00000000000000      c
   -2.36444837148314      1.12113791763273      0.00000000000000      n
   -2.46260117928210     -1.40726199735782      0.00000000000000      c
   -0.33133743487378     -2.92868068922508      0.00000000000000      c
    2.02989703729564     -1.74996733116950      0.00000000000000      c
    2.17077447871415      0.85968805511165      0.00000000000000      c
   -0.02334234092888      4.75959433889185      0.00000000000000      o
   -4.34199045319926     -2.22648750142091      0.00000000000000      h
   -0.50805020644090     -4.96524494489002      0.00000000000000      h
    3.74660393487169     -2.86582768449373      0.00000000000000      h
    3.95128743085535      1.86228954927472      0.00000000000000      h
   -1.76011766101725      5.33851966641082      0.00000000000000      h
$redundant
     number_of_atoms            12
     degrees_of_freedom         21
     internal_coordinates       21
     frozen_coordinates          0
# definitions of redundant internals
   1 k  1.0000000000000 stre    3    4           val=   2.61859
   2 k  1.0000000000000 stre    4    9           val=   2.04422
   3 k  1.0000000000000 stre    5   10           val=   2.04749
   4 k  1.0000000000000 stre    6   11           val=   2.04339
   5 k  1.0000000000000 stre    2    3           val=   2.53030
   6 k  1.0000000000000 stre    3    8           val=   2.05018
   7 k  1.0000000000000 stre    4    5           val=   2.63909
   8 k  1.0000000000000 stre    6    1           val=   2.64371
   9 k  1.0000000000000 stre    1    7           val=   2.55871
  10 k  1.0000000000000 stre    1    2           val=   2.50326
  11 k  1.0000000000000 stre    5    6           val=   2.61346
  12 k  1.0000000000000 stre    7   12           val=   1.83072
  13 k -1.0000000000000 bend    1    3    2      val=   2.27012
        1.0000000000000 bend    2    4    3
       -1.0000000000000 bend    3    5    4
        1.0000000000000 bend    4    6    5
       -1.0000000000000 bend    5    1    6
        1.0000000000000 bend    6    2    1
  14 k  0.7071067811865 bend    5   11    6      val=   1.18837
       -0.7071067811865 bend    1   11    6
  15 k  0.7071067811865 bend    3    9    4      val=  -0.46246
       -0.7071067811865 bend    5    9    4
  16 k  0.7071067811865 bend    6   10    5      val=  -0.25708
       -0.7071067811865 bend    4   10    5
  17 k -0.7071067811865 bend    2    8    3      val=   2.57535
        0.7071067811865 bend    4    8    3
  18 k  0.8660254037844 bend    1    3    2      val=  -0.82490
       -0.8660254037844 bend    2    4    3
        0.8660254037844 bend    4    6    5
       -0.8660254037844 bend    5    1    6
  19 k -0.5000000000000 bend    1    3    2      val=   0.69167
       -0.5000000000000 bend    2    4    3
        1.0000000000000 bend    3    5    4
       -0.5000000000000 bend    4    6    5
       -0.5000000000000 bend    5    1    6
        1.0000000000000 bend    6    2    1
  20 k -0.7071067811865 bend    2    7    1      val=   0.59990
        0.7071067811865 bend    6    7    1
  21 k  1.0000000000000 bend    1   12    7      val= 106.56860
        21 non zero eigenvalues  of BmBt
           1           4.302968412    1    0
         1
           2           4.233180848    2    0
         2
           3           3.566540081    3    0
         3
           4           3.441145753    4    0
         4
           5           3.105739768    5    0
         5
           6           3.075902201    6    0
         6
           7           2.475610835    7    0
         7
           8           2.285416477    8    0
         8
           9           1.826670945    9    0
         9
          10           1.748266486   10    0
        10
          11           1.691055290   11    0
        11
          12           1.229876302   12    0
        12
          13           0.761358543   13    0
        13
          14           0.647824882   14    0
        14
          15           0.384258476   15    0
        15
          16           0.366597403   16    0
        16
          17           0.327327869   17    0
        17
          18           0.322161831   18    0
        18
          19           0.276639735   19    0
        19
          20           0.197073570   20    0
        20
          21           0.104959590   21    0
        21
$user-defined bonds
$end
