$coord
   -4.53230351574667      0.14226266640036     -0.70037740808231      c
   -2.19505723520186     -0.68655939272625      0.70165380628451      c
    0.00000000000000      0.00000000000000     -0.62343944686178      o
    2.19505723520186      0.68655939272625      0.70165380628451      c
    4.53230351574667     -0.14226266640036     -0.70037740808231      c
   -6.17135882786360     -0.63231862399523      0.28076075411190      h
   -4.53854058800169     -0.54839539609275     -2.64088743337947      h
   -4.66580068151469      2.19999844449341     -0.70278371877702      h
   -2.09106070517089     -2.78945387790466      0.70008386146543      h
   -2.05327770338963     -0.07433823351140      2.67326986180783      h
    2.05327770338963      0.07433823351140      2.67326986180783      h
    2.09106070517089      2.78945387790466      0.70008386146543      h
    4.66580068151469     -2.19999844449341     -0.70278371877702      h
    6.17135882786360      0.63231862399523      0.28076075411190      h
    4.53854058800169      0.54839539609275     -2.64088743337947      h
$user-defined bonds
$end
