$coord
       -1.03112351297108       -3.70277972916869       -2.90688715795805      H
       -1.03666797100182       -3.70840733517264       -0.83896304953204      C
        1.53358138939184       -3.73892075160834        0.37925491327988      C
        1.44203925035807       -2.33463085287387        2.55076816821955      C
       -0.87272284458233       -0.97006489833306        2.66530828074824      C
       -2.21442499622132       -1.37650541939420        0.38185328744221      C
       -2.11210763575222       -5.39058342950294       -0.23551096489330      H
        1.46613704477117        0.98741602497075       -2.38367097772530      C
        3.07649785670810       -4.94758425640954       -0.21826342963544      H
        2.95289461510120       -2.17952019860629        3.93044437716179      H
       -1.48700495272964        0.19644447378521        4.23009644446795      H
       -1.16787736242933        1.27750418563289       -1.98701735105448      C
       -4.25072263920682       -1.10195459135944        0.29402824075556      H
       -2.50808851973082        0.90412821200320       -3.50162004377135      H
        2.34544953802247       -0.17133035001383       -3.82268649362842      H
        2.77342727386764        2.45800887342114       -0.55019202835437      C
        1.08311401652424        3.81552614750706        0.86255817665264      C
        4.80256474252509        2.40650815266049       -0.24985965944932      H
        1.53675613018653        5.08263700828398        2.40759113783202      H
       -1.48087656915986        3.63472654897572       -0.35581474374569      C
       -3.07796016155900        3.58251151153625        0.95680640426855      H
       -1.77288469211214        5.27687067366622       -1.60822353108049      H
$end
