$coord
        0.24157043899999        2.87554118100000       -1.34210014100001      C
       -2.10929073999999        1.60922802800001       -1.19805230100000      C
       -2.18222754900001       -1.05680611099999       -1.00371393799999      C
        0.09570815899999       -2.45656254799999       -0.95334232800001      C
        2.44658906600001       -1.19025024600001       -1.09718681499999      C
        2.51951988500000        1.47579653600000       -1.29157638999999      C
        4.20682252800001       -2.27254484900000       -1.06633231399999      H
        4.33611151400001        2.45379685899999       -1.41094391700000      H
        0.29774757000000        4.93525174699999       -1.50074318600000      H
       -3.86988400599999        2.69034268600000       -1.24530493699999      H
       -3.99917696000001       -2.03601122900000       -0.90085379000000      H
        0.03916901199999       -4.51749117500000       -0.81154386600000      H
$end
