$coord
        1.84068176698153        0.16524155263485       -2.12380873033143      C
       -0.69538256934725        1.51992350226676       -1.45246367284348      C
       -0.69538256934725        1.51992350226676        1.45246367284348      C
        1.84068176698153        0.16524155263485        2.12380873033143      C
        1.58831220600616       -2.54418408550012       -1.25934236573826      C
        1.58831220600616       -2.54418408550012        1.25934236573826      C
        3.50925479158302        1.23047440183491        0.00000000000000      C
       -3.06416624765179        0.11009194035870       -2.20740030038286      C
       -3.06416624765179        0.11009194035870        2.20740030038286      C
       -4.28514807603788       -0.57190233620694        0.00000000000000      N
       -3.80264388799612       -0.36802271807757        4.30203031666083      O
       -3.80264388799612       -0.36802271807757       -4.30203031666083      O
       -5.89766282182212       -1.59148806607775        0.00000000000000      H
        2.44606893490640        0.45846655054457       -4.06596810897204      H
       -0.74509788938876        3.40521110840626       -2.28797286673819      H
       -0.74509788938876        3.40521110840626        2.28797286673819      H
        2.44606893490640        0.45846655054457        4.06596810897204      H
        1.25539408325087       -4.13614791094160       -2.49898006584063      H
        1.25539408325087       -4.13614791094160        2.49898006584063      H
        3.62333599645378        3.29412112653839        0.00000000000000      H
        5.40388731630105        0.41763499452781        0.00000000000000      H
$end
