$coord
        5.59847051594275       -0.38339708647050        0.00000000000000      N
        6.28223579178316        0.52434797927018        1.53712969265503      H
        6.28223579178316        0.52434797927018       -1.53712969265503      H
        6.34715922280457       -2.14226913328449        0.00000000000000      H
        0.00000000000000        0.49051621231313        0.00000000000000      P
        0.46790563913314       -1.24737609497355       -1.96868267016987      H
        0.46790563913314       -1.24737609497355        1.96868267016987      H
       -3.37315358829634       -0.01660880298193        0.00000000000000      C
       -5.54254407104000       -0.14085262704076        0.00000000000000      N
$end
