$coord
        0.00000000000000        0.00000000000000        3.08667465300000      Br
        0.00000000000000        2.18518275899999       -1.83221595900000      C
        0.00000000000000        0.00000000000000       -0.35078605600001      N
        0.00000000000000        4.31726421799999       -1.08205143300000      O
        0.00000000000000       -4.31726421799999       -1.08205143300000      O
        0.00000000000000       -2.18518275899999       -1.83221595900000      C
        0.00000000000000       -1.25085498600000       -4.50949281500000      C
        0.00000000000000        1.25085498600000       -4.50949281500000      C
        0.00000000000000        2.54781928699999       -6.08240246399999      H
        0.00000000000000       -2.54781928699999       -6.08240246399999      H
$end
