$coord
        0.00000000000000        2.42020518810247       -0.36496739097772      C
       -2.34972691016926        1.45617519268012        1.05819155163521      C
       -2.34972691016926       -1.45617519268012        1.05819155163521      C
        0.00000000000000       -2.42020518810247       -0.36496739097772      C
        0.00000000000000        1.25757564762096       -2.94977051017508      C
        0.00000000000000       -1.25757564762096       -2.94977051017508      C
        2.34972691016926        1.45617519268012        1.05819155163521      C
        2.34972691016926       -1.45617519268012        1.05819155163521      C
        0.00000000000000        4.48206710272577       -0.44033268018863      H
       -2.32208418422581        2.19563429190308        2.98913456500908      H
       -4.05478784967451        2.19075461031489        0.15697192831180      H
       -4.05478784967451       -2.19075461031489        0.15697192831180      H
       -2.32208418422581       -2.19563429190308        2.98913456500908      H
        0.00000000000000       -4.48206710272577       -0.44033268018863      H
        0.00000000000000        2.39687878395784       -4.65352550857079      H
        0.00000000000000       -2.39687878395784       -4.65352550857079      H
        2.32208418422581        2.19563429190308        2.98913456500908      H
        4.05478784967451        2.19075461031489        0.15697192831180      H
        2.32208418422581       -2.19563429190308        2.98913456500908      H
        4.05478784967451       -2.19075461031489        0.15697192831180      H
$end
