$coord
    0.28206430204678      2.89992459064685     -0.48799153819959       p
    1.90430537000086      2.51056541822710     -2.59260598856019       h
   -0.28206430204678      5.88213352629795     -0.97165560355487       f
    2.76427060019766      3.19670230036428      1.90959282372067       c
   -0.28206430204678     -2.89992459064685     -0.48799153819959       p
   -1.90430537000086     -2.51056541822710     -2.59260598856019       h
    0.28206430204678     -5.88213352629795     -0.97165560355487       f
   -2.76427060019766     -3.19670230036428      1.90959282372067       c
    1.92055701474367      3.73260406521092      3.70777495355093       h
    3.67367862493528      1.36275521374302      2.12777493384525       h
    4.16778909635315      4.59661141960596      1.36426510492320       h
   -1.92055701474367     -3.73260406521092      3.70777495355093       h
   -3.67367862493528     -1.36275521374302      2.12777493384525       h
   -4.16778909635315     -4.59661141960596      1.36426510492320       h
$end
