$coord
        2.23876399023874        2.10719433204748       -0.06512761702295      O
        0.93335237039516        1.80728995246751        1.19810312546429      H
        3.82531141957832        2.04302936456735        0.81284993056776      H
       -2.16741069176493        0.13183652530302        2.16755297553777      O
       -2.41852963926368       -0.98873660613501        3.57211784054294      H
       -2.01093285276098       -0.93667932128064        0.67449055809455      H
       -0.30868823146789       -1.94440460858968       -2.34360199746933      O
        0.92875716137155       -0.61392157759723       -2.03803904112424      H
       -1.02062352632628       -1.60560806078283       -3.97834577459083      H
$end
