$coord
    1.58746019997201     -1.58746019997201      1.58746019997201  li
   -1.58746019997201      1.58746019997201      1.58746019997201  li
   -1.58746019997201     -1.58746019997201     -1.58746019997201  li
    1.58746019997201      1.58746019997201     -1.58746019997201  li
   -2.38500089414639     -2.38500089414639      2.38500089414639  c
    2.38500089414639     -2.38500089414639     -2.38500089414639  c
   -2.38500089414639      2.38500089414639     -2.38500089414639  c
    2.38500089414639      2.38500089414639      2.38500089414639  c
   -4.43487372589517     -2.13523102374668      2.13523102374668  h
   -2.13523102374668     -4.43487372589517      2.13523102374668  h
   -2.13523102374668     -2.13523102374668      4.43487372589517  h
    2.13523102374668      4.43487372589517      2.13523102374668  h
    2.13523102374668      2.13523102374668      4.43487372589517  h
    4.43487372589517      2.13523102374668      2.13523102374668  h
    2.13523102374668     -2.13523102374668     -4.43487372589517  h
    4.43487372589517     -2.13523102374668     -2.13523102374668  h
    2.13523102374668     -4.43487372589517     -2.13523102374668  h
   -2.13523102374668      2.13523102374668     -4.43487372589517  h
   -4.43487372589517      2.13523102374668     -2.13523102374668  h
   -2.13523102374668      4.43487372589517     -2.13523102374668  h
$user-defined bonds
$redundant
     number_of_atoms            20
     degrees_of_freedom          4
     internal_coordinates        4
     frozen_coordinates          0
# definitions of redundant internals
   1 k -0.7047313448391 bend   9   11    5      val=  48.38375
       -0.7047313448391 bend  10   11    5
       -0.7047313448391 bend  10    9    5
        0.4945342384302 bend   1   11    5
        0.5895412105826 bend   1    9    5
        0.4945342384302 bend   1   10    5
        0.4945342384302 bend   2   11    5
        0.4945342384302 bend   2    9    5
        0.5895412105826 bend   2   10    5
        0.5895412105826 bend   3   11    5
        0.4945342384302 bend   3    9    5
        0.4945342384302 bend   3   10    5
   2 k  3.4641016151378 stre   5   10           val=   2.08008
   3 k  2.4494897427832 stre   1    2           val=   4.49002
   4 k  3.4641016151378 stre   1    5           val=   4.12948
         4 non zero eigenvalues  of BmBt
           1           3.617295178    1    0
         1
           2           0.976011356    2    0
         2
           3           4.363602215    3    0
         3
           4           0.418628647    4    0
         4
$end
