$coord
       -2.43468818978000       -1.31966780073499       -2.48010193094500      C
       -1.93979570108000       -3.33413611323500       -2.50915423704499      H
       -1.65062818087999       -0.44576651563499       -4.20050775464499      H
       -4.50540922377999       -1.18715417353500       -2.60177416284500      H
       -1.46195513738000        0.03220664606499       -0.10164271124500      C
       -2.21024016378000       -0.98688932393499        1.56529437585501      H
        1.46195939032000       -0.03258045353499        0.10141747315499      C
        2.21026289482001        0.98563924186500       -1.56604685054500      H
        2.43492512762001        1.32037903366499        2.47916532865500      C
        1.65040968002000        0.44780895686500        4.20003948225500      H
        4.50558951802000        1.18721193586499        2.60110425145499      H
        1.94074048641999        3.33503658546500        2.50693007625500      H
       -2.51331287867999        2.73800820706501       -0.03603944714500      C
       -2.09174090987999        3.71507318786500        1.74549626555500      H
       -1.72130328898001        3.87634858966500       -1.59018720864500      H
       -4.57953004548000        2.72663530896500       -0.26227585114499      H
        2.51307119572000       -2.73850897103499        0.03710243025500      C
        4.57937049422001       -2.72718795193500        0.26258651715500      H
        1.72151087052000       -3.87578901793499        1.59225484935500      H
        2.09076406202000       -3.71666737183501       -1.74366089574500      H
$end
