$coord
    1.49021372817892     -0.85960867006986      0.00000000000000      c
    3.83163881866936      0.22127867082028      0.00000000000000      c
   -0.65560492237220      0.67945372123925      0.00000000000000      c
   -3.24898035277604     -0.20882464024380      0.00000000000000      c
    1.27926106004994     -2.89795759237144      0.00000000000000      h
    4.07388867249553      2.25876460513040      0.00000000000000      h
    5.53654253759894     -0.91726264937571      0.00000000000000      h
   -0.36167170613816      2.71753947081060      0.00000000000000      h
   -3.45372058246662     -2.25290482259149      0.00000000000000      h
   -4.24578362661982      0.62976095332591      1.62594685765548      h
   -4.24578362661982      0.62976095332591     -1.62594685765548      h
$redundant
     number_of_atoms            11
     degrees_of_freedom         18
     internal_coordinates       18
     frozen_coordinates          0
# definitions of redundant internals
   1 k  1.0000000000000 stre    1    3           val=   2.64069
   2 k  1.0000000000000 stre    2    7           val=   2.05012
   3 k  1.0000000000000 stre    3    8           val=   2.05917
   4 k  1.0000000000000 stre    4    9           val=   2.05431
   5 k  1.0000000000000 stre    1    5           val=   2.04924
   6 k  1.0000000000000 stre    1    2           val=   2.57887
   7 k  1.0000000000000 stre    3    4           val=   2.74128
   8 k  1.0000000000000 stre    2    6           val=   2.05184
   9 k  0.4937663251537 bend   10    9    4      val=   1.11255
        0.4937663251537 bend   11    9    4
        0.2205385356381 bend   11   10    4
       -0.3227943013951 bend    3    9    4
       -0.4240024914867 bend    3   10    4
       -0.4240024914867 bend    3   11    4
  10 k  1.0000000000000 stre    4   10           val=   2.08340
  11 k -0.8164959758876 bend    6    7    2      val=   2.28392
        0.4091088128449 bend    1    7    2
        0.4073871630427 bend    1    6    2
  12 k -0.7071067811865 bend    2    5    1      val=  -0.47374
        0.7071067811865 bend    3    5    1
  13 k  0.7071067811865 bend    1    8    3      val=   0.16450
       -0.7071067811865 bend    4    8    3
  14 k -0.1863028009819 bend   10    9    4      val=   3.92743
       -0.1863028009819 bend   11    9    4
        0.7220934286739 bend   11   10    4
       -0.5795392679723 bend    3    9    4
        0.1914390893167 bend    3   10    4
        0.1914390893167 bend    3   11    4
  15 k  0.0009939949768 bend    6    7    2      val=  -0.04075
        0.7066092597180 bend    1    7    2
       -0.7076032546948 bend    1    6    2
  16 k  1.0000000000000 bend    3    2    1      val= 119.57070
  17 k  1.0000000000000 bend    1    4    3      val= 125.44321
  18 k  0.2280179890394 bend   10    9    4      val=   1.10590
        0.2280179890394 bend   11    9    4
       -0.5452287898914 bend   11   10    4
       -0.5946510854276 bend    3    9    4
        0.3500937350355 bend    3   10    4
        0.3500937350355 bend    3   11    4
        18 non zero eigenvalues  of BmBt
           1           4.382053565    1    0
         1
           2           4.052754411    2    0
         2
           3           3.590799724    3    0
         3
           4           3.569634902    4    0
         4
           5           2.733509463    5    0
         5
           6           2.492247681    6    0
         6
           7           2.146384695    7    0
         7
           8           1.484984177    8    0
         8
           9           0.898871963    9    0
         9
          10           0.879580994   10    0
        10
          11           0.674828364   11    0
        11
          12           0.649245871   12    0
        12
          13           0.510955222   13    0
        13
          14           0.370612256   14    0
        14
          15           0.360259889   15    0
        15
          16           0.281075363   16    0
        16
          17           0.098217181   17    0
        17
          18           0.038346934   18    0
        18
$user-defined bonds
$end
