$coord
       -3.21485374691332       -0.99789974992668       -2.67655259151999      C
       -3.22018202021332       -3.07654605522667       -2.60873704812000      H
       -2.21779475481333       -0.43177441342667       -4.41163056851999      H
       -5.18661897781333       -0.36738699672668       -2.84992924852000      H
       -1.95055566541333        0.12303187387333       -0.32968892851999      C
       -2.01563364061333        2.20289243097332       -0.41264779132001      H
       -3.02334111111333       -0.42011037152666        1.37250620628001      H
        0.81687228468667       -0.72266502272667       -0.02136431131999      C
        0.86164280018667       -2.81104373012667        0.03639715677999      H
        1.91739025598668       -0.15408494122667       -1.69653422572000      H
        2.04441320488667        0.30103289247333        2.32093023637999      C
        1.13382176308667       -0.20758626222667        4.11190116418000      H
        4.09742577478667        1.76981946707333        2.37572613528000      C
        4.88920630648667        2.46165501697333        4.14877815748001      H
        5.06820752678668        2.33066586177334        0.64084565718000      H
$end
