$coord
   -0.01298222956031      1.45557534885594      0.78318036618449       c
    0.01298222956031     -1.45557534885594      0.78318036618449       c
    2.66056734331284     -2.50403131217742      1.21056045045268       c
   -1.15424944628188     -2.05623141423510      2.37505429107355       h
   -1.13453903579805     -2.56539808964413     -1.61348199835554       c
   -2.66056734331284      2.50403131217742      1.21056045045268       c
    1.13453903579805      2.56539808964413     -1.61348199835554       c
    1.15424944628188      2.05623141423510      2.37505429107355       h
    2.61685854477703     -4.53413329420050      1.53581349840349       h
    3.86422500214731     -2.17182671767417     -0.42394172756941       h
    3.55609003837124     -1.62825738904335      2.84003860257787       h
    0.09477373398909     -2.23243892749603     -3.22759988955480       h
   -1.38828371304479     -4.59721896655768     -1.43845386317415       h
   -2.96849821666655     -1.74000691082938     -2.04117634407963       h
    1.38828371304479      4.59721896655768     -1.43845386317415       h
    2.96849821666655      1.74000691082938     -2.04117634407963       h
   -0.09477373398909      2.23243892749603     -3.22759988955480       h
   -2.61685854477703      4.53413329420050      1.53581349840349       h
   -3.86422500214731      2.17182671767417     -0.42394172756941       h
   -3.55609003837124      1.62825738904335      2.84003860257787       h
$end
