$coord
     0.000000000     2.146237396     1.355884067     C 
     0.000000000     2.250023038    -1.262541052     C 
     0.000000000     0.000000000    -2.598267412     C 
     0.000000000    -2.250023038    -1.262541052     C 
     0.000000000    -2.146237396     1.355884067     C 
     0.000000000     0.000000000     2.662608803     N 
     0.000000000     3.873770095     2.459897896     H 
     0.000000000     4.055142216    -2.222056983     H 
     0.000000000     0.000000000    -4.644445707     H 
     0.000000000    -4.055142216    -2.222056983     H 
     0.000000000    -3.873770095     2.459897896     H 
$end
