$coord
   -2.99874000613655     -2.88367100668454      0.53254525401073      o
   -4.84311271284369     -3.87577722699320     -0.39153082547677      c
   -5.28341890204734     -6.37966435443885     -0.30460342331639      o
   -3.88124211067777     -7.11287809440030      0.61758293003718      h
   -6.92559091242491     -2.52651276737342     -1.82394323498907      c
   -8.72461019191795     -3.11988677342470     -1.02836853260823      h
   -6.86134022387158     -3.14634293929959     -3.78358923586541      h
   -6.68559569341691      0.16823669959828     -1.67276514427537      n
   -5.32499287699361      1.02239291213069     -2.72156314860167      h
   -7.18070394050428      1.27750594021006      0.60813429936758      c
   -8.34288551286585      0.22870793588376      2.30699809376278      o
   -5.99773538066957      3.88154855275354      0.89159321945576      c
   -6.86700940227335      4.83586025038377      2.48274262421746      h
   -6.22639224287404      5.00026642403492     -0.82049865787689      h
   -3.31810372276924      3.55462593158517      1.36591447907000      n
   -2.69260437244130      3.07085604130133      3.10824197454539      h
   -1.70049815213265      3.01605398341761     -0.52948083325302      c
   -2.28064407524647      3.12943755145288     -2.78392411102107      o
    0.94133898308926      2.26583270825087      0.34924181902037      c
    0.79205061850949      1.20758607325497      2.89470292141229      n
    2.55705482759193      1.00727510305932      3.60901940003452      h
    0.03804989107491     -0.55552840969356      2.78131935337702      h
    2.04493904529927      4.01004992986019      0.47207401772525      h
    2.16966097013808      0.54429220024861     -1.63686034773087      c
    1.01125885004435     -1.15079214187875     -1.82394323498907      h
    2.14887398266494      1.51750115921806     -3.44910771016135      h
    4.81149810535999     -0.13978866023088     -0.87530071576061      c
    5.31983443538480     -2.40746002093638      0.38136716329703      c
    3.79104599304251     -3.73026831468126      0.70262060606364      h
    7.75947087427714     -2.98949567018413      1.19016994861532      c
    8.11851883972218     -4.75827933153442      2.15015082464732      h
    9.72856550582308     -1.29819078032461      0.75742266394736      c
   11.62396081814609     -1.74794560019787      1.37914256200745      h
    9.24857506780709      0.96759085424697     -0.49546576284243      c
   10.77358405788154      2.28284024345616     -0.85262400215355      h
    6.80893862891475      1.53828814669119     -1.30048909589289      c
    6.44800093733579      3.29573345123795     -2.28692613779978      h
$user-defined bonds
$redundant
     number_of_atoms            37
     degrees_of_freedom        105
     internal_coordinates      105
     frozen_coordinates          0
# definitions of redundant internals
   1 k  1.0000000000000 stre    2    1           val=   2.28908
   2 k  0.7071132820702 bend    3    1    2      val=  -1.08032
       -0.7071002802431 bend    5    1    2
   3 k  1.0000000000000 outp    1    5    3    2 val=  -0.83019
   4 k  1.0000000000000 tors    4    3    2    5 val= 179.50593
   5 k  1.0000000000000 stre    3    4           val=   1.83143
   6 k  1.0000000000000 bend    2    4    3      val= 106.18597
   7 k  1.0000000000000 stre    5    6           val=   2.05463
   8 k  1.0000000000000 stre    5    7           val=   2.05634
   9 k  0.0739173437174 bend    7    6    5      val=   1.02699
       -0.5045357169332 bend    8    6    5
       -0.5090761061865 bend    8    7    5
        0.4891978026283 bend    2    6    5
        0.4914335811175 bend    2    7    5
  10 k  0.0048499855448 bend    7    6    5      val=   0.22426
        0.5438597206119 bend    8    6    5
       -0.5407526962136 bend    8    7    5
        0.4535145432212 bend    2    6    5
       -0.4539869629855 bend    2    7    5
  11 k  0.8988917785789 bend    7    6    5      val=   1.69133
       -0.1815578831383 bend    8    6    5
       -0.1765699344872 bend    8    7    5
       -0.2541755237091 bend    2    6    5
       -0.2514918822864 bend    2    7    5
  12 k -0.0002803405606 bend    7    6    5      val=   0.07627
       -0.4550480887481 bend    8    6    5
        0.4524541948267 bend    8    7    5
        0.5443315673418 bend    2    6    5
       -0.5402957567062 bend    2    7    5
  13 k  1.0000000000000 stre    8    9           val=   1.91854
  14 k  0.7077334747913 bend   10    9    8      val=  -1.43146
       -0.7064795316638 bend    5    9    8
  15 k  0.7064795316638 bend   10    9    8      val= 116.83079
        0.7077334747913 bend    5    9    8
  16 k  1.0000000000000 stre   10   11           val=   2.31015
  17 k  0.7072165920772 bend    8   11   10      val=   0.18097
       -0.7069969532400 bend   12   11   10
  18 k  1.0000000000000 outp   11   12    8   10 val=  -3.12798
  19 k  1.0000000000000 stre   12   13           val=   2.04893
  20 k  1.0000000000000 stre   12   14           val=   2.05793
  21 k  0.0133867803707 bend   14   13   12      val=   0.60188
        0.5147855527297 bend   15   13   12
        0.4885017099680 bend   15   14   12
       -0.4813588816825 bend   10   13   12
       -0.5142726273056 bend   10   14   12
  22 k  0.0021538852203 bend   14   13   12      val=   0.32725
        0.4971851427985 bend   15   13   12
       -0.5220496281836 bend   15   14   12
        0.5068782192657 bend   10   13   12
       -0.4725896223006 bend   10   14   12
  23 k -0.8902939876878 bend   14   13   12      val=   0.88163
        0.2258805215517 bend   15   13   12
        0.2393102657406 bend   15   14   12
        0.2295314302467 bend   10   13   12
        0.2154078102355 bend   10   14   12
  24 k -0.0099923982363 bend   14   13   12      val=   1.51567
        0.4972628229075 bend   15   13   12
       -0.4826259788493 bend   15   14   12
       -0.5064217562860 bend   10   13   12
        0.5130682276575 bend   10   14   12
  25 k  1.0000000000000 stre   15   16           val=   1.91337
  26 k -0.7068004665962 bend   17   16   15      val=   2.99803
        0.7074129631406 bend   12   16   15
  27 k  1.0000000000000 outp   16   12   17   15 val=  19.78424
  28 k  1.0000000000000 stre   17   18           val=   2.33065
  29 k  0.7071087013678 bend   15   18   17      val=   0.52738
       -0.7071048610001 bend   19   18   17
  30 k  1.0000000000000 outp   18   19   15   17 val=  -0.37090
  31 k  1.0000000000000 tors   21   20   19   17 val=  70.33450
        1.0000000000000 tors   21   20   19   24
        1.0000000000000 tors   22   20   19   17
        1.0000000000000 tors   22   20   19   24
  32 k  1.0000000000000 stre   20   21           val=   1.91458
  33 k  1.0000000000000 stre   20   22           val=   1.92092
  34 k  0.8684883196211 bend   22   21   20      val=  10.36191
       -0.3438127282257 bend   19   21   20
       -0.3571006113014 bend   19   22   20
  35 k  0.4818514364646 bend   22   21   20      val= 108.28221
        0.4163777844306 bend   19   21   20
        0.7710050154244 bend   19   22   20
  36 k  0.1163925764762 bend   22   21   20      val=  31.88214
        0.8416782927833 bend   19   21   20
       -0.5272858992981 bend   19   22   20
  37 k  1.0000000000000 stre   19   23           val=   2.06768
  38 k  0.7329955011480 bend   20   23   19      val=  -0.44590
       -0.0545720122382 bend   17   23   19
       -0.6780409211670 bend   24   23   19
  39 k -0.3380657593304 bend   20   23   19      val=   3.74326
        0.8357370609247 bend   17   23   19
       -0.4327298318412 bend   24   23   19
  40 k  1.0000000000000 stre   24   26           val=   2.05714
  41 k  1.0000000000000 stre   24   25           val=   2.06160
  42 k  0.0699106330785 bend   25   26   24      val=   1.06753
       -0.5104404281762 bend   27   26   24
       -0.5001870052094 bend   27   25   24
        0.4943756385130 bend   19   26   24
        0.4898660638689 bend   19   25   24
  43 k  0.0181080938930 bend   25   26   24      val=   0.29185
       -0.5305245199501 bend   27   26   24
        0.5312731383017 bend   27   25   24
       -0.4711595309947 bend   19   26   24
        0.4625725667818 bend   19   25   24
  44 k  0.8959930025701 bend   25   26   24      val=   0.31768
       -0.1742276824472 bend   27   26   24
       -0.1956141689978 bend   27   25   24
       -0.2460443119026 bend   19   26   24
       -0.2608419971594 bend   19   25   24
  45 k -0.0010997466701 bend   25   26   24      val=   0.14947
        0.4639906267651 bend   27   26   24
       -0.4698220829471 bend   27   25   24
       -0.5266273988650 bend   19   26   24
        0.5353898411171 bend   19   25   24
  46 k  1.0000000000000 stre   28   29           val=   2.04700
  47 k  0.7071074019514 bend   30   29   28      val=   0.49029
       -0.7071061604211 bend   27   29   28
  48 k  1.0000000000000 outp   29   27   30   28 val=   0.67309
  49 k  1.0000000000000 stre   30   31           val=   2.04428
  50 k  0.7071067866480 bend   32   31   30      val=   0.13465
       -0.7071067757251 bend   28   31   30
  51 k  1.0000000000000 outp   31   28   32   30 val=   0.11120
  52 k  1.0000000000000 stre   32   33           val=   2.04483
  53 k  0.7071067814544 bend   30   33   32      val=  -0.02191
       -0.7071067809187 bend   34   33   32
  54 k  1.0000000000000 outp   33   34   30   32 val=  -0.38326
  55 k  1.0000000000000 stre   34   35           val=   2.04526
  56 k -0.7071067731519 bend   36   35   34      val=   0.07130
        0.7071067892211 bend   32   35   34
  57 k  1.0000000000000 outp   35   32   36   34 val=   0.26007
  58 k  1.0000000000000 stre   36   37           val=   2.04742
  59 k  0.7071070577371 bend   34   37   36      val=   0.25428
       -0.7071065046359 bend   27   37   36
  60 k  1.0000000000000 outp   37   27   34   36 val=  -0.53401
  61 k  1.0000000000000 tors    3    2    5    8 val= 172.50074
  62 k  1.0000000000000 stre    2    3           val=   2.54379
  63 k  1.0000000000000 bend    5    3    2      val= 110.78200
  64 k  1.0000000000000 stre   19   20           val=   2.76071
  65 k -0.6741081862287 bend   17   20   19      val=   8.08602
        0.7386326240152 bend   24   20   19
  66 k  0.7386326240152 bend   17   20   19      val= 112.16208
        0.6741081862287 bend   24   20   19
  67 k  1.0000000000000 tors    2    5    8   10 val= -70.66406
  68 k  1.0000000000000 stre    5    2           val=   2.86514
  69 k  1.0000000000000 bend    8    2    5      val= 112.09030
  70 k  1.0000000000000 tors    5    8   10   12 val= 158.90398
  71 k  1.0000000000000 stre    8    5           val=   2.70964
  72 k  1.0000000000000 bend   10    5    8      val= 117.33334
  73 k  1.0000000000000 tors    8   10   12   15 val= -76.10632
  74 k  1.0000000000000 stre   10    8           val=   2.58420
  75 k  1.0000000000000 bend   12    8   10      val= 113.39701
  76 k  1.0000000000000 tors   10   12   15   17 val=  78.33206
  77 k  1.0000000000000 stre   12   10           val=   2.87416
  78 k  1.0000000000000 bend   15   10   12      val= 108.14322
  79 k  1.0000000000000 tors   12   15   17   19 val= 190.53827
  80 k  1.0000000000000 stre   15   12           val=   2.74085
  81 k  1.0000000000000 bend   17   12   15      val= 121.12294
  82 k  1.0000000000000 tors   15   17   19   24 val= 153.00733
  83 k  1.0000000000000 stre   17   15           val=   2.54936
  84 k  1.0000000000000 bend   19   15   17      val= 114.18844
  85 k  1.0000000000000 tors   17   19   24   27 val= 177.68704
  86 k  1.0000000000000 stre   19   17           val=   2.88345
  87 k  1.0000000000000 bend   24   17   19      val= 109.49172
  88 k  1.0000000000000 tors   19   24   27   28 val=   7.48976
        1.0000000000000 tors   19   24   27   36
  89 k  1.0000000000000 stre   24   19           val=   2.90122
  90 k  1.0000000000000 bend   27   19   24      val= 110.73468
  91 k  1.0000000000000 stre   27   24           val=   2.83324
  92 k  0.7071113655537 bend   28   24   27      val=   0.21390
       -0.7071021967897 bend   36   24   27
  93 k  1.0000000000000 outp   24   36   28   27 val=  -2.60126
  94 k  1.0000000000000 stre   27   28           val=   2.64196
  95 k  1.0000000000000 stre   28   30           val=   2.63529
  96 k  1.0000000000000 stre   30   32           val=   2.63156
  97 k  1.0000000000000 stre   32   34           val=   2.63323
  98 k  1.0000000000000 stre   34   36           val=   2.63165
  99 k  1.0000000000000 stre   36   27           val=   2.64320
 100 k -0.5000000000000 bend   27   30   28      val=  -0.71702
       -0.5000000000000 bend   28   32   30
        1.0000000000000 bend   30   34   32
       -0.5000000000000 bend   32   36   34
       -0.5000000000000 bend   34   27   36
        1.0000000000000 bend   36   28   27
 101 k  0.8660254037844 bend   27   30   28      val=   0.01408
       -0.8660254037844 bend   28   32   30
        0.8660254037844 bend   32   36   34
       -0.8660254037844 bend   34   27   36
 102 k -1.0000000000000 bend   27   30   28      val=  -0.49300
        1.0000000000000 bend   28   32   30
       -1.0000000000000 bend   30   34   32
        1.0000000000000 bend   32   36   34
       -1.0000000000000 bend   34   27   36
        1.0000000000000 bend   36   28   27
 103 k -0.5000000000000 tors   28   30   32   34 val=   0.03259
       -0.5000000000000 tors   30   32   34   36
        1.0000000000000 tors   32   34   36   27
       -0.5000000000000 tors   34   36   27   28
       -0.5000000000000 tors   36   27   28   30
        1.0000000000000 tors   27   28   30   32
 104 k  0.8660254037844 tors   28   30   32   34 val=  -0.09143
       -0.8660254037844 tors   30   32   34   36
        0.8660254037844 tors   34   36   27   28
       -0.8660254037844 tors   36   27   28   30
 105 k -1.0000000000000 tors   28   30   32   34 val=   0.17647
        1.0000000000000 tors   30   32   34   36
       -1.0000000000000 tors   32   34   36   27
        1.0000000000000 tors   34   36   27   28
       -1.0000000000000 tors   36   27   28   30
        1.0000000000000 tors   27   28   30   32
       105 non zero eigenvalues  of BmBt
           1          10.972468538    1    0
         1
           2           5.528512034    2    0
         2
           3           5.339646169    3    0
         3
           4           5.011787342    4    0
         4
           5           4.874065197    5    0
         5
           6           4.839303539    6    0
         6
           7           4.636565172    7    0
         7
           8           4.385642548    8    0
         8
           9           4.346844590    9    0
         9
          10           4.197163558   10    0
        10
          11           4.070934138   11    0
        11
          12           3.976224227   12    0
        12
          13           3.862412006   13    0
        13
          14           3.709393123   14    0
        14
          15           3.583741421   15    0
        15
          16           3.569217987   16    0
        16
          17           3.519988155   17    0
        17
          18           3.336122099   18    0
        18
          19           3.287398121   19    0
        19
          20           3.267554462   20    0
        20
          21           3.144095016   21    0
        21
          22           3.049383975   22    0
        22
          23           2.895953114   23    0
        23
          24           2.856860450   24    0
        24
          25           2.831205081   25    0
        25
          26           2.601396723   26    0
        26
          27           2.518451065   27    0
        27
          28           2.461124431   28    0
        28
          29           2.398203641   29    0
        29
          30           2.259780578   30    0
        30
          31           2.190138711   31    0
        31
          32           2.134105378   32    0
        32
          33           1.999266937   33    0
        33
          34           1.922692517   34    0
        34
          35           1.912955680   35    0
        35
          36           1.828471096   36    0
        36
          37           1.796204873   37    0
        37
          38           1.737763721   38    0
        38
          39           1.687806737   39    0
        39
          40           1.495296551   40    0
        40
          41           1.400188166   41    0
        41
          42           1.271378513   42    0
        42
          43           1.174844643   43    0
        43
          44           1.131258834   44    0
        44
          45           1.089940020   45    0
        45
          46           1.058649580   46    0
        46
          47           0.976612735   47    0
        47
          48           0.831068477   48    0
        48
          49           0.814476469   49    0
        49
          50           0.799551772   50    0
        50
          51           0.789287276   51    0
        51
          52           0.786162014   52    0
        52
          53           0.700339159   53    0
        53
          54           0.681029684   54    0
        54
          55           0.669499412   55    0
        55
          56           0.640663198   56    0
        56
          57           0.620029669   57    0
        57
          58           0.535397955   58    0
        58
          59           0.488436240   59    0
        59
          60           0.480453788   60    0
        60
          61           0.443969519   61    0
        61
          62           0.418468811   62    0
        62
          63           0.405773942   63    0
        63
          64           0.400049885   64    0
        64
          65           0.387932728   65    0
        65
          66           0.359577608   66    0
        66
          67           0.355121952   67    0
        67
          68           0.351997513   68    0
        68
          69           0.343551364   69    0
        69
          70           0.334253775   70    0
        70
          71           0.327694818   71    0
        71
          72           0.319405197   72    0
        72
          73           0.294115616   73    0
        73
          74           0.289477532   74    0
        74
          75           0.285415163   75    0
        75
          76           0.282750591   76    0
        76
          77           0.270303436   77    0
        77
          78           0.265920892   78    0
        78
          79           0.263821633   79    0
        79
          80           0.261590483   80    0
        80
          81           0.175283804   81    0
        81
          82           0.156935716   82    0
        82
          83           0.146850944   83    0
        83
          84           0.135715680   84    0
        84
          85           0.116387821   85    0
        85
          86           0.112405928   86    0
        86
          87           0.104870658   87    0
        87
          88           0.086771528   88    0
        88
          89           0.084729476   89    0
        89
          90           0.079177354   90    0
        90
          91           0.071660903   91    0
        91
          92           0.062134295   92    0
        92
          93           0.054389562   93    0
        93
          94           0.046775735   94    0
        94
          95           0.043682047   95    0
        95
          96           0.036128049   96    0
        96
          97           0.026022607   97    0
        97
          98           0.021893081   98    0
        98
          99           0.019969248   99    0
        99
         100           0.011649589  100    0
       100
         101           0.007445325  101    0
       101
         102           0.005343301  102    0
       102
         103           0.002710868  103    0
       103
         104           0.002070190  104    0
       104
         105           0.001067505  105    0
       105
$end
