$coord
       -0.89274061760000       -1.16725392660001       -0.76827337480001      N
       -1.07356359960001       -2.99807912359999       -0.24698695979999      H
       -2.00605315860001       -0.95289462060000       -2.30794625479999      H
       -1.80632006860000        0.47317868140000        1.27334444219999      C
       -1.60950557160000        2.43294857540000        0.69158795319999      H
       -3.76753030560000        0.14549268840000        1.82350063219999      H
       -0.61222857359999        0.20921191739999        2.92353014620000      H
        4.07106383240001        1.09456832340000       -0.56966034980000      O
        2.52617993839999        0.15674930440000       -0.89687188980001      H
        5.17069812439999        0.60607818040000       -1.92222434480000      H
$end
