$coord
        9.86133722379661       -5.32010262362712        0.36734836783052      H
        8.58311730379661       -4.01078858562711        0.24749703183051      O
        9.79762133279662       -1.72229299462713       -0.57320473016948      C
       11.11448463679661       -2.11092723862712       -2.12425327216949      H
       10.84692664879660       -0.84521333662712        0.98807478983051      H
        7.81149966279660        0.13001566537288       -1.45777110416948      C
        8.73983908379660        1.93774417737288       -1.87407301516948      H
        6.61426206079661       -0.78960531462711       -3.75825473816948      O
        4.02721319679660       -0.10967850162711       -3.79908926016949      C
        3.56297007079661        0.92462805937287       -5.52051285316948      H
        2.48371864479662       -2.47035387762712       -3.85046146216948      N
        3.37046538479662       -4.69552834162713       -2.85631951516948      C
        5.26836878679660       -4.59918935462712       -2.07987456916948      H
        1.98601130579661       -6.85319480062712       -2.86036107216948      C
        2.73675465579660       -8.58183998062711       -2.06806094716948      H
       -0.50540532920340       -6.87353713362712       -3.95056667216948      C
       -1.95642047120338       -8.69753694262713       -4.10359611616949      O
       -1.27418838120339       -4.50554870762712       -4.87981108216948      N
       -3.01606428920339       -4.41614633762712       -5.68595722916950      H
        0.07714106879661       -2.27549156962711       -4.88713471516949      C
       -0.77836774520339       -0.28178510762712       -5.72343654316949      O
        5.61149351579660        0.59978264937288        0.35120065883051      C
        5.06225731779662       -1.15491145862712        1.30256752383051      H
        3.47543323779661        1.46332979037289       -1.42782234816948      C
        1.59356812979661        1.06972178737288       -0.68042060116949      H
        3.69584426379661        4.06885564037287       -2.06755487816949      O
        3.31678488279660        4.97253111237287       -0.50215632416948      H
        6.36724841779660        2.42038794337288        2.20118268783050      O
        4.61315637679660        2.77054623237288        4.73180357883050      P
        5.99822197079661        4.62332789137288        6.36320856183052      O
        3.75573931779661        0.25938687437287        5.73296566883051      O
        2.19007336679661        4.17118279137289        3.34002435583050      O
       -0.27142550420340        3.93334792537288        4.48274808683051      C
       -0.40149251020338        5.16103260337288        6.14800675483051      H
       -0.56253779320339        1.96896245137287        5.06724449283051      H
       -2.25327809420339        4.74721946137288        2.59948609283052      C
       -1.86952047620339        6.67152233437288        1.93187538083050      H
       -2.23609935020339        3.05913895037289        0.43193920183051      O
       -4.71724816020339        2.63330922937288       -0.45964126816948      C
       -4.86194693620339        3.10122692737288       -2.46259699416949      H
       -5.30354434120338       -0.12600837962711       -0.21691994916948      N
       -3.83156287920340       -1.74804712462713        1.16506728183051      C
       -2.19079921720340       -0.88104310862711        2.02474539783052      H
       -4.37172839220339       -4.24041807162713        1.41415376483052      C
       -3.16255187920339       -5.46985131362711        2.51115330883052      H
       -6.58289960820340       -5.28265278962713        0.21013998383050      C
       -7.30338031920339       -7.50094732762713        0.29026908983050      O
       -7.97729270120338       -3.49101775062711       -1.16841720516948      N
       -9.56112043020339       -4.12063287662711       -2.05737360216949      H
       -7.47097085720340       -0.95232999762712       -1.45831043216950      C
       -8.81793522920340        0.48522481437288       -2.69213445216948      O
       -4.95715926820338        4.58939880537288        3.60889343583051      C
       -5.18786816620338        2.94387870337287        4.84510039983051      H
       -6.50213574320339        4.24300598437288        1.16319512983051      C
       -8.32402775120338        3.31620272237289        1.47723640883051      H
       -6.82054833620340        6.62518530837288       -0.05569079516948      O
       -6.96308432020338        7.86339292637287        1.31116880083052      H
       -5.57297599320338        6.86294628637287        4.91859732383051      O
       -6.95597139220339        6.51018489937287        6.07488418583051      H
$eht charge=-1 unpaired=0
$end
