$coord
       -5.23844856213345       -1.61607689824749       -0.13344499150562      C
       -2.67769582178689       -1.68193719907498        1.20245524848887      C
       -0.51673397886768       -1.24460101090829       -0.65761728471840      C
        2.06680253931909       -0.49534036067702        0.42013325258403      C
        2.18124073176873        2.41492698086899        0.11860288480533      C
        1.11274939315579        3.77691929627352        2.08336407122233      O
        0.82391881137899        2.81259718996320       -2.37908059803299      C
       -5.58244228279548        0.79825698325310       -1.31178629349843      O
        3.84358097235799       -1.69176045130127       -1.09950581008238      O
       -2.60582449896412        0.16755415188246        3.11611259861525      O
       -1.16145800765728        0.86276844851938       -2.37860053931014      O
        6.31320005920177       -1.80236922463713       -0.09619542351257      C
       -5.34017730929074       -3.04428427272525       -1.62108574547970      H
       -6.77497273422767       -1.99494117890521        1.19303988486943      H
       -2.38401801500496       -3.58795560618849        1.96868905206151      H
       -0.32283721496603       -2.91224726237062       -1.85871962892023      H
        2.25396689475201       -1.04214486375777        2.41887788847175      H
        4.14659361977937        3.02845981964276       -0.07601114382526      H
       -0.24368038376939        2.85782580095184        2.87647849452212      H
       -0.08629114929075        4.64945833672769       -2.55974588564591      H
        2.00336886369373        2.42867319233274       -4.02038007335752      H
       -3.05321856095000        1.36549268756559       -2.12403060482977      H
       -6.40979037919780        1.97576386365487       -0.19662120907328      H
        7.16967638014600        0.06847291001396        0.12497388924353      H
        6.34328741516158       -2.75803839601912        1.74046439507171      H
        7.45536772303483       -2.88241197205991       -1.41948057951948      H
       -3.31616450484756       -0.45306096477762        4.66911415135592      H
$eht charge=1 unpaired=0
$end
