$coord
       -3.08883048558477       -2.19102660903052       -0.76979713078107      N
       -1.06919374729060       -0.61549565873415        0.24123050718565      C
       -1.52551360147593        2.13301490569786       -0.56481932333436      C
       -0.39573297493041        3.11359120727677       -2.33730603406593      O
        1.47772487606312       -1.56212821462896       -0.66651350755786      C
        3.67090320175084       -0.23544868508198        0.64096747604507      C
       -2.82753541527553       -3.01047048134432       -2.46540794498289      H
       -1.20366109255266       -0.74585395016978        2.29457937340512      H
        1.58231094541439       -3.59371366634293       -0.31745929039612      H
        3.53804382600350       -0.54602352645103        2.68018458789944      H
        3.51693865545930        1.79458214078808        0.31770099613536      H
       -3.30392500301699        3.31656342655757        0.83590378861577      N
       -4.35713259247048        2.20527905666151        1.98486581083101      H
       -4.18487719158947        5.81315241619521        0.14995097108012      C
       -5.59068629102358        5.75075395546937       -1.35583081152951      H
       -2.58564974706739        6.91353642235020       -0.51432018261127      H
       -5.00495246814470        6.72033423637701        1.79822149483643      H
       -5.35568731962444       -2.41926399120647        0.39907577984044      C
       -5.85527720825562       -1.29575340322300        2.37477990860099      O
       -7.22679756724421       -4.16881727028055       -0.84645032970330      C
       -8.96323624623574       -3.12892228996391       -1.19774130815910      H
       -7.66469393447991       -5.68951448417015        0.46481856380672      H
       -6.54102066194256       -4.97169151175717       -2.60841412141978      H
        1.60830688104038       -1.24638887168378       -2.70167933363272      H
        6.22165376278531       -1.17033770042330       -0.30343808177996      C
        6.34572636729512       -0.84939258346292       -2.34195695471131      H
        6.40047277114234       -3.20396239321994       -0.00690163714845      H
        8.42332774062421        0.14042126769443        0.98807513034232      C
        8.22533214732114        2.18804078190636        0.73452044586066      H
        8.32995370659271       -0.22515495417113        3.01541623759018      H
       10.81910448072658       -0.87858947237144        0.05313876445727      N
       11.00045878404654       -0.44736827538223       -1.80347707737429      H
       12.28225495118549       -0.01363872987114        0.93173321549591      H
$end
