$coord
        0.01163656577861        1.35919408343927        0.00000000000000      C
       -2.26015804176590        0.00782947873023        0.00000000000000      C
       -2.27286645923410       -2.61896013784556        0.00000000000000      C
       -0.00405076547570       -3.95365318551033        0.00000000000000      C
        2.26823713915721       -2.63524509839545        0.00000000000000      C
        2.27020384820037       -0.00285727681977        0.00000000000000      C
        0.00467737060642        4.21039754209734        0.00000000000000      C
       -4.03899638401740        1.02791522736699        0.00000000000000      H
       -4.05546223032355       -3.62776813393478        0.00000000000000      H
       -0.01123696985266       -6.00106785442566        0.00000000000000      H
        4.04592831789383       -3.65248258606767        0.00000000000000      H
        4.05401228518504        1.00671713716969        0.00000000000000      H
        1.92320000918743        4.96477791838709        0.00000000000000      H
       -0.96756234266980        4.95760144290433       -1.66349556433887      H
       -0.96756234266980        4.95760144290433        1.66349556433887      H
$end
