$coord
       -0.00000020988889       -4.98043478877778        0.00000000000000      Pb
        3.06964045311111       -6.06324400177778        0.00000000000000      H
       -1.53482054188888       -6.06324400177778       -2.65838526500000      H
       -1.53482054188888       -6.06324400177778        2.65838526500000      H
       -0.00000020988889       -1.72196703577778        0.00000000000000      H
       -0.00000020988889        4.77334244722222        0.00000000000000      Bi
        1.35700257511111        6.70626379422221       -2.35039772300000      H
       -2.71400388988890        6.70626379422221        0.00000000000000      H
        1.35700257511111        6.70626379422221        2.35039772300000      H
$end
