$coord
        4.80993808235001        1.61395874905000       -0.40767370560001      C
        3.89405403535001       -0.89249254595000        0.67723121340001      C
        1.31341398735000       -1.70090031795001       -0.32682177960000      C
       -0.83192767865001        0.08400635205000        0.38285725740001      C
       -3.40792655965000       -0.86709651895001       -0.48139947559999      C
       -5.54088485165000        0.93407313204999        0.21836416840000      C
        3.58823400935000        3.17287119705000        0.14721409540000      H
        4.84505675035001        1.54441683305000       -2.46705173659999      H
        6.71261058634999        2.05492441904999        0.24010546639999      H
        3.80733262035001       -0.76583555194999        2.73630310839999      H
        5.27409447035000       -2.36196237394999        0.24182889639999      H
        0.86750101435000       -3.58619112095001        0.38881934240000      H
        1.40620520235000       -1.86568442395001       -2.38569147459999      H
       -0.50289614865000        1.95049816105000       -0.43467411060000      H
       -0.85351212864999        0.34001320105000        2.43519416939999      H
       -3.75922851164999       -2.72244461395000        0.35238542540001      H
       -3.37304977665000       -1.14555142294999       -2.52665180460000      H
       -7.36991662264999        0.22871023004999       -0.40711056759999      H
       -5.24840062165000        2.78249727105000       -0.64174083659999      H
       -5.63069785864999        1.20218934505000        2.25851234840000      H
$end
