$coord
        1.07810058821212        4.39950915933333       -1.31521115169697      N
        2.82415260121213        2.76563695033333       -2.34532346569697      C
        1.81885427921212        0.37163757933333       -2.50473130169697      C
       -0.69649573578788        0.53394614433333       -1.49478992269696      C
       -2.62332082678788       -1.24841128466666       -1.12046921869697      C
       -4.89179514878789       -0.46525403166667       -0.05314064069697      C
       -5.26953625678788        2.08373688533334        0.64910421330303      C
       -3.37905437578788        3.87521791133332        0.29379415330302      C
       -1.09989176378787        3.08339059533332       -0.76896506669697      C
        1.37393341321212        6.24243419533333       -0.98026477869697      H
        4.68025847721213        3.42834117833332       -2.86090118669698      H
       -2.40301090178788       -3.21299310066668       -1.64418598969698      H
       -7.03621840778788        2.67984905933333        1.47381654130302      H
       -3.69017886278788        5.82122183133332        0.84126478030303      H
       -6.68308153278788       -2.31463626266668        0.25299496930304      O
       -9.02005842178788       -1.57728407766666        1.33435287330302      C
       -9.98091038878787       -0.16859917666667        0.17157612530304      H
       -8.76957524178788       -0.83369201866666        3.24334650930303      H
      -10.16227495078788       -3.28008971166667        1.41604383830303      H
        3.16320912821212       -1.98790641766667       -3.28038067269698      C
        4.39396498921212       -3.32216824066666       -1.00319849269696      C
        6.38546028321212       -1.82606650466666        0.14393321330303      N
        6.11978559621213       -0.06866101766667        2.03649946230304      C
        3.80985824421213       -0.29622749066666        3.70884649230303      C
        4.63315894621213       -1.55757423566668       -4.66558761769697      H
        1.84841337321211       -3.29741660966668       -4.18798394069697      H
        5.19635965221212       -5.12541659066667       -1.60460000969696      H
        2.96737304521212       -3.73255625466668        0.42002407030303      H
        7.92037888121211       -1.48347807966667       -0.93620392669698      H
        7.74606677621211        1.53542533033333        2.39860308730303      O
        3.62140154121212       -2.20510207466667        4.45966864330303      H
        2.09368091021212        0.15383154033332        2.66358802430302      H
        4.03099209021212        1.02935482033334        5.25848038630304      H
$end
