$coord
       -2.80035879049035        2.15105410499354       -1.94270827483775      C
       -2.45003659909976       -0.15177980770604       -0.24767549442700      C
        0.00000000000000        0.00000000000000        1.27291433331333      C
        2.45003659909976        0.15177980770604       -0.24767549442700      C
        4.69088994141480        0.41486335285964        1.54575480746249      C
       -4.69088994141480       -0.41486335285964        1.54575480746249      C
        2.80035879049035       -2.15105410499354       -1.94270827483775      C
       -2.79086258385255        3.87486495876790       -0.80769917997797      H
       -1.31179918210797        2.31237951340051       -3.35453084446795      H
       -4.60240910465660        2.06307454970554       -2.93662240083748      H
       -2.38743364089994       -1.83888959437518       -1.43752296396287      H
       -0.11671895646245        1.65264175887244        2.51529594092598      H
        0.11671895646245       -1.65264175887244        2.51529594092598      H
        2.38743364089994        1.83888959437518       -1.43752296396287      H
        4.82640197796227       -1.24070318024411        2.76877489700438      H
        4.49313674388775        2.07428250376993        2.74999032993200      H
        6.46355831406802        0.58242370399720        0.51048601652955      H
       -4.82640197796227        1.24070318024411        2.76877489700438      H
       -4.49313674388775       -2.07428250376993        2.74999032993200      H
       -6.46355831406802       -0.58242370399720        0.51048601652955      H
        2.79086258385255       -3.87486495876790       -0.80769917997797      H
        4.60240910465660       -2.06307454970554       -2.93662240083748      H
        1.31179918210797       -2.31237951340051       -3.35453084446795      H
$end
