$coord
        0.00000000000000        0.00000000000000       -3.04902128793416      N
       -2.15316377606912        0.00000000000000       -1.72142421564486      C
       -3.87820792611073        0.00000000000000       -2.82322415448132      H
       -2.26096094428165        0.00000000000000        0.90843041929204      C
       -4.05871992035847        0.00000000000000        1.87901522660359      H
        0.00000000000000        0.00000000000000        2.25774448089204      C
        0.00000000000000        0.00000000000000        4.30199004058892      H
        2.26096094428165        0.00000000000000        0.90843041929204      C
        4.05871992035847        0.00000000000000        1.87901522660359      H
        2.15316377606912        0.00000000000000       -1.72142421564486      C
        3.87820792611073        0.00000000000000       -2.82322415448132      H
$end
