$coord
    2.67430242700000      5.42216621800000      0.00000000000000      c
    2.67430242700000      2.54388865700000      0.00000000000000      c
    0.01687714300000      1.43858036600000      0.00000000000000      c
   -0.01687714300000     -1.43858036600000      0.00000000000000      c
   -2.67430242700000     -2.54388865700000      0.00000000000000      c
   -2.67430242700000     -5.42216621800000      0.00000000000000      c
    1.70248438000000      6.15269460200000      1.66232203400000      h
    1.70248438000000      6.15269460200000     -1.66232203400000      h
    4.58565444200000      6.18411507600000      0.00000000000000      h
    3.69613018300000      1.84685944600000      1.65250112800000      h
    3.69613018300000      1.84685944600000     -1.65250112800000      h
   -1.00948595500000      2.13394661900000     -1.65402613700000      h
   -1.00948595500000      2.13394661900000      1.65402613700000      h
    1.00948595500000     -2.13394661900000      1.65402613700000      h
    1.00948595500000     -2.13394661900000     -1.65402613700000      h
   -3.69613018300000     -1.84685944600000     -1.65250112800000      h
   -3.69613018300000     -1.84685944600000      1.65250112800000      h
   -4.58565444200000     -6.18411507600000      0.00000000000000      h
   -1.70248438000000     -6.15269460200000      1.66232203400000      h
   -1.70248438000000     -6.15269460200000     -1.66232203400000      h
$redundant
     number_of_atoms            20
     degrees_of_freedom         16
     internal_coordinates       16
     frozen_coordinates          0
# definitions of redundant internals
   1 k  1.0000000000000 stre    3    4           val=   2.87736
   2 k  1.0000000000000 stre    2    1           val=   2.87828
   3 k  1.0000000000000 stre    3    2           val=   2.87813
   4 k  1.0000000000000 stre    1    9           val=   2.05763
   5 k  0.4251681204123 bend    7    9    1      val=   1.43744
        0.4251681204123 bend    8    9    1
        0.4083033443634 bend    8    7    1
       -0.3947702021697 bend    2    9    1
       -0.3974349036199 bend    2    7    1
       -0.3974349036199 bend    2    8    1
   6 k  0.0018873634043 bend   13   12    3      val=   0.03156
       -0.5001344713180 bend    4   12    3
       -0.5001344713180 bend    4   13    3
        0.4998637109545 bend    2   12    3
        0.4998637109545 bend    2   13    3
   7 k  1.0000000000000 stre    3   12           val=   2.06707
   8 k  1.0000000000000 stre    2   10           val=   2.06416
   9 k  1.0000000000000 stre    1    8           val=   2.05947
  10 k  0.0146326678150 bend   11   10    2      val=   0.25246
        0.4989796945764 bend    3   10    2
        0.4989796945764 bend    3   11    2
       -0.5009113763100 bend    1   10    2
       -0.5009113763100 bend    1   11    2
  11 k -0.3338149140440 bend    7    9    1      val=   0.43377
       -0.3338149140440 bend    8    9    1
        0.6903876609548 bend    8    7    1
       -0.4502266572275 bend    2    9    1
        0.2211289680784 bend    2    7    1
        0.2211289680784 bend    2    8    1
  12 k  0.9045121528028 bend   11   10    2      val=   1.67629
       -0.2201381329370 bend    3   10    2
       -0.2201381329370 bend    3   11    2
       -0.2060778618459 bend    1   10    2
       -0.2060778618459 bend    1   11    2
  13 k  0.9063215802910 bend   13   12    3      val=   2.27884
       -0.2103798796883 bend    4   12    3
       -0.2103798796883 bend    4   13    3
       -0.2122048603867 bend    2   12    3
       -0.2122048603867 bend    2   13    3
  14 k  1.0000000000000 bend    4    2    3      val= 113.25614
  15 k -0.2214190681698 bend    7    9    1      val=   0.23793
       -0.2214190681698 bend    8    9    1
        0.4499166633669 bend    8    7    1
        0.6805702342103 bend    2    9    1
       -0.3437632505324 bend    2    7    1
       -0.3437632505324 bend    2    8    1
  16 k  1.0000000000000 bend    3    1    2      val= 112.58399
        16 non zero eigenvalues  of BmBt
           1           4.386668367    1    0
         1
           2           3.904849267    2    0
         2
           3           3.528121592    3    0
         3
           4           3.166040304    4    0
         4
           5           2.376772449    5    0
         5
           6           1.914771963    6    0
         6
           7           0.882683073    7    0
         7
           8           0.795481156    8    0
         8
           9           0.763548120    9    0
         9
          10           0.692416569   10    0
        10
          11           0.463791659   11    0
        11
          12           0.377380302   12    0
        12
          13           0.276174853   13    0
        13
          14           0.241335153   14    0
        14
          15           0.059427732   15    0
        15
          16           0.039573823   16    0
        16
$user-defined bonds
$end
