$coord
   -6.36178445842373      1.93408954967797     -9.11854018137288      h
   -5.57294876842373      1.11560935067797     -7.67949550937288      o
   -7.02620228942373      1.72853479467797     -5.46315305837288      c
   -9.02866234042373      1.27986244367797     -5.75297353037288      h
   -6.84410338042373      3.74503532067797     -5.00569801737288      h
   -6.02482514942373      0.19860771967797     -3.25710791337288      c
   -6.95753418242373      0.84600516667797     -1.52924205537288      h
   -6.65669188342373     -2.47467312232203     -3.59304865937288      o
   -4.40956881942373     -3.95093424632203     -3.75200806337288      c
   -4.09520817642373     -5.01194112432203     -2.00854592037288      h
   -4.73430084542373     -5.85279624632203     -5.74098378637288      n
   -5.10395392642373     -5.07421477632203     -8.19536122537288      c
   -5.15435991042373     -3.03625565532203     -8.44477160737288      h
   -5.42600216342373     -6.70786607632203    -10.13728314837288      c
   -5.70008443042373     -6.03166863832203    -12.04691513437288      h
   -5.43866276042373     -9.39006453432203     -9.65968476137288      c
   -5.71479500242373    -11.08602841532203    -11.24338399037288      o
   -5.15061730742373    -10.01466224932203     -7.09928008837288      n
   -5.19542535642373    -11.88461169032203     -6.65906010437288      h
   -4.81025724842373     -8.40508265632204     -5.07533441937288      c
   -4.60483193842373     -9.17221484432203     -2.89276080537288      o
   -3.14756558342373      0.31435834967797     -2.93635357137288      c
   -2.34864423642373      2.03711004167797     -3.73508103237288      h
   -2.21510826142373     -2.09947728632203     -4.24284171337288      c
   -2.00312031142373     -1.74770970632203     -6.26356634337288      h
    0.13896365557627     -2.99947384032203     -3.33067702437288      o
    0.10205541757627     -2.68896143532203     -1.50925310137288      h
   -2.41702170442373      0.07549566167797     -0.32835331437288      o
   -2.17563150742373      2.62914626467797      1.47262698662712      p
   -3.56662706142373      2.13619347667797      3.88148924162712      o
   -2.70323544542373      4.90272605967797     -0.14019348637288      o
    0.82137016757627      2.47532804967797      2.20557762062712      o
    2.65376621757627      2.66681625167797      0.20401348862712      c
    2.33941124357627      4.40702901167797     -0.87188121737288      h
    2.49157160257627      1.05001223667797     -1.08249628037288      h
    5.27249766157627      2.65188666067797      1.34034522162712      c
    6.65227580257627      2.68034744567797     -0.20802104337288      h
    5.65254763657627      4.89541395467797      2.88004558162712      o
    7.01885902257627      4.32931762067797      5.10103449162712      c
    8.59648882857627      5.63908122467797      5.32583856262712      h
    5.30657414557627      4.66636688067797      7.34898336562712      n
    2.81936630757627      5.34073355267797      7.07552981062712      c
    2.21899582457627      5.59302085467797      5.13870013162712      h
    1.23390188657627      5.62639776167797      9.07140511162712      c
   -0.72067931142373      6.15057770467797      8.78129872362712      h
    2.13839844457627      5.21264830367797     11.60112989462712      c
    0.91096150957627      5.40525295567797     13.58439146262712      o
    4.69623592557627      4.51608679967797     11.70530236262712      n
    5.43963825657627      4.19698464567797     13.44847707862712      h
    6.35296304757627      4.21173830267797      9.71855821762712      c
    8.57835974257627      3.59802295367797     10.01554093962712      o
    5.86485173757627      0.44111644467797      3.09567295562712      c
    4.18997700957627     -0.11204282432203      4.17296700262712      h
    7.89157360257627      1.57118978367797      4.84915121362712      c
    8.02077568057627      0.61090983667797      6.67089072062712      h
   10.27889335857627      1.57672479067797      3.58783281462712      o
   10.25480426557627      0.07969349867797      2.50033708062712      h
    6.79914700657627     -1.62589456732203      1.62813083762712      o
    6.57322875257627     -3.16889779032203      2.59807918862712      h
$user-defined bonds
$end
