$coord
    1.85404409730758     -0.05226243957689      0.09990484165060       n
   -0.18023580030735      1.10443825475375      1.60023282056908       c
   -2.74206889638658      0.81119402774824      0.26416012996506       c
   -3.86955738710595      2.61805923701853     -0.65823379610921       o
    0.62997767757356      3.85880032220108      1.75487038035785       c
    1.93399022474350      4.28025787121151     -0.78728673236964       c
    3.43008484906576      1.84371698974828     -1.16168403912688       c
   -0.26292962072930      0.15694005505540      3.42820919840041       h
    1.96889808306402      4.09888824020517      3.30248307452118       h
   -0.98054850135026      5.09791132378366      2.03511389177692       h
    3.14567987753737      5.93967868903169     -0.82193719249325       h
    0.50143387836043      4.46710521921216     -2.25048860078577       h
    5.28085325800517      1.96269091166862     -0.25196630655319       h
    3.70875044919540      1.37574630404632     -3.14554480360531       h
   -3.58055689462722     -1.59652845993458      0.22873931857565       n
   -2.37449509784336     -2.93106526346288      0.89433977583143       h
   -5.87118205426446     -2.30257061889019     -1.08267845339794       c
   -6.96183243981867     -3.61946085273094      0.05670793975175       h
   -6.96991224364747     -0.59916219542580     -1.39766222230200       h
   -5.46726799723431     -3.17471158918371     -2.90463806205653       h
    2.38181485137710     -2.54851377525339      0.27235449813697       c
    1.03188938552322     -4.02142355101386      1.48430157405026       o
    4.70559065689755     -3.43593208020416     -1.11697312818230       c
    4.93935049222557     -5.43987078132684     -0.76041493543007       h
    4.50587443073182     -3.11975611099160     -3.14121247310361       h
    6.38181186134194     -2.42009253052674     -0.48920891841704       h
$end
