$coord
    0.00454880637500     -3.81421727025000      0.00000000000000      sb
   -1.59734545962500     -5.35433450325000      2.27494852300000      h
   -1.59734545962500     -5.35433450325000     -2.27494852300000      h
   -2.13288057662500     -1.45353754725000      0.00000000000000      h
    0.00454880637500      4.19773526975000      0.00000000000000      sb
    1.57640587837500      2.62264109775000      2.27169063600000      h
    2.16566212637500      6.53340635875000      0.00000000000000      h
    1.57640587837500      2.62264109775000     -2.27169063600000      h
$redundant
     number_of_atoms             8
     degrees_of_freedom         11
     internal_coordinates       11
     frozen_coordinates          0
# definitions of redundant internals
   1 k  1.0000000000000 stre    4    6           val=   5.96109
   2 k  1.0000000000000 stre    5    7           val=   3.18210
   3 k  1.0000000000000 stre    4    5           val=   6.04198
   4 k  1.0000000000000 stre    4    1           val=   3.18456
   5 k  1.0000000000000 stre    8    5           val=   3.17997
   6 k  1.0000000000000 stre    1    3           val=   3.18016
   7 k  0.6077691841647 bend    5    1    4      val= 102.84670
        0.5615232046763 bend    6    1    4
        0.5615232046763 bend    8    1    4
   8 k  0.5792585947859 bend    3    2    1      val=  91.24730
        0.5763937371132 bend    4    2    1
        0.5763937371132 bend    4    3    1
   9 k  0.7071067811865 bend    6    7    5      val=  91.59661
        0.7071067811865 bend    8    7    5
  10 k  1.0000000000000 tors    6    5    4    8 val= 263.49612
        1.0000000000000 tors    6    5    4    8
  11 k -0.8151438402924 bend    3    2    1      val=   0.15296
        0.4095976804337 bend    4    2    1
        0.4095976804337 bend    4    3    1
        11 non zero eigenvalues  of BmBt
           1           4.196005641    1    0
         1
           2           2.622802503    2    0
         2
           3           2.361010223    3    0
         3
           4           2.081954839    4    0
         4
           5           2.012828693    5    0
         5
           6           0.673734753    6    0
         6
           7           0.367733499    7    0
         7
           8           0.360021427    8    0
         8
           9           0.234453218    9    0
         9
          10           0.161489954   10    0
        10
          11           0.081748981   11    0
        11
$user-defined bonds
$end
