$coord
   -3.14823685882285      0.20432349315536     -0.30791229479382      c
   -1.76487554949229     -0.05204362011488     -2.57778536576055      c
    0.79334306724459     -0.22767890873906     -2.49563270723502      c
    2.22332567171983     -0.17220078999846     -0.18070998462501      c
    1.00254932776747      0.06665472071753      2.02725465757417      c
   -1.78733263723419      0.27689007504026      2.15574372283785      c
   -5.61300521842298      0.38094679687115     -0.31847662407034      n
   -6.60830808857466      0.33948270791040     -1.94885265704822      h
   -6.63336358648727      0.56577190985711      1.28499041831491      h
   -2.74421622791648     -0.10639907766776     -4.37475913950687      h
    1.83478192576843     -0.42148952994239     -4.25105578254050      h
    5.02847600227943     -0.38204755688957     -0.40294656938679      c
    2.00713111555542      0.11687977761293      3.81118636395366      h
   -2.50840868062993     -1.23651745439034      3.38247904024711      h
    6.15906696806453     -0.34257416336587      1.82313346644375      o
    6.06188278097427     -0.56248869926054     -2.40205913054269      o
    7.97012761302750     -0.47899790316334      1.61927623900497      h
   -2.27293762482084      2.03148822236747      3.15612634713338      h
$user-defined bonds
$end
