$coord
   -2.13830719256540     -0.23904895022782      0.00000000000000      c
    0.44038538856937      0.93109125935693      0.00000000000000      c
    2.60885309165736     -0.33339880881759      0.00000000000000      c
   -2.03521215503552     -2.29955954855455      0.00000000000000      h
   -3.22266270169921      0.35394510493505     -1.65901730894324      h
   -3.22266270169921      0.35394510493505      1.65901730894324      h
    0.49481846897867      2.98663613377609      0.00000000000000      h
    2.65949327611920     -2.38406542966389      0.00000000000000      h
    4.41529452567478      0.63045513426072      0.00000000000000      h
$redundant
     number_of_atoms             9
     degrees_of_freedom         14
     internal_coordinates       14
     frozen_coordinates          0
# definitions of redundant internals
   1 k  1.0000000000000 stre    1    4           val=   2.06309
   2 k  1.0000000000000 stre    2    7           val=   2.05627
   3 k  1.0000000000000 stre    3    9           val=   2.04750
   4 k  1.0000000000000 stre    2    3           val=   2.51022
   5 k  1.0000000000000 stre    2    1           val=   2.83176
   6 k  1.0000000000000 stre    3    8           val=   2.05129
   7 k  0.4356135099829 bend    5    4    1      val=   1.51836
        0.4356135099829 bend    6    4    1
        0.3883582331328 bend    6    5    1
       -0.3856399476341 bend    2    4    1
       -0.4005879762221 bend    2    5    1
       -0.4005879762221 bend    2    6    1
   8 k -0.8164837091941 bend    8    9    3      val=   2.49885
        0.4122123036224 bend    2    9    3
        0.4042714055717 bend    2    8    3
   9 k  1.0000000000000 stre    1    6           val=   2.06877
  10 k -0.7071067811865 bend    3    7    2      val=  -1.40326
        0.7071067811865 bend    1    7    2
  11 k -0.0045846796271 bend    8    9    3      val=   0.01245
       -0.7048032941247 bend    2    9    3
        0.7093879737518 bend    2    8    3
  12 k -0.3164826672637 bend    5    4    1      val=   0.59606
       -0.3164826672637 bend    6    4    1
        0.6928137314768 bend    6    5    1
       -0.4728005767874 bend    2    4    1
        0.2192557761042 bend    2    5    1
        0.2192557761042 bend    2    6    1
  13 k  1.0000000000000 bend    1    3    2      val= 125.34518
  14 k  0.2270783347038 bend    5    4    1      val=   0.53868
        0.2270783347038 bend    6    4    1
       -0.4650469617860 bend    6    5    1
       -0.6675081405448 bend    2    4    1
        0.3428083031786 bend    2    5    1
        0.3428083031786 bend    2    6    1
        14 non zero eigenvalues  of BmBt
           1           4.304694933    1    0
         1
           2           3.947216276    2    0
         2
           3           3.186280112    3    0
         3
           4           3.179945651    4    0
         4
           5           2.243599186    5    0
         5
           6           1.825560058    6    0
         6
           7           0.900370606    7    0
         7
           8           0.877498854    8    0
         8
           9           0.688118331    9    0
         9
          10           0.629793518   10    0
        10
          11           0.393419761   11    0
        11
          12           0.359591050   12    0
        12
          13           0.270060469   13    0
        13
          14           0.070437756   14    0
        14
$user-defined bonds
$end
