$coord
     2.962920278    -0.146094716    -0.724275280     C 
     0.186648236     0.165199846     0.033599328     N 
     0.018557109    -0.130164326     2.879224314     C 
     2.296583996    -1.806974889     3.495463959     C 
     4.375188099    -0.711103890     1.758163267     C 
    -1.141375601     2.405318830    -1.027009384     C 
    -0.685913843    -1.421621965    -0.657133316     H 
    -3.111509432     2.353918283    -0.400924266     H 
    -0.230867824     4.150310707    -0.383633273     H 
    -1.089956157     2.283072455    -3.090873624     H 
     2.983102551    -1.763737959    -2.018321844     H 
     3.618277251     1.552409901    -1.704495049     H 
     5.954772260    -2.013880988     1.454030766     H 
     5.138807475     1.039368192     2.573353265     H 
     1.848416580    -3.758135872     2.951544127     H 
     2.792750452    -1.755007425     5.504601735     H 
    -1.812266122    -0.997151713     3.300538723     H 
     0.158793675     1.743177740     3.759175221     H 
$end
