$coord
        0.00000000000000        0.00000000000000        2.22578321382135      Si
        0.00000000000000        0.00000000000000       -2.22578321382135      Si
        2.28223032320456       -1.31764629145488        3.20472195150457      H
        0.00000000000000        2.63529258290977        3.20472195150457      H
       -2.28223032320456       -1.31764629145488        3.20472195150457      H
        2.28223032320456        1.31764629145488       -3.20472195150457      H
        0.00000000000000       -2.63529258290977       -3.20472195150457      H
       -2.28223032320456        1.31764629145488       -3.20472195150457      H
$end
