$coord
       -1.14502584412997        0.00000000000000       -4.12137936954944      C
       -3.15195008393237        0.00000000000000       -4.12635674495981      H
        1.14502584412997        0.00000000000000       -4.12137936954944      C
        3.15195008393237        0.00000000000000       -4.12635674495981      H
        0.00000000000000        0.00000000000000        2.98065008571736      C
        0.00000000000000        0.00000000000000        0.97029399786521      H
        0.00000000000000        0.00000000000000        5.27113671302940      C
        0.00000000000000        0.00000000000000        7.27696377055957      H
$end
