$coord
       -5.41960204235294        0.88434740294117        0.00256260158823      O
       -3.58419847835293        0.95017801094118       -0.00135240141176      H
       -6.08153423635294       -1.69706228405881        0.00212252558824      C
       -8.13275784135294       -1.81703591905882        0.00924787558825      H
       -5.39547385535294       -2.69449713705883       -1.67335079341175      H
       -5.38367561535295       -2.69801389205882        1.67062646758824      H
        0.06058146164706        0.75011077694119       -0.00329200441176      N
        1.37652690564706        0.70393469694117       -2.16649839141177      C
        0.27202250964706        0.74782081494118       -3.88799235341176      H
        4.00256018064705        0.60993431394118       -2.25850017441175      C
        4.96131709864706        0.57725711194119       -4.06088817641177      H
        5.34497093264705        0.56134451394118        0.00088083758823      C
        7.38650995564706        0.48997947794117        0.00248577258824      H
        3.99901841064706        0.60862754994118        2.25823384458823      C
        4.95483942464706        0.57494445594117        4.06195026358824      H
        1.37314277664706        0.70264082594118        2.16194458558823      C
        0.26575241264706        0.74548927994118        3.88181952058824      H
$end
