$coord
       -0.69295570706463        2.07436950726341        0.00000000000000      C
       -1.40341254639081       -0.39209914431413        0.00000000000000      C
        0.49235290943837       -2.33886056126430        0.00000000000000      C
        2.78827403934003       -1.89761724457183        0.00000000000000      O
        1.67935712203865        2.84759984475482        0.00000000000000      O
       -2.04876112290679        3.60436290051518        0.00000000000000      H
       -3.37968236448893       -0.87660458938224        0.00000000000000      H
       -0.15308378592333       -4.30924954212234        0.00000000000000      H
        2.71791145595743        1.28809882912143        0.00000000000000      H
$end
