$coord
        0.00000000000000        0.00000000000000       -3.03197329134672      N
        2.16422165403238        0.00000000000000       -1.71695822692214      C
        3.88482707321550        0.00000000000000       -2.82370698173003      H
        2.25833631368141        0.00000000000000        0.91068157358987      C
        4.06149505371731        0.00000000000000        1.86854465865022      H
        0.00000000000000        0.00000000000000        2.25578749735900      C
        0.00000000000000        0.00000000000000        4.29857405204794      H
       -2.25833631368141        0.00000000000000        0.91068157358987      C
       -4.06149505371731        0.00000000000000        1.86854465865022      H
       -2.16422165403238        0.00000000000000       -1.71695822692214      C
       -3.88482707321550        0.00000000000000       -2.82370698173003      H
$end
