$coord
        2.28143498461621        1.31718710250680        0.00000000000000      C
        4.05149294849611        2.33913054443409        0.00000000000000      H
        2.28143498461621       -1.31718710250680        0.00000000000000      C
        4.05149294849611       -2.33913054443409        0.00000000000000      H
        0.00000000000000       -2.63437420501361        0.00000000000000      C
        0.00000000000000       -4.67826108886820        0.00000000000000      H
       -2.28143498461621       -1.31718710250680        0.00000000000000      C
       -4.05149294849611       -2.33913054443409        0.00000000000000      H
       -2.28143498461621        1.31718710250680        0.00000000000000      C
       -4.05149294849611        2.33913054443409        0.00000000000000      H
        0.00000000000000        2.63437420501361        0.00000000000000      C
        0.00000000000000        4.67826108886820        0.00000000000000      H
$end
