$coord
   -4.35472495009533     -1.10537131761051     -0.28897809244136      c
   -1.98170782256442      0.48662577340505     -0.65704234659979      c
    0.36298303608243     -1.04052845453279      0.05262617252970      c
    2.86983543107140      0.26299738907816     -0.49989749264245      c
    5.12512914888720     -1.43542091271606      0.06308918861646      c
   -2.18220518230871      2.92464711460027      0.86659410364506      c
   -4.55584166436952     -1.63290727420942      1.69508679917556      h
   -6.04604188475006     -0.06746614050665     -0.83978498186104      h
   -4.27445227025816     -2.83805809256207     -1.39884093525678      h
   -1.83242397948510      0.97968482656830     -2.66097493353819      h
    0.26340017478133     -1.51154687177913      2.06648638350116      h
    0.31574732201785     -2.83849979880975     -0.96695397084535      h
    3.02463510153114      1.99148777478625      0.61187730884415      h
    2.90738615432819      0.83571253317971     -2.48411785015217      h
    5.13094324058225     -2.00808112878857      2.04171372344666      h
    6.90812977734573     -0.48387362982929     -0.32368120016949      h
    5.05855955130725     -3.14652888533014     -1.08108954944591      h
   -2.25488451634189      2.49515792716846      2.88398145183683      h
   -3.89899219796873      3.95265233621281      0.37935340135142      h
   -0.58547446979282      4.17931683167533      0.54055282000552      h
$user-defined bonds
$redundant
     number_of_atoms            20
     degrees_of_freedom         54
     internal_coordinates       54
     frozen_coordinates          0
# definitions of redundant internals
   1 k  1.0000000000000 tors    9    1    2    3 val=  60.15933
        1.0000000000000 tors    9    1    2    6
        1.0000000000000 tors    8    1    2    3
        1.0000000000000 tors    8    1    2    6
        1.0000000000000 tors    7    1    2    3
        1.0000000000000 tors    7    1    2    6
   2 k  1.0000000000000 stre    1    9           val=   2.05923
   3 k  1.0000000000000 stre    1    8           val=   2.05941
   4 k  1.0000000000000 stre    1    7           val=   2.06283
   5 k  0.4334759083445 bend    8    9    1      val=   1.31900
        0.4118056780928 bend    7    9    1
        0.4102516159362 bend    7    8    1
       -0.3963349935357 bend    2    9    1
       -0.3967349862455 bend    2    8    1
       -0.3996601751301 bend    2    7    1
   6 k -0.6824902085605 bend    8    9    1      val=   0.55926
        0.3605757549871 bend    7    9    1
        0.3517982851211 bend    7    8    1
       -0.2172245577036 bend    2    9    1
       -0.2224596762254 bend    2    8    1
        0.4286669927864 bend    2    7    1
   7 k -0.0043441561244 bend    8    9    1      val=   0.02075
       -0.6104303971119 bend    7    9    1
        0.6166614211605 bend    7    8    1
       -0.3534027335474 bend    2    9    1
        0.3495472867390 bend    2    8    1
        0.0027843304692 bend    2    7    1
   8 k  0.4293263811963 bend    8    9    1      val=  -0.26676
       -0.2200497115612 bend    7    9    1
       -0.2182701319920 bend    7    8    1
       -0.3415484548790 bend    2    9    1
       -0.3447391970754 bend    2    8    1
        0.6957834945588 bend    2    7    1
   9 k  0.0009429477599 bend    8    9    1      val=   0.02281
        0.3508890696736 bend    7    9    1
       -0.3520782100833 bend    7    8    1
       -0.6143018373365 bend    2    9    1
        0.6128181292493 bend    2    8    1
        0.0020245310587 bend    2    7    1
  10 k  1.0000000000000 stre    2   10           val=   2.06909
  11 k  0.0490975138385 bend    1   10    2      val=  -0.13047
       -0.7294013556806 bend    6   10    2
        0.6823218422901 bend    3   10    2
  12 k  0.8207156709925 bend    1   10    2      val=   1.28393
       -0.3598697142501 bend    6   10    2
       -0.4437562125232 bend    3   10    2
  13 k  1.0000000000000 stre    3   12           val=   2.06748
  14 k  1.0000000000000 stre    3   11           val=   2.07061
  15 k  0.0075296241968 bend   11   12    3      val=   0.12041
       -0.4972639505442 bend    4   12    3
       -0.5038755281349 bend    4   11    3
        0.4998076901821 bend    2   12    3
        0.4989725375512 bend    2   11    3
  16 k  0.0044673689177 bend   11   12    3      val=   0.29589
        0.5072211715849 bend    4   12    3
       -0.5011316789200 bend    4   11    3
        0.4950346777848 bend    2   12    3
       -0.4965021992744 bend    2   11    3
  17 k  0.9101337439535 bend   11   12    3      val=   3.79277
       -0.2070213093272 bend    4   12    3
       -0.1998786395541 bend    4   11    3
       -0.2102998056283 bend    2   12    3
       -0.2112374654372 bend    2   11    3
  18 k -0.0031957316052 bend   11   12    3      val=   0.30062
       -0.4958955965832 bend    4   12    3
        0.4956290323839 bend    4   11    3
        0.5069401651194 bend    2   12    3
       -0.5014388056741 bend    2   11    3
  19 k  1.0000000000000 stre    4   13           val=   2.06099
  20 k  1.0000000000000 stre    4   14           val=   2.06556
  21 k  0.0002212513631 bend   14   13    4      val=   0.00519
       -0.4986868635442 bend    5   13    4
       -0.5013166538174 bend    5   14    4
        0.5060861027478 bend    3   13    4
        0.4938317855172 bend    3   14    4
  22 k  0.0149062379476 bend   14   13    4      val=   0.20325
       -0.5058874778904 bend    5   13    4
        0.4943368097405 bend    5   14    4
       -0.4980799126581 bend    3   13    4
        0.5014012195099 bend    3   14    4
  23 k  0.9033984967957 bend   14   13    4      val=   1.36417
       -0.2097298608944 bend    5   13    4
       -0.2183877451583 bend    5   14    4
       -0.2035196484245 bend    3   13    4
       -0.2253244037077 bend    3   14    4
  24 k -0.0051230337357 bend   14   13    4      val=   0.56785
       -0.4951796816377 bend    5   13    4
        0.5045445069492 bend    5   14    4
        0.4999724772821 bend    3   13    4
       -0.5002331455294 bend    3   14    4
  25 k  1.0000000000000 tors   16    5    4    3 val=  60.36963
        1.0000000000000 tors   17    5    4    3
        1.0000000000000 tors   15    5    4    3
  26 k  1.0000000000000 stre    5   16           val=   2.05770
  27 k  1.0000000000000 stre    5   17           val=   2.05948
  28 k  1.0000000000000 stre    5   15           val=   2.05984
  29 k  0.4265515938098 bend   17   16    5      val=   1.43403
        0.4235923652479 bend   15   16    5
        0.4084026712816 bend   15   17    5
       -0.3947004159039 bend    4   16    5
       -0.3973567958032 bend    4   17    5
       -0.3976803522006 bend    4   15    5
  30 k -0.3336410137204 bend   17   16    5      val=   0.40541
       -0.3345965163566 bend   15   16    5
        0.6905409955084 bend   15   17    5
       -0.4498724326136 bend    4   16    5
        0.2212633617816 bend    4   17    5
        0.2203163585287 bend    4   15    5
  31 k -0.6409460025065 bend   17   16    5      val=   0.07458
        0.6425587551520 bend   15   16    5
        0.0018710769361 bend   15   17    5
       -0.0006637651642 bend    4   16    5
       -0.2972591314639 bend    4   17    5
        0.2965460087350 bend    4   15    5
  32 k  0.2227206744637 bend   17   16    5      val=  -0.19012
        0.2199114428432 bend   15   16    5
       -0.4493175717917 bend   15   17    5
       -0.6808916698615 bend    4   16    5
        0.3403797289788 bend    4   17    5
        0.3473850200654 bend    4   15    5
  33 k  0.2954102716524 bend   17   16    5      val=  -0.00355
       -0.2983886535410 bend   15   16    5
        0.0024272735359 bend   15   17    5
        0.0038369530140 bend    4   16    5
       -0.6431511532543 bend    4   17    5
        0.6403381630378 bend    4   15    5
  34 k  1.0000000000000 tors   20    6    2    1 val=  62.96590
        1.0000000000000 tors   20    6    2    3
        1.0000000000000 tors   19    6    2    1
        1.0000000000000 tors   19    6    2    3
        1.0000000000000 tors   18    6    2    1
        1.0000000000000 tors   18    6    2    3
  35 k  1.0000000000000 stre    6   20           val=   2.05671
  36 k  1.0000000000000 stre    6   19           val=   2.05950
  37 k  1.0000000000000 stre    6   18           val=   2.06388
  38 k  0.4273022660566 bend   19   20    6      val=   1.38777
        0.4252724191508 bend   18   20    6
        0.4047840801920 bend   18   19    6
       -0.3969895740883 bend    2   20    6
       -0.3986815874008 bend    2   19    6
       -0.3951686491721 bend    2   18    6
  39 k -0.6798768746135 bend   19   20    6      val=   0.60681
        0.2789794796504 bend   18   20    6
        0.4205698874197 bend   18   19    6
       -0.2616988334980 bend    2   20    6
       -0.1704329801932 bend    2   19    6
        0.4307263341192 bend    2   18    6
  40 k  0.0944524331334 bend   19   20    6      val=   0.50389
       -0.6456085574019 bend   18   20    6
        0.5733634711559 bend   18   19    6
       -0.3285202083827 bend    2   20    6
        0.3680040984830 bend    2   19    6
       -0.0465844889701 bend    2   18    6
  41 k -0.4298814355058 bend   19   20    6      val=   0.59642
        0.2078697764124 bend   18   20    6
        0.2324397723012 bend   18   19    6
        0.3496205459080 bend    2   20    6
        0.3370758104420 bend    2   19    6
       -0.6943408612549 bend    2   18    6
  42 k -0.0052321432671 bend   19   20    6      val=  -0.38442
        0.3499619317787 bend   18   20    6
       -0.3521572645892 bend   18   19    6
       -0.6041473555449 bend    2   20    6
        0.6231829758873 bend    2   19    6
       -0.0115534986870 bend    2   18    6
  43 k  1.0000000000000 tors    1    2    3    4 val=  55.30715
        1.0000000000000 tors    6    2    3    4
  44 k  1.0000000000000 stre    2    1           val=   2.88117
  45 k  1.0000000000000 stre    2    6           val=   2.88195
  46 k  0.0174582183150 bend    6    1    2      val=   0.14336
        0.7049037635860 bend    3    1    2
       -0.7090880725944 bend    3    6    2
  47 k  0.8324586347320 bend    6    1    2      val=   2.85547
       -0.4030689380838 bend    3    1    2
       -0.3801947561608 bend    3    6    2
  48 k  0.5538120909419 bend    6    1    2      val= 110.75243
        0.5836489657614 bend    3    1    2
        0.5938400901692 bend    3    6    2
  49 k  1.0000000000000 tors    5    4    3    2 val= 184.36268
  50 k  1.0000000000000 stre    4    5           val=   2.87888
  51 k  1.0000000000000 bend    3    5    4      val= 112.17772
  52 k  1.0000000000000 stre    3    4           val=   2.87902
  53 k  1.0000000000000 stre    3    2           val=   2.88676
  54 k  1.0000000000000 bend    2    4    3      val= 114.86768
        54 non zero eigenvalues  of BmBt
           1           5.757627878    1    0
         1
           2           4.796471821    2    0
         2
           3           4.459300566    3    0
         3
           4           4.009097833    4    0
         4
           5           3.781570944    5    0
         5
           6           3.705156803    6    0
         6
           7           3.473433597    7    0
         7
           8           3.324623882    8    0
         8
           9           3.252039503    9    0
         9
          10           3.162074319   10    0
        10
          11           3.110571455   11    0
        11
          12           3.069970092   12    0
        12
          13           2.701582823   13    0
        13
          14           2.405955116   14    0
        14
          15           2.286922094   15    0
        15
          16           2.152565061   16    0
        16
          17           1.854597854   17    0
        17
          18           1.433839243   18    0
        18
          19           0.885588680   19    0
        19
          20           0.881401377   20    0
        20
          21           0.873177999   21    0
        21
          22           0.793915388   22    0
        22
          23           0.772617291   23    0
        23
          24           0.756878489   24    0
        24
          25           0.708214180   25    0
        25
          26           0.701934024   26    0
        26
          27           0.698755622   27    0
        27
          28           0.695327800   28    0
        28
          29           0.692251021   29    0
        29
          30           0.690585093   30    0
        30
          31           0.596214298   31    0
        31
          32           0.544841195   32    0
        32
          33           0.524823119   33    0
        33
          34           0.465704886   34    0
        34
          35           0.443263196   35    0
        35
          36           0.394121961   36    0
        36
          37           0.392223970   37    0
        37
          38           0.361260245   38    0
        38
          39           0.346915666   39    0
        39
          40           0.317398835   40    0
        40
          41           0.308681462   41    0
        41
          42           0.279506946   42    0
        42
          43           0.271196690   43    0
        43
          44           0.254950096   44    0
        44
          45           0.237848783   45    0
        45
          46           0.214617284   46    0
        46
          47           0.172136488   47    0
        47
          48           0.079782039   48    0
        48
          49           0.070927169   49    0
        49
          50           0.059237671   50    0
        50
          51           0.043423668   51    0
        51
          52           0.036934915   52    0
        52
          53           0.019627993   53    0
        53
          54           0.013412446   54    0
        54
$end
