$coord
   -1.68933650823246     -1.68933650823246     -1.68933650823246      c
    1.68933650823246      1.68933650823246     -1.68933650823246      c
   -1.68933650823246      1.68933650823246      1.68933650823246      c
    1.68933650823246     -1.68933650823246      1.68933650823246      c
   -3.31888983738543      0.00000000000000      0.00000000000000      c
    0.00000000000000      0.00000000000000     -3.31888983738543      c
    0.00000000000000      3.31888983738543      0.00000000000000      c
    0.00000000000000     -3.31888983738543      0.00000000000000      c
    3.31888983738543      0.00000000000000      0.00000000000000      c
    0.00000000000000      0.00000000000000      3.31888983738543      c
   -4.54845039026661     -1.17896378559804      1.17896378559804      h
    1.17896378559804     -1.17896378559804     -4.54845039026661      h
    1.17896378559804      4.54845039026661      1.17896378559804      h
   -1.17896378559804     -4.54845039026661      1.17896378559804      h
    4.54845039026661     -1.17896378559804     -1.17896378559804      h
    1.17896378559804      1.17896378559804      4.54845039026661      h
   -1.17896378559804     -1.17896378559804      4.54845039026661      h
    1.17896378559804     -4.54845039026661     -1.17896378559804      h
    4.54845039026661      1.17896378559804      1.17896378559804      h
   -4.54845039026661      1.17896378559804     -1.17896378559804      h
   -1.17896378559804      1.17896378559804     -4.54845039026661      h
   -1.17896378559804      4.54845039026661     -1.17896378559804      h
   -3.34849982633373     -3.34849982633373     -3.34849982633373      c
    3.34849982633373      3.34849982633373     -3.34849982633373      c
   -3.34849982633373      3.34849982633373      3.34849982633373      c
    3.34849982633373     -3.34849982633373      3.34849982633373      c
    2.19687749360626      4.55871247071813     -4.55871247071813      h
   -4.55871247071813      4.55871247071813      2.19687749360626      h
   -4.55871247071813     -2.19687749360626     -4.55871247071813      h
    4.55871247071813      2.19687749360626     -4.55871247071813      h
   -2.19687749360626      4.55871247071813      4.55871247071813      h
   -4.55871247071813     -4.55871247071813     -2.19687749360626      h
    4.55871247071813      4.55871247071813     -2.19687749360626      h
   -4.55871247071813      2.19687749360626      4.55871247071813      h
   -2.19687749360626     -4.55871247071813     -4.55871247071813      h
    2.19687749360626     -4.55871247071813      4.55871247071813      h
    4.55871247071813     -4.55871247071813      2.19687749360626      h
    4.55871247071813     -2.19687749360626      4.55871247071813      h
$user-defined bonds
$redundant
     number_of_atoms            38
     degrees_of_freedom          7
     internal_coordinates        7
     frozen_coordinates          0
# definitions of redundant internals
   1 k  1.0000000000000 stre    1   23           val=   2.87376
   2 k  0.4176637998924 bend   32   29   23      val=   1.21003
        0.4176637998924 bend   35   29   23
        0.4176637998924 bend   35   32   23
       -0.3986104408978 bend    1   29   23
       -0.3986104408978 bend    1   32   23
       -0.3986104408978 bend    1   35   23
   3 k  1.0000000000000 stre    5   20           val=   2.07165
   4 k  1.0000000000000 stre   23   35           val=   2.06288
   5 k  0.9010954280910 bend   11   20    5      val=   0.89827
       -0.2168104180347 bend    1   20    5
       -0.2168104180347 bend    1   11    5
       -0.2168104180347 bend    3   20    5
       -0.2168104180347 bend    3   11    5
   6 k  1.0000000000000 stre    1    5           val=   2.89191
   7 k  1.0000000000000 bend    6    5    1      val= 108.48700
         7 non zero eigenvalues  of BmBt
           1           3.455864003    1    0
         1
           2           2.101762973    2    0
         2
           3           1.021534897    3    0
         3
           4           0.794140156    4    0
         4
           5           0.638798163    5    0
         5
           6           0.297400691    6    0
         6
           7           0.129514572    7    0
         7
$end
