$coord
        1.44234847999999        0.00000000000000       -0.75555555555557      C
       -1.44234847999999        0.00000000000000       -0.75555555555557      C
        2.18800601000001        1.92171526900001       -0.75545111055556      H
        2.18800601000001       -0.96094808600000        0.90864744344445      H
        2.18800601000001       -0.96076718300001       -2.41986299855555      H
       -2.18800601000001       -1.92171526900001       -0.75545111055556      H
       -2.18800601000001        0.96094808600000        0.90864744344445      H
       -2.18800601000001        0.96076718300001       -2.41986299855555      H
        0.00000000000000       -0.00000000000000        6.04444444444443      Ne
$end
