$coord
        4.84112686339230       -1.15671648374836        0.00000000000000      N
        5.87217277985151       -0.70323701391365        1.54511189584035      H
        5.87217277985151       -0.70323701391365       -1.54511189584035      H
        4.61871932563459       -3.05696083228964        0.00000000000000      H
        0.23751589819013        1.28722286021159        0.00000000000000      P
        0.00161949529589       -0.89075264835377        2.57562301980395      C
       -3.06580664031769        2.16487781673832        0.00000000000000      C
        0.00161949529589       -0.89075264835377       -2.57562301980395      C
       -5.06585309511506        3.00827014874972        0.00000000000000      N
        0.00161949529589       -2.15043086045240        4.34183098346580      N
        0.00161949529589       -2.15043086045240       -4.34183098346580      N
$end
