$coord
    0.42063903613734      2.69852538292747      0.05146124862734      c
   -1.84127468634899      0.94017140792170     -0.24642469332391      c
   -0.78764079348499     -1.65130759642982      0.48015891282235      c
    2.01978271420371     -1.36360353173970     -0.18051857132394      c
    2.57860501741607      1.28993897185052      0.14644367056532      o
    0.44097144553237      4.95619247846395      0.18098012850843      o
   -2.43951936851549      1.01464606693301     -2.22426576646218      h
   -3.41006952086612      1.60292553687241      0.90634501450408      h
   -1.01077364539254     -1.97469342387133      2.50566290685576      h
   -1.66660159123240     -3.22146746891909     -0.52106901467536      h
    2.40930944354375     -1.86990844277875     -2.14584256942131      h
    3.28657194900729     -2.42141938123040      1.04706873332340      h
$redundant
     number_of_atoms            12
     degrees_of_freedom         30
     internal_coordinates       30
     frozen_coordinates          0
# definitions of redundant internals
   1 k  1.0000000000000 stre    1    6           val=   2.26147
   2 k  0.7071069992321 bend    5    6    1      val=  -3.05115
       -0.7071065631409 bend    2    6    1
   3 k  1.0000000000000 outp    6    2    5    1 val=  -0.26736
   4 k  1.0000000000000 stre    2    8           val=   2.05651
   5 k  1.0000000000000 stre    2    7           val=   2.06768
   6 k  0.1419076141900 bend    7    8    2      val=   2.15509
        0.4890149308593 bend    1    8    2
        0.4731215455406 bend    1    7    2
       -0.5357498261447 bend    3    8    2
       -0.4794316983291 bend    3    7    2
   7 k  0.0530042963511 bend    7    8    2      val=   0.72496
       -0.4796144547281 bend    1    8    2
        0.4413319912144 bend    1    7    2
       -0.5231117911432 bend    3    8    2
        0.5465717216266 bend    3    7    2
   8 k -0.8677305456359 bend    7    8    2      val=   6.33633
        0.2849235833359 bend    1    8    2
        0.3258692680359 bend    1    7    2
        0.1370491705358 bend    3    8    2
        0.2022102787563 bend    3    7    2
   9 k -0.0010453939044 bend    7    8    2      val=   0.45502
       -0.5160057155020 bend    1    8    2
        0.5561371952861 bend    1    7    2
        0.4453673174749 bend    3    8    2
       -0.4754959319125 bend    3    7    2
  10 k  1.0000000000000 stre    3   10           val=   2.05923
  11 k  1.0000000000000 stre    3    9           val=   2.06326
  12 k  0.0337604213296 bend    9   10    3      val=   0.45173
       -0.5294432363605 bend    2   10    3
       -0.4767360182507 bend    2    9    3
        0.5037199411817 bend    4   10    3
        0.4873798140896 bend    4    9    3
  13 k  0.0524486556438 bend    9   10    3      val=   0.71988
       -0.5001328630469 bend    2   10    3
        0.5145772361408 bend    2    9    3
       -0.5042449662193 bend    4   10    3
        0.4775599856666 bend    4    9    3
  14 k -0.8747588140060 bend    9   10    3      val=   6.86687
        0.1962840904064 bend    2   10    3
        0.2525607401963 bend    2    9    3
        0.2351711301676 bend    4   10    3
        0.2778078206590 bend    4    9    3
  15 k -0.0028568801729 bend    9   10    3      val=   0.72087
        0.4762108097397 bend    2   10    3
       -0.5056750065133 bend    2    9    3
       -0.4886697790586 bend    4   10    3
        0.5279296712114 bend    4    9    3
  16 k  1.0000000000000 stre    4   12           val=   2.05687
  17 k  1.0000000000000 stre    4   11           val=   2.06654
  18 k  0.1290073617314 bend   11   12    4      val=   2.57462
        0.4781995395088 bend    5   12    4
        0.4971298570566 bend    5   11    4
       -0.5244549607110 bend    3   12    4
       -0.4821734132458 bend    3   11    4
  19 k  0.0194540054669 bend   11   12    4      val=   0.08327
       -0.4995906891387 bend    5   12    4
        0.4596159044940 bend    5   11    4
       -0.5049030657144 bend    3   12    4
        0.5327821314249 bend    3   11    4
  20 k -0.8743407645024 bend   11   12    4      val=   4.29505
        0.2895528260987 bend    5   12    4
        0.3001969136035 bend    5   11    4
        0.1563718307340 bend    3   12    4
        0.1926578626568 bend    3   11    4
  21 k -0.0070526315905 bend   11   12    4      val=   1.28531
       -0.5090674037721 bend    5   12    4
        0.5298549417196 bend    5   11    4
        0.4784004111009 bend    3   12    4
       -0.4808195359988 bend    3   11    4
  22 k  1.0000000000000 stre    1    5           val=   2.57875
  23 k  1.0000000000000 stre    5    4           val=   2.73139
  24 k  1.0000000000000 stre    4    3           val=   2.89843
  25 k  1.0000000000000 stre    3    2           val=   2.89030
  26 k  1.0000000000000 stre    2    1           val=   2.88042
  27 k -0.8090169943749 bend    1    4    5      val=  -0.07032
        0.3090169943749 bend    5    3    4
        0.3090169943750 bend    4    2    3
       -0.8090169943750 bend    3    1    2
        1.0000000000000 bend    2    5    1
  28 k  0.5877852522925 bend    1    4    5      val=   0.27186
       -0.9510565162952 bend    5    3    4
        0.9510565162952 bend    4    2    3
       -0.5877852522925 bend    3    1    2
  29 k -0.8090169943749 tors    4    3    2    1 val=  22.84144
        0.3090169943749 tors    3    2    1    5
        0.3090169943750 tors    2    1    5    4
       -0.8090169943750 tors    1    5    4    3
        1.0000000000000 tors    5    4    3    2
  30 k  0.5877852522925 tors    4    3    2    1 val=  -5.49102
       -0.9510565162952 tors    3    2    1    5
        0.9510565162952 tors    2    1    5    4
       -0.5877852522925 tors    1    5    4    3
        30 non zero eigenvalues  of BmBt
           1           5.441639116    1    0
         1
           2           4.998230311    2    0
         2
           3           3.906945328    3    0
         3
           4           3.764826546    4    0
         4
           5           3.628256346    5    0
         5
           6           3.235506826    6    0
         6
           7           2.769606623    7    0
         7
           8           2.593960864    8    0
         8
           9           2.222925199    9    0
         9
          10           2.116872213   10    0
        10
          11           1.951341042   11    0
        11
          12           1.786275121   12    0
        12
          13           1.084905200   13    0
        13
          14           0.875207671   14    0
        14
          15           0.815682429   15    0
        15
          16           0.778536675   16    0
        16
          17           0.774643626   17    0
        17
          18           0.684935457   18    0
        18
          19           0.562099980   19    0
        19
          20           0.438485903   20    0
        20
          21           0.377903710   21    0
        21
          22           0.327588062   22    0
        22
          23           0.312534166   23    0
        23
          24           0.279871962   24    0
        24
          25           0.262016440   25    0
        25
          26           0.248575346   26    0
        26
          27           0.234949166   27    0
        27
          28           0.187637154   28    0
        28
          29           0.137615671   29    0
        29
          30           0.069443653   30    0
        30
$user-defined bonds
$end
