$coord
       -4.00407192328587        1.38689901066785       -0.22743790619942      C 
       -1.57048687564882        1.94215856825619       -0.56442728843072      C 
        0.65435174148493        0.37163742980167       -0.11438487617425      C 
        2.86744391783088        1.57141689433380        0.07709252746770      C 
       -5.42847904939087        2.79937856753105       -0.66303044678023      H 
       -1.22259601143676        3.85518543546632       -1.21434318809082      H 
        2.99289722321261        3.60890128767484       -0.15899115666322      H 
        5.07008258396372        0.36547336747510        0.61274553859529      O 
        6.45789505141666        1.52277691120399        0.60162591914798      H 
        0.42922398005427       -2.47714199908141        0.11901508465726      C 
       -1.25949211304907       -3.09553112452647       -0.88055451085445      H 
        0.12651805736541       -2.96531784309055        2.11834036503119      H 
        2.42213098160221       -3.85005966498109       -0.94958844518225      O 
        3.99328062245424       -3.34844899794437       -0.20575333950750      H 
       -4.86361020140896       -0.85261190778568        0.65879947151417      O 
       -6.66508798516457       -0.83471593500124        0.79089225146929      H 
$end
