$coord
    0.00000000000000      4.77386907134637     -1.63791231804342      h
    0.00000000000000      2.71961335587752     -1.60483265279867      c
    0.00000000000000     -2.71961335587752     -1.60483265279867      c
    0.00000000000000      1.31866449388415      0.61164286864589      c
    0.00000000000000      1.32485523843381     -3.86319774519327      c
    0.00000000000000     -1.32485523843381     -3.86319774519327      c
    0.00000000000000     -1.31866449388415      0.61164286864589      c
    0.00000000000000      1.49384971449821      3.48491367898676      c
    0.00000000000000      2.32018183101134     -5.66047709059800      h
    0.00000000000000     -2.32018183101134     -5.66047709059800      h
    1.67974212638772     -2.35719968662285      4.33493162950034      h
    0.00000000000000     -4.77386907134637     -1.63791231804342      h
   -1.67974212638772      2.35719968662285      4.33493162950034      h
    1.67974212638772      2.35719968662285      4.33493162950034      h
   -1.67974212638772     -2.35719968662285      4.33493162950034      h
    0.00000000000000     -1.49384971449821      3.48491367898676      c
$user-defined bonds
$redundant
     number_of_atoms            16
     degrees_of_freedom         14
     internal_coordinates       14
     frozen_coordinates          0
# definitions of redundant internals
   1 k  1.0000000000000 stre    5    9           val=   2.05448
   2 k  1.0000000000000 stre    4    2           val=   2.62210
   3 k  1.0000000000000 stre    2    5           val=   2.65435
   4 k  1.0000000000000 stre    5    6           val=   2.64971
   5 k  1.0000000000000 stre    8   16           val=   2.98770
   6 k  1.0000000000000 stre    4    7           val=   2.63733
   7 k  1.0000000000000 stre    2    1           val=   2.05452
   8 k  1.0000000000000 stre   16    7           val=   2.87861
   9 k  1.0000000000000 stre    8   13           val=   2.07110
  10 k -0.7071067811865 bend    4    1    2      val=  -1.22059
        0.7071067811865 bend    5    1    2
  11 k -0.8125140845923 bend   14   13    8      val=  18.57680
        0.1520317917711 bend    4   13    8
        0.1520317917711 bend    4   14    8
        0.3831406601503 bend   16   13    8
        0.3831406601503 bend   16   14    8
  12 k -0.7071067811865 bend    6    9    5      val=   0.17282
        0.7071067811865 bend    2    9    5
  13 k -0.5000000000000 bend    7    2    4      val=   1.49802
       -0.5000000000000 bend    4    5    2
        1.0000000000000 bend    2    6    5
       -0.5000000000000 bend    5    3    6
       -0.5000000000000 bend    6    7    3
        1.0000000000000 bend    3    4    7
  14 k -0.2021444244679 bend   14   13    8      val=   2.46279
        0.5429910877846 bend    4   13    8
        0.5429910877846 bend    4   14    8
       -0.4298016919635 bend   16   13    8
       -0.4298016919635 bend   16   14    8
        14 non zero eigenvalues  of BmBt
           1           4.133476916    1    0
         1
           2           3.897759445    2    0
         2
           3           3.480761611    3    0
         3
           4           2.945488480    4    0
         4
           5           2.461024069    5    0
         5
           6           2.131704203    6    0
         6
           7           1.753144805    7    0
         7
           8           1.014402328    8    0
         8
           9           0.814124353    9    0
         9
          10           0.382388524   10    0
        10
          11           0.346459113   11    0
        11
          12           0.267869141   12    0
        12
          13           0.256099392   13    0
        13
          14           0.138450905   14    0
        14
$end
