$coord
     0.439368852    -2.471226803     0.000000000     C 
    -0.089839463     0.756202201     0.000000000     P 
     3.088365958    -3.500541653     0.000000000     B 
    -1.897787562    -4.096251315     0.000000000     B 
     3.405252220    -5.736455996     0.000000000     H 
     4.923728311    -2.161101981     0.000000000     H 
    -3.991458450    -3.189328349     0.000000000     H 
    -1.722547601    -6.345811370     0.000000000     H 
    -1.897787562     1.822504658     2.708086948     C 
    -2.290678602     3.840376747     2.590974960     H 
    -3.662247396     0.764828800     2.759326869     H 
    -0.826552920     1.410022827     4.415726501     H 
    -1.897787562     1.822504658    -2.708086948     C 
    -2.290678602     3.840376747    -2.590974960     H 
    -0.826552920     1.410022827    -4.415726501     H 
    -3.662247396     0.764828800    -2.759326869     H 
     2.749965166     2.654435738     0.000000000     C 
     2.243193568     4.649529070     0.000000000     H 
     3.866473863     2.212168046     1.668998436     H 
     3.866473863     2.212168046    -1.668998436     H 
$end
