$coord
       -0.42313424759282        0.00398543241427        0.24075866823415      C
       -0.43379419270842        0.00239050355810        2.87346464533418      C
        1.82560016629231       -0.00396842487905        4.22491551735030      C
        4.11283208095657       -0.00876077035206        2.92130495211432      C
        4.14623865953373       -0.00721497437536        0.28841567157941      C
        1.87494658480034       -0.00084848703368       -1.04364661031328      C
       -3.53234600745676        0.00882313131444        4.62262161009899      Br
        1.78869003546478       -0.00516651124731        6.26680806763428      H
        5.86714610833804       -0.01369673501115        3.96994421887070      H
        5.92516636979601       -0.01093962458328       -0.71565062488059      H
        1.88383018735104        0.00038739385725       -3.08746668125283      H
       -2.19024739007231        0.00891005871655       -0.78291920603292      H
$end
