$coord
       -2.60929456519935       -0.33353120870871        0.00000000000000      C
       -0.44056093834271        0.93062884624013        0.00000000000000      C
        2.13803961091157       -0.23922038156996        0.00000000000000      C
       -2.65962879359707       -2.38409895857581        0.00000000000000      H
       -4.41508196283805        0.63130971076354        0.00000000000000      H
       -0.49418238398845        2.98614992777676        0.00000000000000      H
        2.03606115640821       -2.29975543235210        0.00000000000000      H
        3.22232393832291        0.35425874821307        1.65892461157108      H
        3.22232393832291        0.35425874821307       -1.65892461157108      H
$end
