$coord
   -1.34954202411075     -1.24657203356424      2.28222632408142      c
   -2.66622770068546     -1.19919635454813      0.00000000000000      c
   -1.34954202411075     -1.24657203356424     -2.28222632408142      c
    1.28424405815701     -1.34122373263041     -2.28253507614136      c
    2.60140788319211     -1.38854576746622      0.00000000000000      c
    1.28424405815701     -1.34122373263041      2.28253507614136      c
    0.13383745911221      5.10503910382589      0.00000000000000      c
   -4.70786130664249     -1.12049509684244      0.00000000000000      h
   -2.37032354113956     -1.20538546244303     -4.05166959762573      h
    2.30530702831845     -1.37441636721293     -4.05205821990967      h
    4.64346658947567     -1.45927740732828      0.00000000000000      h
    2.30530702831845     -1.37441636721293      4.05205821990967      h
   -2.37032354113956     -1.20538546244303      4.05166959762573      h
    0.27071639659504      3.09168814023336      0.00000000000000      h
   -0.01471036349733      7.30598257382711      0.00000000000000      n
$user-defined bonds
$redundant
     number_of_atoms            15
     degrees_of_freedom         23
     internal_coordinates       32
     frozen_coordinates          0
# definitions of redundant internals
   1 k  1.0000000000000 stre   14    7           val=   2.01800
   2 k  1.0000000000000 stre    2    8           val=   2.04315
   3 k  1.0000000000000 stre    5   11           val=   2.04328
   4 k  1.0000000000000 stre    4   10           val=   2.04325
   5 k  1.0000000000000 stre   15    7           val=   2.20595
   6 k  1.0000000000000 stre    1   13           val=   2.04319
   7 k -0.7069328390412 bend    2   13    1      val=   1.86102
        0.7069373859723 bend    6   13    1
        0.0220339147622 bend   14   13    1
   8 k -0.7069337178487 bend    3   10    4      val=   1.83802
        0.7069371664963 bend    5   10    4
        0.0220127507318 bend   14   10    4
   9 k  0.4538295516412 bend    1    7   14      val=  82.43709
        0.7069506842321 bend    2    7   14
        0.4538295516412 bend    3    7   14
       -0.2101168795909 bend    4    7   14
       -0.2101168795909 bend    6    7   14
  10 k  0.0014799743605 bend    1    8    2      val= 122.53749
        0.0014799743605 bend    3    8    2
        0.9999978096735 bend   14    8    2
  11 k  0.0007438492353 bend    4   11    5      val= 119.29360
        0.0007438492353 bend    6   11    5
        0.9999994466882 bend   14   11    5
  12 k  0.0168649051488 bend    2   13    1      val= 171.98272
       -0.0142957127776 bend    6   13    1
        0.9997555739132 bend   14   13    1
  13 k  0.0165578397119 bend    3   10    4      val= 116.74599
       -0.0145728650927 bend    5   10    4
        0.9997567051773 bend   14   10    4
  14 k  1.0000000000000 linc   15   14    7    2 val=   0.00000
  15 k  1.0000000000000 tors    3   14    1    2 val=  60.51643
        1.0000000000000 tors    3   14    1    6
        1.0000000000000 tors    4   14    1    2
        1.0000000000000 tors    4   14    1    6
        1.0000000000000 tors    5   14    1    2
        1.0000000000000 tors    5   14    1    6
  16 k  1.0000000000000 tors    1   14    4    3 val=  59.50279
        1.0000000000000 tors    1   14    4    5
        1.0000000000000 tors    2   14    4    3
        1.0000000000000 tors    2   14    4    5
        1.0000000000000 tors    6   14    4    3
        1.0000000000000 tors    6   14    4    5
  17 k  1.0000000000000 stre    1    2           val=   2.63523
  18 k  1.0000000000000 stre    1    6           val=   2.63549
  19 k  1.0000000000000 stre    1   14           val=   5.16278
  20 k  1.0000000000000 stre    2   14           val=   5.19974
  21 k  1.0000000000000 stre    6   14           val=   5.08802
  22 k  1.0000000000000 bend    6    2    1      val= 120.00471
  23 k  1.0000000000000 bend    3    1    2      val= 120.00400
  24 k  1.0000000000000 stre    4    5           val=   2.63574
  25 k  1.0000000000000 stre    5   14           val=   5.05021
  26 k  1.0000000000000 bend    5    3    4      val= 119.99689
  27 k  1.0000000000000 bend    6    4    5      val= 119.99279
  28 k  0.3809516565633 bend    3    1   14      val=  56.26893
        0.4492847081357 bend    4    1   14
        0.3698064037440 bend    4    2   14
        0.3758681892312 bend    5    1   14
        0.4679155382724 bend    5    2   14
        0.3950195735839 bend    6    4   14
  29 k  0.3235311861319 bend    3    1   14      val=   0.26775
        0.3369894339925 bend    4    1   14
       -0.1616608310823 bend    4    2   14
       -0.2453701401079 bend    5    1   14
       -0.6752365235974 bend    5    2   14
        0.4893675512483 bend    6    4   14
  30 k  0.7262052705689 bend    3    1   14      val=   0.38907
        0.0492404419057 bend    4    1   14
       -0.2289962119574 bend    4    2   14
        0.1810460165454 bend    5    1   14
       -0.0839772785202 bend    5    2   14
       -0.6147618851014 bend    6    4   14
  31 k  0.1968629106300 bend    3    1   14      val=   0.29133
        0.0037913615452 bend    4    1   14
        0.6860619436337 bend    4    2   14
       -0.6646879594177 bend    5    1   14
        0.0138144903952 bend    5    2   14
       -0.2203377088784 bend    6    4   14
  32 k -0.3757635219346 bend    3    1   14      val=   1.12462
        0.4676412643802 bend    4    1   14
        0.3796818721893 bend    4    2   14
        0.3964712334087 bend    5    1   14
       -0.4495535386804 bend    5    2   14
       -0.3696853747477 bend    6    4   14
        23 non zero eigenvalues  of BmBt
           1           3.030178867    1    0
         1
           2           2.614450569    2    0
         2
           3           2.297012578    3    0
         3
           4           2.205458688    4    0
         4
           5           2.020477479    5    0
         5
           6           2.015219016    6    0
         6
           7           1.511639363    7    0
         7
           8           1.137456318    8    0
         8
           9           1.071954391    9    0
         9
          10           0.654077584   10    0
        10
          11           0.596785153   11    0
        11
          12           0.592503060   12    0
        12
          13           0.573020040   13    0
        13
          14           0.199060069   14    0
        14
          15           1.829851850    0    0
         0.000000000         0.000000000         0.000000000         0.000000000
         0.000000000         0.000000000         0.000000000         0.000000000
         0.000000000         0.000000000         0.000000000         0.000000000
         0.000000000         0.000000000         0.016173634        -0.009145299
         0.128665756         0.133206318         0.579696487         0.427030222
         0.534687483         0.002193708         0.000801389         0.133271340
         0.357345042        -0.005836919         0.004350928        -0.124470184
         0.002186710        -0.004848487        -0.004527473        -0.002376439
          16           1.150194710    0    0
         0.000000000         0.000000000         0.000000000         0.000000000
         0.000000000         0.000000000         0.000000000         0.000000000
         0.000000000         0.000000000         0.000000000         0.000000000
         0.000000000         0.000000000        -0.015916500         0.012012874
        -0.034051294         0.064574165         0.298498933        -0.280763388
        -0.268336921        -0.484802320         0.356236675        -0.018360226
         0.262697639         0.457093368        -0.317060048        -0.001013844
        -0.018793644         0.097152014        -0.061350628         0.005964653
          17           1.066673194    0    0
         0.000000000         0.000000000         0.000000000         0.000000000
         0.000000000         0.000000000         0.000000000         0.000000000
         0.000000000         0.000000000         0.000000000         0.000000000
         0.000000000         0.000000000        -0.110031112        -0.107763687
         0.336597703        -0.656788626        -0.103235125         0.123663206
        -0.108272448         0.152055139        -0.241712371         0.346120349
         0.196193566         0.233740594        -0.303881168         0.031380085
        -0.020516452         0.009965947        -0.007664548        -0.074557695
          18           0.846200105    0    0
         0.000000000         0.000000000         0.000000000         0.000000000
         0.000000000         0.000000000         0.000000000         0.000000000
         0.000000000         0.000000000         0.000000000         0.000000000
         0.000000000         0.000000000         0.300238841         0.195686098
         0.231736429        -0.355710305         0.417956859         0.210080908
        -0.214988018        -0.180107114         0.137246284        -0.073052252
        -0.556513466        -0.048115345         0.185504270        -0.038385874
         0.140272861         0.006545862        -0.023923717        -0.038460056
          19           0.774910335    0    0
         0.000000000         0.000000000         0.000000000         0.000000000
         0.000000000         0.000000000         0.000000000         0.000000000
         0.000000000         0.000000000         0.000000000         0.000000000
         0.000000000         0.000000000         0.279687165         0.231653439
         0.015198244        -0.224620302        -0.089031410        -0.530975844
         0.416965641        -0.081158213         0.253596778         0.432058160
         0.085543336        -0.199794684         0.143725093         0.075484097
         0.144532424         0.011476788        -0.010530291        -0.037542415
          20           0.648456609    0    0
         0.000000000         0.000000000         0.000000000         0.000000000
         0.000000000         0.000000000         0.000000000         0.000000000
         0.000000000         0.000000000         0.000000000         0.000000000
         0.000000000         0.000000000        -0.377974997         0.444920707
         0.596081812         0.053552246        -0.087381956        -0.165702275
         0.140153588        -0.120605069        -0.119860113        -0.358001793
         0.088356623         0.073812392         0.186034055         0.079140917
         0.008017441         0.118229160         0.144884655        -0.004981110
          21           0.483049173    0    0
         0.000000000         0.000000000         0.000000000         0.000000000
         0.000000000         0.000000000         0.000000000         0.000000000
         0.000000000         0.000000000         0.000000000         0.000000000
         0.000000000         0.000000000         0.080598874        -0.084351269
         0.430673521         0.527081918        -0.012289205         0.076313385
        -0.215158298         0.014282075         0.004807989         0.511889767
        -0.148317289        -0.003136025        -0.020570018         0.429809279
        -0.000764943        -0.024606259        -0.024384547         0.014139410
          22           0.394172318    0    0
         0.000000000         0.000000000         0.000000000         0.000000000
         0.000000000         0.000000000         0.000000000         0.000000000
         0.000000000         0.000000000         0.000000000         0.000000000
         0.000000000         0.000000000         0.416386886         0.422155989
        -0.030969959         0.033218724        -0.317452674         0.394890967
        -0.301849340        -0.051543813         0.076612998        -0.034409246
         0.488475777        -0.064232461         0.087158278        -0.020649993
         0.191025630         0.021667834        -0.000281171         0.032977283
          23           0.240922214    0    0
         0.000000000         0.000000000         0.000000000         0.000000000
         0.000000000         0.000000000         0.000000000         0.000000000
         0.000000000         0.000000000         0.000000000         0.000000000
         0.000000000         0.000000000         0.026158586         0.006669002
        -0.004901429         0.022777711        -0.469394737         0.361378557
         0.446816324        -0.292994052         0.208890550         0.002792555
        -0.336989046         0.293308620        -0.209291545         0.002507504
        -0.030518173         0.220011181        -0.160791545         0.008838578
$end
