$coord
       -0.53089584000000       -0.95675126100001       -0.79971125200000      C
        1.96091952700001        0.72996524499999       -0.97215441800000      C
        1.18736019300000       -2.89653987299999        0.45056547800000      C
        3.26390449500001       -1.47826083300000        0.30608647800000      C
        2.53155630500000        0.98051456600000       -2.94225990300000      H
       -2.67801195900001        0.03509221200000        0.72593446000000      C
       -2.24753426800000        0.55879764500000        2.66116505200000      H
       -5.02857597800000        0.28773345900000       -0.11328151400000      C
       -6.52273885499999        1.01302352200001        1.07791104300000      H
       -5.53926686799999       -0.22839795200000       -2.02774401800000      H
        0.79950338200000       -4.77131057200000        1.16750862200000      H
        5.20977046500000       -1.77347382700001        0.86133899600001      H
        1.98676342000000        3.27212291299999        0.36291053800000      C
        3.86339549900000        4.12112766800001        0.25398862200001      H
        0.64714044500000        4.57754562799999       -0.50449825800001      H
        1.49990008500000        3.08650457800000        2.35565872000001      H
       -1.21050555700000       -1.52449864800000       -2.66516371199999      H
$end
