$coord
    1.73383002688019     -2.12975725871274     -3.54030576600146      na
    3.64600733032912      0.86730743742201      0.27061481008061      h
    4.00757971551880     -4.44125679187697      0.17832874103588      s
    2.31303626714085      3.53013246128506      1.86658615912412      h
   -4.12388406785751      4.55610681245276     -1.15885570087832      f
   -2.72541367605559     -0.44755423216299     -4.21441780802681      h
   -2.23360194311705     -0.02788929942445     -2.03904711322407      b
   -3.50809450377456     -0.14026641570661      2.15815735527538      al
    1.96124279767320     -3.71582129496608      2.62784529852261      b
    0.83935216862620     -0.39147875500058      3.50579781002461      s
    0.46948988288340      3.33201413601455     -2.59267821981247      h
    1.10714847166937     -5.12900666201440      4.17012664229038      h
   -2.39651426612083     -2.02434674915564     -0.71557318655016      h
    1.88451329997468      1.72450404588578      0.95409560564141      c
   -2.83939961162302      2.41452060251232     -0.36414868350476      c
   -0.13529189214728      2.02279196344798     -1.10652594399693      c
$user-defined bonds
$end
