$coord
       -9.28344351981355       -3.74476671023729        1.01099432762712      H
       -7.93373413281356       -2.77884234123729        0.23067223162711      O
       -7.81073186781357       -3.48326321523728       -2.38554682237289      C
       -9.62781527881356       -3.14769757923729       -3.32593305637287      H
       -7.31277376281356       -5.48765305423729       -2.59863043537288      H
       -5.77516608481357       -1.94050074323728       -3.66122694937287      C
       -5.65056227781357       -2.54290872823729       -5.64202809537289      H
       -6.40787733781355        0.73070309976271       -3.60530995737289      O
       -4.21967687481355        2.21343048876271       -3.23002700537288      C
       -4.05941979681356        3.64934974376272       -4.70379388137288      H
       -4.48923835081355        3.60973919676270       -0.77988500937287      N
       -6.41237942081355        3.10957237976272        0.88771805262713      C
       -7.60907278181356        1.53395626576271        0.36096316862713      H
       -6.76315073781356        4.47204762276272        3.03091639162712      C
       -8.29944902381356        4.03264759076271        4.30580207862713      H
       -5.09292057781357        6.53175011976272        3.63749141162711      C
       -5.21936970281356        7.94683363276272        5.48944650362713      O
       -3.12352562981356        6.83940072276271        1.87799550962712      N
       -1.87623636681356        8.26219167276270        2.21202139762713      H
       -2.70857581781355        5.48236524576270       -0.30874173837289      C
       -0.97095897381356        5.95091241176272       -1.78359369437288      O
       -3.14198182781356       -2.10499099723730       -2.47478894337289      C
       -3.24561969181356       -2.26577682123730       -0.41727890637288      H
       -1.94658028381355        0.40700229776271       -3.29790086137287      C
       -0.38668177581357        1.03625157276270       -2.09950145537287      H
       -1.14946211281355        0.24615562376272       -5.87913447237289      O
       -0.91166485281355       -1.55152710423728       -6.23085669837287      H
       -1.86358673081356       -4.24777189623730       -3.51768827737288      O
        0.06021290918645       -5.97443494223729       -1.74934505637287      P
        0.66522021218643       -8.20698443923729       -3.37838769237287      O
       -0.99821297981356       -6.19443174023729        0.86396363062712      O
        2.54724632518644       -4.16670813123729       -1.42419010937287      O
        3.98136126918644       -3.35970008023729       -3.59306793537287      C
        2.77395448518644       -2.28498361823728       -4.88128809537287      H
        4.75232412018645       -5.00159908923729       -4.59299527737289      H
        6.11165655918644       -1.68053699723729       -2.66911664737288      C
        7.17452519518644       -0.99511410523729       -4.30613241537289      H
        5.03392277218644        0.50806767776270       -1.37151248537288      O
        5.96312730918644        0.64501423076271        1.15185412562712      C
        7.42431956918643        2.09000001276270        1.34632922862713      H
        3.89544563318643        1.42315804076270        2.82690573162711      N
        1.74437828618644       -0.03450685823730        2.95591656862713      C
        1.73707619618645       -1.65378792523730        1.69600336962712      H
       -0.21490549481356        0.51300496476271        4.50654729262712      C
       -1.87174411081356       -0.68254832423728        4.57347666362711      H
       -0.08624935881356        2.69663323576271        6.13389919162712      C
       -1.70342905081357        3.39465833276272        7.66047011362712      O
        2.14209889918643        4.11087884476270        5.83261790962712      N
        2.31774420618645        5.68182374576272        6.92576997062712      H
        4.16567588318644        3.62188181976271        4.26040708162712      C
        6.04571135818644        4.98353484276271        4.18737370662713      O
        7.92925888918643       -2.94069189223728       -0.79102040837287      C
        7.89565313618644       -4.99862522723728       -0.93104608137288      H
        7.00225682818644       -2.00484156723729        1.78943161162712      C
        5.46355178718645       -3.21487148023730        2.44695969162713      H
        8.90679411318643       -1.98866135523730        3.66765087162712      O
       10.48404767518644       -1.69649100923730        2.74154472962712      H
       10.47157340518644       -2.01507046523730       -1.09952913737287      O
       11.47705956618643       -3.33267699823730       -1.88164496137288      H
$eht charge=-1 unpaired=0
$end
