$coord
   -8.48622520921597     -0.53799840770396      0.00000000000000      c
   -6.31357117920714      0.79770847520509      0.00000000000000      c
   -3.91705630399067     -0.41762685089719      0.00000000000000      c
   -1.62766201657433      0.83135037582909      0.00000000000000      c
    0.65048865954038     -0.48649751641771      0.00000000000000      c
    3.05254411931318      0.64912242204920      0.00000000000000      c
    5.20552131512787     -0.77084925139612      0.00000000000000      c
    7.80096643771322      0.23419821953233      0.00000000000000      c
   -8.48721436799258     -2.58752762558385      0.00000000000000      h
  -10.31031513415287      0.38894667897343      0.00000000000000      h
   -6.36640112230861      2.84733218184872      0.00000000000000      h
   -3.90636871254838     -2.47331803102653      0.00000000000000      h
   -1.59739369499974      2.88208219706827      0.00000000000000      h
    0.57098874259329     -2.54084672204268      0.00000000000000      h
    3.18262393667969      2.69629745763023      0.00000000000000      h
    5.01063483300905     -2.81852908217123      0.00000000000000      h
    7.87233797396830      2.29019623856089      0.00000000000000      h
    8.83305086152266     -0.49202037972896      1.64495481756082      h
    8.83305086152266     -0.49202037972896     -1.64495481756082      h
$redundant
     number_of_atoms            19
     degrees_of_freedom         34
     internal_coordinates       34
     frozen_coordinates          0
# definitions of redundant internals
   1 k  1.0000000000000 stre    1   10           val=   2.04610
   2 k  1.0000000000000 stre    1    9           val=   2.04953
   3 k  1.0000000000000 stre    2   11           val=   2.05030
   4 k  1.0000000000000 stre    4   13           val=   2.05096
   5 k  1.0000000000000 stre    5   14           val=   2.05589
   6 k  1.0000000000000 stre    8   17           val=   2.05724
   7 k  1.0000000000000 stre    2    1           val=   2.55040
   8 k  1.0000000000000 stre    7    8           val=   2.78325
   9 k  1.0000000000000 stre    6    7           val=   2.57908
  10 k  1.0000000000000 stre    5    6           val=   2.65697
  11 k  1.0000000000000 stre    7   16           val=   2.05693
  12 k  1.0000000000000 stre    3    2           val=   2.68707
  13 k  1.0000000000000 stre    3   12           val=   2.05572
  14 k  1.0000000000000 stre    4    3           val=   2.60792
  15 k  1.0000000000000 stre    6   15           val=   2.05130
  16 k  1.0000000000000 stre    4    5           val=   2.63186
  17 k  0.4665257330264 bend   18   17    8      val=   1.24068
        0.4665257330264 bend   19   17    8
        0.3069743276728 bend   19   18    8
       -0.3595781541587 bend    7   17    8
       -0.4130240877056 bend    7   18    8
       -0.4130240877056 bend    7   19    8
  18 k -0.8164934262437 bend    9   10    1      val=   2.31690
        0.4102123365942 bend    2   10    1
        0.4062810896495 bend    2    9    1
  19 k  1.0000000000000 stre    8   18           val=   2.07327
  20 k  0.7071067811865 bend    7   15    6      val=   0.41575
       -0.7071067811865 bend    5   15    6
  21 k  0.7071067811865 bend    1   11    2      val=   0.86933
       -0.7071067811865 bend    3   11    2
  22 k -0.7071067811865 bend    3   13    4      val=  -0.12883
        0.7071067811865 bend    5   13    4
  23 k  0.7071067811865 bend    4   12    3      val=   0.56406
       -0.7071067811865 bend    2   12    3
  24 k  0.7071067811865 bend    4   14    5      val=   0.15627
       -0.7071067811865 bend    6   14    5
  25 k -0.7071067811865 bend    6   16    7      val=  -0.68241
        0.7071067811865 bend    8   16    7
  26 k -0.2551913994763 bend   18   17    8      val=   2.28456
       -0.2551913994763 bend   19   17    8
        0.7144245026654 bend   19   18    8
       -0.5243170847439 bend    7   17    8
        0.2054798334431 bend    7   18    8
        0.2054798334431 bend    7   19    8
  27 k -0.0022697064818 bend    9   10    1      val=   0.07269
       -0.7059691959091 bend    2   10    1
        0.7082389023909 bend    2    9    1
  28 k  1.0000000000000 bend    3    1    2      val= 121.52682
  29 k  1.0000000000000 bend    5    7    6      val= 121.29022
  30 k  1.0000000000000 bend    4    6    5      val= 124.64841
  31 k  1.0000000000000 bend    5    3    4      val= 121.33715
  32 k  1.0000000000000 bend    4    2    3      val= 124.49460
  33 k  1.0000000000000 bend    6    8    7      val= 125.42545
  34 k  0.2279831435446 bend   18   17    8      val=   0.65149
        0.2279831435446 bend   19   17    8
       -0.5024789486855 bend   19   18    8
       -0.6345952372906 bend    7   17    8
        0.3470238921566 bend    7   18    8
        0.3470238921566 bend    7   19    8
        34 non zero eigenvalues  of BmBt
           1           4.594836398    1    0
         1
           2           4.302504675    2    0
         2
           3           4.036209753    3    0
         3
           4           3.899052991    4    0
         4
           5           3.816609162    5    0
         5
           6           3.557362910    6    0
         6
           7           3.271659507    7    0
         7
           8           3.142008327    8    0
         8
           9           2.748617463    9    0
         9
          10           2.597514824   10    0
        10
          11           2.371552710   11    0
        11
          12           2.153594036   12    0
        12
          13           2.042456579   13    0
        13
          14           1.989127722   14    0
        14
          15           1.444373590   15    0
        15
          16           1.076838768   16    0
        16
          17           0.898544715   17    0
        17
          18           0.876491864   18    0
        18
          19           0.684100794   19    0
        19
          20           0.664119266   20    0
        20
          21           0.635330967   21    0
        21
          22           0.586541127   22    0
        22
          23           0.516693046   23    0
        23
          24           0.449317169   24    0
        24
          25           0.383483465   25    0
        25
          26           0.354143418   26    0
        26
          27           0.330825800   27    0
        27
          28           0.300131375   28    0
        28
          29           0.142866309   29    0
        29
          30           0.133663157   30    0
        30
          31           0.079938955   31    0
        31
          32           0.044929586   32    0
        32
          33           0.028693453   33    0
        33
          34           0.004982204   34    0
        34
$user-defined bonds
$end
