$coord
       -0.67025746300000       -1.54324662000001        0.00000000000000      C
        1.53042671899999       -2.89982610599999        1.21469508000000      C
        1.53042671899999       -2.89982610599999       -1.21469508000000      C
       -0.88036664700000        1.26315143400000        0.00000000000000      C
       -3.14155985500000        2.36910412100000        0.00000000000000      C
       -2.50005457300000       -2.48384261399999        0.00000000000000      H
        2.39754449699999       -3.43072572600000        2.97260512300001      H
       -4.86296984099999        1.26345945900000        0.00000000000000      H
        2.39754449699999       -3.43072572600000       -2.97260512300001      H
       -3.34547262800000        4.40277054000001        0.00000000000000      H
        1.53042671899999        2.75799461200000        0.00000000000000      C
        2.68445970400000        2.30817179599999        1.65256915800001      H
        2.68445970400000        2.30817179599999       -1.65256915800001      H
        1.14990393399999        4.77861625200000        0.00000000000000      H
$end
