$coord
       -1.13603388993818       -1.90354788237015        0.12899432596055      N
        0.19671645502625       -0.08747275977543        1.70447886452387      C
        0.35794732200073        2.56728894009847        0.52322762679446      C
        2.39733885223754        3.65564149006791        0.21212128012759      O
        2.83650052663305       -1.10596265900137        2.28206132792512      C
        4.15998810834337       -1.95354658679884       -0.11575577146561      C
        3.66672041450447       -4.01513795278188       -1.07711460609596      O
        5.87209285926389       -0.31699920516412       -1.07854344701764      N
       -0.05368975570850       -3.25157495120452       -0.69672052858299      H
       -0.86853405708858        0.10874902040441        3.46362934150801      H
        2.65708191227086       -2.76423072285100        3.48350294167749      H
        3.90601641466615        0.34500863784939        3.26274479344581      H
        5.60730914914503        1.52015107141429       -0.63090890794454      H
        6.52813348126810       -0.72927347473996       -2.81638485522495      H
       -1.90373824181855        3.56433723121246       -0.04429426623377      N
       -3.44759032727190        2.50737390917139        0.39880938216878      H
       -2.16839724277707        6.04702985760622       -1.15735842274794      C
       -0.28878847698368        6.77005598608783       -1.54443870435897      H
       -3.23528101326934        5.94212322586127       -2.91184141172765      H
       -3.12935938969529        7.33083705277749        0.13121451899427      H
       -3.67937224225776       -2.08597028454785        0.07268546134949      C
       -5.07245365579565       -0.53508282864410        1.12258814319970      O
       -4.72665280574369       -4.30764974942387       -1.36478867864383      C
       -3.27265156817181       -5.41920075448055       -2.29595697542833      H
       -5.75764735361143       -5.50252676995052       -0.04731865592800      H
       -6.06791724900582       -3.61620215295104       -2.75838366526890      H
$end
