$coord
       -5.76738789404980        1.53224477610154       -0.83093100428138      C
       -6.18144852652393       -0.92024354446588        0.02682773472092      C
       -4.12642115369272       -2.57627829350065        0.35358571889359      C
       -1.64002122237733       -1.81486701874882       -0.20756254926013      C
       -1.24659708189954        0.74440029356694       -0.92348988134506      C
       -3.30409459804418        2.37533320414312       -1.29909469995176      C
       -2.90433996931744        5.04938597026570       -2.26173612183941      C
        1.48407956343736        1.62262111413404       -1.36466922427753      C
       -0.25194387150159        5.35427515565740       -3.37423299925143      C
        1.61558388542766        4.41305984009882       -1.53619966689648      N
        3.23275093258109        0.34602350802499        0.56646568507379      C
        0.56692234625779       -3.53222806980600       -0.11599018355236      C
        2.98872499520630       -2.47775023666320        0.24318208032616      C
        2.48722665143429       -7.70296561455813       -0.44697513235148      C
        4.90260348955470       -6.64139295143194       -0.02628385426730      C
        5.11910927594539       -4.03785311057994        0.30027908115703      C
        0.35765316054406       -6.16340774175106       -0.50450128775040      C
       -8.59218476741240       -1.69730471493950        0.55411072072679      O
       -4.76641578401185       -4.98382009032961        1.23468305382348      O
       -3.99405054504713       -5.41461838969673        3.82156383364137      C
        2.49194101792180      -10.28975075062104       -0.79280240677590      O
        0.11190020613882      -11.49187210946847       -1.23329085389336      C
        7.02894395936477       -8.11171764632160        0.03848281364007      O
        2.52698457200990        5.94893436590605        0.35523262602060      C
        3.86538769424223        5.32673381593077        2.12609869363276      O
        1.78920907392109        8.41634293193594       -0.04057911883004      O
        2.82879685571691       10.24341223187690        1.72236818687264      C
        1.77629988132437       12.81611082743721        0.99967324166398      C
       -7.37692608349779        2.77810961610545       -1.12204749457946      H
       -4.34229166763200        5.49559734421519       -3.69238440959246      H
       -3.13470600996604        6.41763084283156       -0.71496091629793      H
        2.07887575604230        0.93893717858983       -3.24421898981564      H
       -0.05574732991125        4.19117609860348       -5.08320489611979      H
        0.15680501096572        7.31280174983261       -3.86450936106462      H
        2.67550997793558        0.90570413135252        2.48125373355783      H
        5.18665479936942        0.95617885381854        0.29175964725169      H
        6.98872161018938       -3.23165456082746        0.58358796092849      H
       -1.48736896560620       -6.97745342533229       -0.84724688696267      H
       -8.47510377750170       -3.47906517461060        0.99669982655939      H
       -4.84925000500980       -3.99433670231555        5.07513312687134      H
       -1.92768430385431       -5.34148967839379        3.98216652578326      H
       -4.67322886847682       -7.30448042525039        4.32268822916866      H
        0.52243918797710      -13.50659895066538       -1.43849858662173      H
       -1.17845823372619      -11.18729172547385        0.36918745131676      H
       -0.77465603489453      -10.76565717599995       -2.96823391674537      H
        6.52042118462896       -9.84932245392862       -0.25567549445153      H
        2.29023342567088        9.70488830756809        3.65052821975401      H
        4.89876818173511       10.19574730258741        1.60216967505866      H
       -0.29289045306260       12.82915279771132        1.12601676228824      H
        2.52276225341668       14.25214438597277        2.29786457620943      H
        2.32790819805763       13.32647391141243       -0.93228926816577      H
$end
