$coord
        2.28044019662392        1.31661276139168        0.00000000000000      C
        4.05058809248473        2.33860812557235        0.00000000000000      H
        2.28044019662392       -1.31661276139168        0.00000000000000      C
        4.05058809248473       -2.33860812557235        0.00000000000000      H
        0.00000000000000       -2.63322552278334        0.00000000000000      C
        0.00000000000000       -4.67721625114470        0.00000000000000      H
       -2.28044019662392       -1.31661276139168        0.00000000000000      C
       -4.05058809248473       -2.33860812557235        0.00000000000000      H
       -2.28044019662392        1.31661276139168        0.00000000000000      C
       -4.05058809248473        2.33860812557235        0.00000000000000      H
        0.00000000000000        2.63322552278334        0.00000000000000      C
        0.00000000000000        4.67721625114470        0.00000000000000      H
$end
