$coord
       -2.80516111234744        2.19535405788613        0.00000000000000      N
       -0.86172592984941        2.29217763678499        0.00000000000000      H
       -3.87630580148248       -0.19173732397035        0.00000000000000      C
       -2.54834685627127       -2.10620113928247        0.00000000000000      O
       -6.61035711843681       -0.23313153671728        0.00000000000000      C
       -7.56649831250611       -2.02743292123726        0.00000000000000      H
       -7.89234282792234        1.97108738030278        0.00000000000000      C
       -9.93112494141917        2.05932470454870        0.00000000000000      H
       -6.66934403740382        4.24124952323680        0.00000000000000      N
       -7.63121686173360        5.88241692491432        0.00000000000000      H
       -4.05517614717178        4.48995792428640        0.00000000000000      C
       -3.01273723397796        6.53089129102704        0.00000000000000      O
        6.40503946763847        0.10064676207860        0.00000000000000      N
        7.25020766173941        1.81382169717768        0.00000000000000      H
        8.02273521395601       -2.00567542985943        0.00000000000000      C
       10.30826814897244       -1.71899564635467        0.00000000000000      O
        6.67305809297023       -4.39083756377063        0.00000000000000      C
        7.74374766096242       -6.11999494233446        0.00000000000000      H
        4.12160867125579       -4.39805230539300        0.00000000000000      C
        3.03130625197194       -6.12330554917483        0.00000000000000      H
        2.72700709779210       -2.22320288696017        0.00000000000000      N
        0.78751278001269       -2.26372390774548        0.00000000000000      H
        3.80938721598048        0.12887298548793        0.00000000000000      C
        2.58045891727027        2.09649026506863        0.00000000000000      O
$end
