$coord
    0.84821344232707      4.63107803963953     -0.21323294621698      o
    1.01395986427765      5.87371547158872      1.10707087808835      h
    1.81174978153569      5.23049879854424     -1.63598310062691      h
   -4.43473795039961     -1.58096463093308     -0.21323294621698      o
   -5.43561972477114     -1.04622806316130     -1.63598310062691      h
   -5.59376674513635     -2.05874273491209      1.10707087808835      h
    3.58652450807254     -3.05011340870646     -0.21323294621698      o
    4.57980688085870     -3.81497273667663      1.10707087808835      h
    3.62386994323545     -4.18427073538294     -1.63598310062691      h
    0.00000000000000      0.00000000000000      0.94115388978122      o
    1.36187605477672     -1.24465899281650      0.42842720549514      h
    0.39696827943948      1.80174875665062      0.42842720549514      h
   -1.75884433421620     -0.55708976383412      0.42842720549514      h
$redundant
     number_of_atoms            13
     degrees_of_freedom         11
     internal_coordinates       11
     frozen_coordinates          0
# definitions of redundant internals
   1 k  1.0000000000000 outp   11   13   12   10 val=  44.59683
   2 k  1.0000000000000 outp    3   12    2    1 val= -27.19766
   3 k  1.0000000000000 stre    1    3           val=   1.81987
   4 k  1.0000000000000 stre   12    1           val=   2.93606
   5 k  1.0000000000000 stre    1    2           val=   1.82067
   6 k  0.8186078995297 bend    2    3    1      val=  -7.39908
       -0.4035174679399 bend   12    3    1
       -0.4087233292767 bend   12    2    1
   7 k  1.0000000000000 tors    3    1   10   13 val= 321.11731
        1.0000000000000 tors    3    1   10   11
        1.0000000000000 tors    2    1   10   13
        1.0000000000000 tors    2    1   10   11
   8 k  0.0231634521635 bend    2    3    1      val=   6.02148
        0.7342396898296 bend   12    3    1
       -0.6784950496229 bend   12    2    1
   9 k  1.0000000000000 stre   10   12           val=  76.40836
  10 k  1.0000000000000 linp    1   10   12   11 val=   0.00000
  11 k  1.0000000000000 linc    1   10   12   11 val=   0.00000
        11 non zero eigenvalues  of BmBt
           1           8.887844107    1    0
         1
           2           3.835242954    2    0
         2
           3           3.351189002    3    0
         3
           4           2.939568794    4    0
         4
           5           1.697913082    5    0
         5
           6           1.063679686    6    0
         6
           7           0.952631151    7    0
         7
           8           0.674670338    8    0
         8
           9           0.411528351    9    0
         9
          10           0.149756681   10    0
        10
          11           0.047800828   11    0
        11
$user-defined bonds
$end
