$coord
        0.00000000000000        0.00000000000000        3.03959213035144      N
        2.16018838403159        0.00000000000000        1.71776075748383      C
        3.88515856273153        0.00000000000000        2.81910773178219      H
        2.25727358425468        0.00000000000000       -0.91075726559928      C
        4.06116950345453        0.00000000000000       -1.86739743852382      H
        0.00000000000000        0.00000000000000       -2.25724583451577      C
        0.00000000000000        0.00000000000000       -4.30016658740599      H
       -2.25727358425468        0.00000000000000       -0.91075726559928      C
       -4.06116950345453        0.00000000000000       -1.86739743852382      H
       -2.16018838403159        0.00000000000000        1.71776075748383      C
       -3.88515856273153        0.00000000000000        2.81910773178219      H
$end
