$coord
    1.25929023942145     -0.00795221220510      0.00000000000000      c
    2.33356342343918     -1.76888016533891      0.00000000000000      h
    2.35556548963615      1.73950846121782      0.00000000000000      h
   -1.25930425919767      0.00792520635840      0.00000000000000      c
   -2.33351289045637      1.76889158681797      0.00000000000000      h
   -2.35560200284274     -1.73949287685018      0.00000000000000      h
$redundant
     number_of_atoms             6
     degrees_of_freedom          9
     internal_coordinates        9
     frozen_coordinates          0
# definitions of redundant internals
   1 k  1.0000000000000 stre    1    2           val=   2.06275
   2 k  1.0000000000000 stre    4    5           val=   2.06275
   3 k  1.0000000000000 stre    1    4           val=   2.51864
   4 k  1.0000000000000 stre    4    6           val=   2.06285
   5 k  1.0000000000000 stre    1    3           val=   2.06287
   6 k -0.8164965665032 bend    6    5    4      val=   2.61528
        0.4083811982322 bend    1    5    4
        0.4081153682710 bend    1    6    4
   7 k  0.8164965507146 bend    3    2    1      val=  -2.61598
       -0.4084406380620 bend    4    2    1
       -0.4080559126526 bend    4    3    1
   8 k  0.0002221213187 bend    3    2    1      val=   0.00212
        0.7069956943618 bend    4    2    1
       -0.7072178156805 bend    4    3    1
   9 k  0.0001534769997 bend    6    5    4      val=   0.00075
        0.7070300301947 bend    1    5    4
       -0.7071835071944 bend    1    6    4
         9 non zero eigenvalues  of BmBt
           1           4.225760056    1    0
         1
           2           3.978808763    2    0
         2
           3           2.533188481    3    0
         3
           4           2.395405654    4    0
         4
           5           0.910227226    5    0
         5
           6           0.882973566    6    0
         6
           7           0.656986963    7    0
         7
           8           0.389343228    8    0
         8
           9           0.278315897    9    0
         9
$user-defined bonds
$end
