$coord
   -4.37404326693775      0.20034742998945      0.99995709879483      c
   -1.75175931843320     -0.42008102889071      0.38889506749231      c
    0.05396962168136      1.49595670580617     -0.54696553262606      c
    2.82822137736769      0.89629973863346     -0.00265429751546      c
    3.68452450729157     -1.57925718017364     -1.01495639840780      c
   -1.06508499818382     -2.68494784579967      0.68393385122225      o
   -5.13899571278964      1.52731954557060     -0.38503017598375      h
   -4.35183237083488      1.21675344912458      2.81190210405090      h
   -5.54391129970793     -1.48012006854371      1.18107922280954      h
   -0.50803039489611      3.34828610338507      0.17056196824972      h
   -0.29649218390954      1.58307213566913     -2.60024028135365      h
    3.96433927934976      2.41045905425282     -0.86349333707611      h
    3.18457364828740      1.02232708621651      2.02874932786795      h
    0.78915755813201     -2.89738292080891      0.22444278461362      h
    5.22801728578127     -2.56975203046509     -0.10379584165454      h
    3.29734626780178     -2.06928017396608     -2.97238556048372      h
$user-defined bonds
$end
