$coord
    0.66994948808288     -2.30743686647708      0.00000000000000       p
   -0.66994948808288      2.30743686647708      0.00000000000000       p
    0.66994948808288     -5.37999171881531      0.00000000000000       f
   -0.66994948808288      5.37999171881531      0.00000000000000       f
    2.41911212202609     -1.92902487754513      1.98595665675058       h
   -2.41911212202609      1.92902487754513      1.98595665675058       h
    2.41911212202609     -1.92902487754513     -1.98595665675058       h
   -2.41911212202609      1.92902487754513     -1.98595665675058       h
$end
