$coord
       -3.24340208912500        0.91796122786250       -3.08679385065001      C
       -2.49319199562499       -0.28156210193750       -4.60971106914999      H
       -2.67231898642500        2.87557556306250       -3.49048377315001      H
       -5.31621051332499        0.83318777716251       -3.17749358325001      H
       -2.27157533962500        0.05667890016251       -0.50169742955000      C
       -3.10571255772499        1.25120600796250        0.98845067345000      H
       -2.93003663902500       -1.88424882973749       -0.12111683035001      H
        0.62229285007501        0.14707740626251       -0.31416896235000      C
        1.29383028587499        2.08245585186251       -0.68162381585000      H
        1.47141690687500       -1.05663458893750       -1.77929577085000      H
        1.52932159217499       -0.70457351823751        2.27088898385000      C
        0.99757319677499       -2.67147890073750        2.68412280165000      H
        0.82104929847500        0.47630874826250        3.82066369184999      H
        4.39550568687500       -0.67370300433751        2.57699575145000      N
        5.19302519657500       -0.77555348183751        4.75954945265000      O
        5.70843310717500       -0.59269705683750        0.66171373024999      O
$end
