$coord
       -2.59192021381357        9.34202124932202       -4.98225407311864      H
       -2.41660277481357        8.44863987032202       -3.39109496311863      O
        0.14922862518644        8.72188083132203       -2.55239072611863      C
        0.46490999718645       10.61879401732202       -1.77252424311864      H
        1.48356679218645        8.41162902032203       -4.10964305011863      H
        0.69539269518644        6.76248177732204       -0.54903022111864      C
        2.66449435818645        6.99323130532202        0.06390089188136      H
       -0.94318455381356        7.12205600432204        1.64003535788136      O
       -1.60022300481357        4.75807341932202        2.69963174388136      C
       -1.15344510481356        4.71901240532203        4.71294146788136      H
       -4.39762407281355        4.39253483932202        2.48306744488136      N
       -5.87287929681357        5.86188996032203        0.94102231288135      C
       -4.84948703681356        7.26979175932202       -0.13987052911864      H
       -8.41596633181356        5.55963395732203        0.77887512988136      C
       -9.53266948181355        6.74722280732203       -0.45567322211865      H
       -9.66428039281355        3.65410475532202        2.26679661988136      C
      -11.95659417481356        3.19289936332203        2.32348405388136      O
       -8.00469676081357        2.23183763732202        3.77201628388137      N
       -8.78646997781357        0.85307843732202        4.85782335788135      H
       -5.41913548781357        2.47095846232204        3.95664988288135      C
       -4.10703523781356        1.10331028332204        5.30746022488136      O
        0.24252798818644        4.01542943532202       -1.31301110111864      C
       -1.45734384681355        3.87547859632203       -2.48375890211865      H
       -0.16344127981356        2.71075524132204        1.23495086088136      C
       -1.25434815781356        0.96370053932204        1.09134094488136      H
        2.18498016818644        2.27619290832204        2.48896150088136      O
        3.38330700818643        1.78033428832204        1.17726924188135      H
        2.36967801818645        3.04806055932203       -2.67666118611864      O
        1.78517802118644        1.13499607532204       -5.06334542811865      P
        4.31219350418644        0.54159716932203       -6.18998400111863      O
       -0.34997802181356        2.10966080532204       -6.64965663511863      O
        0.79393415818645       -1.25582213167797       -3.34495938111864      O
       -0.52570175181357       -3.32317272767797       -4.51953331011864      C
        0.29896711118643       -3.75976746067796       -6.36792078911865      H
       -2.52169705081355       -2.83057558567797       -4.76748728111863      H
       -0.32172586281356       -5.60805894167797       -2.81149275811864      C
       -1.53760693481357       -7.10468280867796       -3.57504542611863      H
        2.27024290418645       -6.53279333167798       -2.77759182911864      O
        2.94751578518645       -7.33729673967796       -0.32420555111865      C
        3.76304933518643       -9.22948050767797       -0.39081612511863      H
        4.95699881418645       -5.62742390867798        0.69575364288136      N
        5.44750818618644       -3.31019163267798       -0.34845678311863      C
        4.25789298318644       -2.81248108167797       -1.93768024711864      H
        7.27669850518644       -1.75198896567796        0.54841510888136      C
        7.63307663918645        0.05655968832203       -0.33844822711864      H
        8.80778473918643       -2.52257708367798        2.66263620088136      C
       10.51131413718644       -1.28943789967796        3.68296918288137      O
        8.22356933518644       -4.95221328467796        3.56149589488136      N
        9.27215806718644       -5.60698123067798        5.03314438788137      H
        6.39055874518643       -6.58165257467797        2.68393851488135      C
        6.02428506218645       -8.69511021767797        3.58308450288136      O
       -0.99101654181355       -5.17739945867798       -0.03176724211864      C
       -0.34693612981356       -3.30994899167798        0.58349635988136      H
        0.55368856818644       -7.25080965067796        1.30201383388135      C
        0.97032609518644       -6.82002128867797        3.28323015288136      H
       -0.69373807681357       -9.63005800967798        1.07222164188135      O
       -2.50352657981355       -9.25599827667798        1.12243827588137      H
       -3.65315064581355       -5.43987502967797        0.30916332588135      O
       -4.10260156281356       -4.73202864867797        1.94407488488136      H
$eht charge=-1 unpaired=0
$end
