$coord
       -4.83449116783332       -0.22371138338889       -0.98374814961111      N
       -3.70705692783333       -1.76515010438890       -0.83502344261110      H
       -6.58931000883333       -0.79872600338888       -0.48837829061111      H
       -3.96094655983334        1.69022986361111        0.80668018338890      C
       -5.17292925883332        3.34756378061112        0.68105384538889      H
       -3.90795660783332        1.08822470161111        2.78532849138889      H
       -2.06133732183333        2.28400714261112        0.28424715238890      H
        0.61341768916668       -2.65461011938888       -0.53182381661111      N
        1.25296959216667       -1.11950242638888       -2.44368317761110      C
        0.22747724416667       -1.39263960538890       -4.19240038261110      H
        3.08851574316666        0.75535859261111       -2.25401704161110      C
        3.51342524316668        1.93519065961111       -3.86567116161112      H
        4.33732239416666        1.07574545461111        0.03683057438888      C
        5.76945869016666        2.51616515861112        0.25676468838888      H
        3.69456439516667       -0.50210493038890        2.03828274538888      C
        4.60652424916667       -0.33115608638889        3.85752319238890      H
        1.83548680316667       -2.32529179438890        1.66188073338890      C
        1.29486580916668       -3.57959290038890        3.18615385638890      H
$end
