$coord
    3.27240472924768      0.03485032934268      1.05327287523421       c
    2.39997864493063     -0.78802335631784      2.73837946245099       h
    3.97047523191403     -1.89264575976095     -0.69266399620017       o
    1.55900327264319      2.04257474141797     -0.10912034581735       c
    1.20114961431091      3.49374457174031      1.31978095175507       h
    2.58281720719184      2.95038027839490     -1.65139765245837       h
   -0.95670409039148      1.03427734814644     -1.11975910976752       c
   -0.63032760025467     -0.36271403394607     -2.60364198917624       h
   -2.00827621210609      2.57164325656809     -2.00270152001408       h
    2.46466586018544     -2.80010358712943     -1.14443515361074       h
    5.04236190955716      0.90061701876744      1.64537320554673       h
   -2.63079735370581     -0.12742045368821      0.90106866331320       c
   -1.72427872022537     -1.78434366535914      1.74488618370449       h
   -2.95579434376562      1.24957384646610      2.41243194014634       h
   -4.94864283172283     -0.82611456597842     -0.28118746912112       o
   -6.01038923893689     -1.58638162485644      0.97936568617705       h
$end
