$coord
       -5.58603945153621       -1.11488733777039       -1.03616117235797      C
       -3.43944282351381        0.65141241070858       -1.95112449971002      C
       -0.89017353926031       -0.77042547999096       -1.70370349889201      C
       -0.48111745094006       -0.87714934313344        1.25654454543355      C
       -2.84002561652388        0.51706357924511        2.29117650595261      C
       -5.17706004220089       -1.20031421664764        1.90157817147267      C
       -3.27929793200263        2.56423950640783        0.25336888065741      C
        1.30309208659383        0.56342427115288       -3.05115004160343      C
        3.87674053599577       -0.58580498896484       -2.33281958731936      C
        4.26765357043590       -0.82938401818925        0.58874914792863      C
        2.03404815376223        0.32284963004787        2.05150798417093      C
        6.78533221257499        0.33727468700417        1.42981631618892      C
       -5.45585708033700       -2.99105591298556       -1.90957035399844      H
       -7.44289133184799       -0.32030942213833       -1.50532865998409      H
       -3.75279294899016        1.45070544247430       -3.83673820444648      H
       -1.06111648204553       -2.69179846528855       -2.47338660925984      H
       -0.48027202336922       -2.85086984336276        1.90312177106516      H
       -2.60675944110368        1.19457083960711        4.23514842396892      H
       -4.83841209307334       -3.12317110017243        2.60002715009597      H
       -6.82478357636886       -0.43751018728827        2.90279044661965      H
       -1.70252129005067        3.89557906277917        0.07465486740551      H
       -5.03700385019863        3.62976603120120        0.53549044889521      H
        1.02869425944442        0.46004145950999       -5.10651646840433      H
        1.28603068562901        2.57839642066228       -2.55032510269106      H
        5.39078452838170        0.57927020167043       -3.14895590785106      H
        4.04297799624127       -2.46272389289305       -3.20641128600768      H
        4.30868202745859       -2.85363742214482        1.06385993331218      H
        2.32342917104186        0.05473580461052        4.09065054838164      H
        1.97842555112883        2.37444048940705        1.72011947249284      H
        6.80261289769674        2.37434423371211        1.01645818991576      H
        8.38331494712823       -0.52997980584755        0.42707524585825      H
        7.08374834984931        0.09090736661722        3.47005334270981      H
$end
