$coord
        0.00000000000000       -3.00472979827554       -0.76189115633133      C
        0.00000000000000       -1.25975825879512        1.47251224217191      C
        0.00000000000000        1.25975825879512        1.47251224217191      C
        0.00000000000000        3.00472979827554       -0.76189115633133      C
        0.00000000000000       -2.00651120693283       -2.56351377409024      H
       -1.65820982095677       -4.24166514439986       -0.72416494844997      H
        1.65820982095677       -4.24166514439986       -0.72416494844997      H
        0.00000000000000       -2.19789085340528        3.30122258514961      H
        0.00000000000000        2.19789085340528        3.30122258514961      H
        0.00000000000000        2.00651120693283       -2.56351377409024      H
       -1.65820982095677        4.24166514439986       -0.72416494844997      H
        1.65820982095677        4.24166514439986       -0.72416494844997      H
$end
