$coord
       -4.87768731792308        0.61934090411537        1.17368889819230      C
       -2.58175527692308        0.68006913811538       -0.56608544580769      C
       -0.09333763692308        0.43576725211538        0.88415831019232      C
        2.28531526907691        0.09099241411537       -0.80948782180770      C
        2.94899648607691       -2.72919874888461       -0.45627535780768      C
        1.71173240907692       -4.30455181388461       -2.23299762380769      O
        2.07872097507692       -3.17855102288461        2.26112793919231      C
       -7.04929239592308        0.72413376911537       -0.45196111380769      O
        4.36729064407692        1.53967336611538        0.09273917519231      O
       -2.75672689592307       -1.31687990488463       -2.37980098780769      O
       -0.20175310692308       -1.72431805688463        2.52068558419231      O
        4.32339608807692        4.11310222011539       -0.65447737880770      C
       -4.85684175092309       -1.12942286588462        2.27904254219231      H
       -4.83983232692309        2.24999113011537        2.45791455519230      H
       -2.56223818692308        2.50445218311537       -1.57021402680770      H
        0.14134743407692        2.14844481411538        2.03910025319231      H
        1.91734971407692        0.52326534511537       -2.80391975080768      H
        4.97755686507691       -3.02248989188461       -0.69642362680768      H
       -0.04581291792308       -3.77157916388462       -2.37085313480770      H
        1.61825522307692       -5.15647052588461        2.63065251919230      H
        3.50624077607692       -2.51590537688462        3.61688350519231      H
       -8.53474741592308        0.22339417611537        0.47903129319231      H
       -4.50594797992308       -1.40287377588463       -2.91905130680769      H
        4.29642402907693        4.29103503911539       -2.72575123480769      H
        2.68567072807692        5.13047778111539        0.12367776919232      H
        6.04767656807693        4.97810161511539        0.07859646619232      H
$end
