$coord
    0.00000000000000      0.00000000000000     -2.33812383391771      p
   -0.00000000000000      2.62880022483000     -0.06362372280904      c
   -0.00000000000000     -2.62880022483000     -0.06362372280904      c
   -0.00000000000000      4.42893832891747     -1.06725971765966      h
    1.67349073196950      2.55389115237528      1.14900316764660      h
   -1.67349073196950      2.55389115237528      1.14900316764660      h
   -0.00000000000000     -4.42893832891747     -1.06725971765966      h
    1.67349073196950     -2.55389115237528      1.14900316764660      h
   -1.67349073196950     -2.55389115237528      1.14900316764660      h
$user-defined bonds
$redundant
     number_of_atoms             9
     degrees_of_freedom         21
     internal_coordinates       21
     frozen_coordinates          0
# definitions of redundant internals
   1 k  0.5773502691896 tors   4    2    1    3 val=  60.00556
        0.5773502691896 tors   5    2    1    3
        0.5773502691896 tors   6    2    1    3
   2 k  1.0000000000000 stre   2    4           val=   2.06130
   3 k  1.0000000000000 stre   2    5           val=   2.06820
   4 k  1.0000000000000 stre   2    6           val=   2.06813
   5 k  0.4566041539314 bend   5    4    2      val=   0.70967
        0.3586751872076 bend   6    4    2
        0.4268191266555 bend   6    5    2
       -0.4041166994220 bend   1    4    2
       -0.3906966892370 bend   1    5    2
       -0.4058768040709 bend   1    6    2
   6 k -0.0528108544615 bend   5    4    2      val=   2.71270
        0.6964173693645 bend   6    4    2
       -0.5551535178339 bend   6    5    2
        0.2817498725989 bend   1    4    2
       -0.3517372140977 bend   1    5    2
        0.0302716772651 bend   1    6    2
   7 k -0.7298007445179 bend   5    4    2      val=   2.12910
        0.3267890056174 bend   6    4    2
        0.4798992082131 bend   6    5    2
       -0.1874852910221 bend   1    4    2
       -0.1268189011792 bend   1    5    2
        0.2811810822570 bend   1    6    2
   8 k -0.0627477647734 bend   5    4    2      val=  -0.28849
       -0.2827097506057 bend   6    4    2
        0.3337848449515 bend   6    5    2
        0.7076659553475 bend   1    4    2
       -0.5248173981344 bend   1    5    2
       -0.1688229441356 bend   1    6    2
   9 k  0.2850834915351 bend   5    4    2      val=   0.81948
       -0.2281862287658 bend   6    4    2
       -0.0699650948206 bend   6    5    2
       -0.2244117162499 bend   1    4    2
       -0.4994111061473 bend   1    5    2
        0.7496607646322 bend   1    6    2
  10 k  0.5773502691896 tors   7    3    1    2 val=  60.08420
        0.5773502691896 tors   9    3    1    2
        0.5773502691896 tors   8    3    1    2
  11 k  1.0000000000000 stre   3    7           val=   2.06130
  12 k  1.0000000000000 stre   3    9           val=   2.06814
  13 k  1.0000000000000 stre   3    8           val=   2.06814
  14 k  0.3710475489576 bend   9    7    3      val=   0.53314
        0.4422591733799 bend   8    7    3
        0.4282887755582 bend   8    9    3
       -0.4043211235376 bend   1    7    3
       -0.4052476231559 bend   1    9    3
       -0.3944591964863 bend   1    8    3
  15 k  0.7068600863203 bend   9    7    3      val=   2.61633
       -0.0822809361351 bend   8    7    3
       -0.5474435877846 bend   8    9    3
        0.2719148323792 bend   1    7    3
        0.0421540820988 bend   1    9    3
       -0.3437579692227 bend   1    8    3
  16 k  0.2946641040737 bend   9    7    3      val=   1.24303
       -0.7349971797109 bend   8    7    3
        0.4873000804942 bend   8    9    3
       -0.1964184164448 bend   1    7    3
        0.2896607354427 bend   1    9    3
       -0.1140495820328 bend   1    8    3
  17 k  0.2503253210609 bend   9    7    3      val=   0.41634
        0.0942698451638 bend   8    7    3
       -0.3341588987806 bend   8    9    3
       -0.7284682827132 bend   1    7    3
        0.2408037670400 bend   1    9    3
        0.4776356008030 bend   1    8    3
  18 k -0.2525691582598 bend   9    7    3      val=   0.46545
        0.2832157378687 bend   8    7    3
       -0.0421433592597 bend   8    9    3
       -0.1536814223877 bend   1    7    3
        0.7246334399939 bend   1    9    3
       -0.5527295916134 bend   1    8    3
  19 k  1.0000000000000 stre   1    3           val=   3.47565
  20 k  1.0000000000000 stre   1    2           val=   3.47569
  21 k  1.0000000000000 bend   2    3    1      val=  98.28830
        21 non zero eigenvalues  of BmBt
           1           3.544145365    1    0
         1
           2           3.525612522    2    0
         2
           3           3.435881473    3    0
         3
           4           3.145160083    4    0
         4
           5           3.100610251    5    0
         5
           6           3.007768845    6    0
         6
           7           1.162172771    7    0
         7
           8           1.107729657    8    0
         8
           9           1.085567858    9    0
         9
          10           0.812954412   10    0
        10
          11           0.792174723   11    0
        11
          12           0.701927306   12    0
        12
          13           0.699464267   13    0
        13
          14           0.696665962   14    0
        14
          15           0.694022878   15    0
        15
          16           0.386227934   16    0
        16
          17           0.319282275   17    0
        17
          18           0.299896829   18    0
        18
          19           0.247459301   19    0
        19
          20           0.245259068   20    0
        20
          21           0.044062710   21    0
        21
$end
