$coord
       -1.66268764799444       -3.83985994055556       -0.38482984404444      C
        0.99120755520556       -3.90202969565555       -1.06329154694444      O
        1.88521605740556       -1.49594215185554       -1.47478573394443      C
       -0.24962048889445        0.41873393424444       -1.07937584454444      C
       -2.62822841769444       -1.23812324265555       -1.23208308444443      C
       -2.58629355299444       -5.43036622385555       -1.34138312384445      H
       -1.81280713909444       -4.11697147265554        1.67212961185557      H
       -0.15464729639444        1.81682463394445       -2.61384308584444      H
       -4.18067406149443       -0.55079906005555       -0.03771450794443      H
       -3.32075708859444       -1.33818709495554       -3.18750806914444      H
        0.05534282900557        1.81033864704444        1.47467048835556      C
       -1.68910047829445        2.90319491774446        1.79342051165557      H
        0.15169280110556        0.41057634464445        3.01697053435556      H
        2.34510020930556        3.56957694444444        1.59782252715557      C
        2.45463494200555        4.49828692704445        3.45221875635556      H
        4.11611466100555        2.53743787534446        1.28048107075557      H
        2.21963144770556        5.05688589194445        0.15002643085556      H
        4.06587566870557       -1.10957723415554       -2.02292509064444      O
$end
