$coord
   -4.43772936272773     -1.51220272890704     -1.47756225777864       n
   -2.07940509334210     -0.62270294295864     -0.46476458878990       c
   -2.05646887207407      2.23870441667033     -0.72805235448194       c
   -3.26369232187527      3.29777890385918     -2.40607063911046       o
    0.18986688241370     -1.77633191940437     -1.89722907928477       c
    2.65015375555222     -0.98189081606479     -0.74255309294161       c
    3.39263864724048     -1.97877085186886      1.59242461271076       c
    4.15318644435323      0.87891291142551     -1.86266595757104       c
    5.57383306509951     -1.11641889663684      2.79033597387851       c
    6.34174275652197      1.73856490725001     -0.67748766354435       c
    7.04985907053995      0.75159660142775      1.66029843714685       c
   -5.36532555762532     -0.31173857018907     -2.63076559166571       h
   -1.94775226533201     -1.18561012925944      1.51440541682608       h
    0.07387342913345     -1.18211332629194     -3.86809293969712       h
   -0.04043084710656     -3.82131210715664     -1.80771173752109       h
    2.25191873670719     -3.44134898184370      2.46180089230449       h
    3.59138286557448      1.66197702325228     -3.66899330678062       h
    6.12624804601236     -1.90790947841309      4.59215757486998       h
    7.48942590364090      3.17320128641829     -1.57379560252512       h
    8.74539287314953      1.41844690991167      2.58540006938406       h
   -0.60021535626433      3.46957418420145      0.97206829203691       n
    0.54213091875174      2.40815102401483      2.06445613895310       h
   -0.02941922331769      6.13103887877688      0.68502644165086       c
    0.29601182090619      6.96834545102821      2.53076211688858       h
    1.63450409411422      6.42356403841007     -0.49597552748964       h
   -1.63927497119741      7.03670728749871     -0.20522587990384       h
   -5.31470722127527     -3.85525383926526     -0.91873347126618       c
   -4.15484710606230     -5.30382865510773      0.47370651249803       o
   -7.80504994158879     -4.55540674924786     -2.11801320426633       c
   -7.51783375907359     -6.20966884108041     -3.30308543695536       h
   -8.61301694880619     -3.04129212036409     -3.24662716943255       h
   -9.12208085973760     -5.07636729893054     -0.62971882555636       h
$end
