$coord
   -3.07334916903130     -2.19574968486908     -0.77026753710657       n
   -1.06166612657699     -0.60043865272590      0.22556273495023       c
   -1.55588454385165      2.14301062365209     -0.57288894256972       c
   -0.46296312037716      3.13348588595147     -2.36232288792062       o
    1.48708896348865     -1.52203171239620     -0.70306963318666       c
    3.67948403362485     -0.15750104283050      0.56633265328739       c
   -2.82871196510198     -2.98793460862456     -2.48137889825513       h
   -1.17821577078039     -0.73567024854244      2.27953888751721       h
    1.61780488460523     -3.54920477258153     -0.33532979163913       h
    3.53808330127676     -0.39581832259754      2.61468759846634       h
    3.53189966479582      1.86042745783656      0.17177658518422       h
   -3.32540023802572      3.30930842652724      0.85453904701771       n
   -4.35251000204289      2.18736388633117      2.01625799711235       h
   -4.24259364046361      5.79596353940397      0.17969307903463       c
   -5.67511788380064      5.71703246984640     -1.29991039698857       h
   -2.66594127086281      6.90920168201332     -0.51624806258646       h
   -5.04065190636687      6.69958130247631      1.84071100187397       h
   -5.32764283347130     -2.44715133088087      0.41863421455961       c
   -5.81515974072021     -1.34246846422850      2.40779150258883       o
   -7.20007943760237     -4.19786755129512     -0.82337250258749       c
   -7.63723425538094     -5.71698754171430      0.48978933845776       h
   -6.51636800061883     -5.00204772729362     -2.58551980203181       h
   -8.93679165412314     -3.15794005379796     -1.17402685827713       h
    1.59310124424983     -1.22626001603908     -2.74250391040043       h
    6.23132996815291     -1.12523449540248     -0.34206843071034       c
    6.38571055720480     -0.90475270548590     -2.38645375134235       h
    6.38311618484168     -3.14958623501257      0.05434388141319       h
    8.43100509086916      0.24143348861281      0.89409402517469       c
    8.24409504311959      0.09237201768246      2.95395469394312       h
    8.32103186364023      2.24610047721702      0.42613218876341       h
   10.82851278461951     -0.72928938861216     -0.08489902843119       n
   12.28947932163187      0.21595189894382      0.71029609039009       h
   11.03505760314329     -2.55518927591615      0.45214828939886       h
$end
