$coord
     2.181456220     0.000000000     0.000000000     N 
     0.000000000     2.088160448     0.000000000     B 
    -2.181456220     0.000000000     0.000000000     N 
     0.000000000    -2.088160448     0.000000000     B 
     3.299308512     0.000000000     1.543191818     H 
     3.299308512     0.000000000    -1.543191818     H 
     0.000000000     3.312606513     1.921031191     H 
     0.000000000     3.312606513    -1.921031191     H 
    -3.299308512     0.000000000    -1.543191818     H 
    -3.299308512     0.000000000     1.543191818     H 
     0.000000000    -3.312606513     1.921031191     H 
     0.000000000    -3.312606513    -1.921031191     H 
$end
