$coord
       -0.28332661800000       -1.95901657300001        0.00000000000000      C
        1.07516905100000        0.80191467300000        0.00000000000000      S
       -0.28332661800000        2.47463020000001        2.16288210299999      F
       -0.28332661800000        2.47463020000001       -2.16288210299999      F
       -3.17247199300001       -2.26968941600001        0.00000000000000      B
       -4.01574331900000       -4.35035521000000        0.00000000000000      H
       -4.52779481099999       -0.47734856500000        0.00000000000000      H
        1.77527284600000       -3.97988198899999        0.00000000000000      B
        1.17059454400001       -6.14218394600000        0.00000000000000      H
        3.95606766200001       -3.40213228200001        0.00000000000000      H
$end
