$coord
        0.01456626225558        0.40492509790990        0.09888092334782      H
        0.01962598129966        0.37884067141546        2.14227777122262      C
        2.30145605523157        0.46519130454601        3.45523585354684      C
        2.30783895673447        0.42175527663913        6.08813777823931      C
        0.03307789284168        0.29183865535610        7.40872067307339      C
       -2.24838635278761        0.20481688598947        6.09667869029416      C
       -2.25561623521244        0.24835255537588        3.46337139855920      C
        4.06678791351232        0.55714613973186        2.42983815086457      H
        4.07870707385711        0.48222856891352        7.10647301689377      H
        0.03868115570310        0.25185809939758        9.45197139409551      H
       -4.01326242991210        0.09567522028188        7.12116408422207      H
       -4.02539051459868        0.17176080058736        2.44437657745421      H
$end
