$coord
   -4.80607376643557     -0.99511127407227      0.93268492716284      c
   -2.05191414591191     -1.74161999286720      0.71657546866081      c
   -1.33297955495759     -3.75186794522034      1.42486825587040      o
   -0.20617497924884      0.17684074867726     -0.47353096407473      c
    2.53907420461303     -0.16740329101860      0.23078697318694      c
    4.09815268835632      1.86055139519968     -1.08624839546966      c
   -5.33282056405883     -0.01846509277306     -0.80518678210899      h
   -4.89429903245637      0.33612878798001      2.51588104067708      h
   -5.97704199776031     -2.64249647103268      1.29877061047521      h
   -0.97438153350156      2.03518174303010      0.00975591194443      h
   -0.56510672633994     -0.13804204917411     -2.50041304173999      h
    3.17388877059763     -2.05488178364179     -0.31620956275848      h
    2.76445673822175     -0.01220783160184      2.27791387588642      h
    3.95860529515554      1.71665252963271     -3.13912403403798      h
    6.08244374049337      1.63540280968622     -0.56510236815904      h
    3.52417086323328      3.76133771719588     -0.52142191551523      h
$user-defined bonds
$end
