$coord
   -2.05817655108548     -1.16073964230573     -0.36062612256348       n
    0.18488367123848      0.39028786096366     -0.62668828905803       c
    2.39269444951894     -1.38081906067269     -0.12644927574363       c
    2.20819273778174     -3.10551669006216      1.41660018878749       o
    0.17435375413739      2.65148665674963      1.21766378161504       c
   -1.44939832265934      4.57137066368301      0.32256557717459       o
    2.74521069323249      3.86064577005741      1.58363560163117       c
   -1.78983766653343     -2.78781072245143      0.59894064755122       h
    0.26029818239484      1.15451682019040     -2.54400015428539       h
   -0.48464792676394      1.90175994542057      3.03488811660930       h
   -2.81095868243051      3.77061681514792     -0.62656238706883       h
    2.50191443228882      5.53337757508339      2.75316412160516       h
    3.52061140615141      4.47380169105735     -0.22361749368536       h
    4.07333521452721      2.59215245381300      2.50914554147773       h
    4.50665895545156     -0.90523467368599     -1.47451783376083       n
    4.50705410964372      0.60150288215365     -2.62940830573417       h
    6.84318740052098     -2.25745975737889     -1.02715668155118       c
    6.37184506914276     -4.02776605758655     -0.10636673228189       h
    7.78432322435960     -2.64205652544075     -2.81097591937350       h
    8.11425054571574     -1.19288657216088      0.19395120491391       h
   -4.35523385635683     -0.51920621530224     -1.26145880126749       c
   -4.77477874583937      1.52927444443023     -2.29235649882623       o
   -6.39004198112188     -2.48809514421552     -0.97008081772765       c
   -8.03697856944244     -1.60691392706133     -0.11735010442563       h
   -5.79926154554915     -4.09623405414328      0.16172064821258       h
   -6.93116528008261     -3.14220844381375     -2.84265018702793       h
$end
