$coord
   -0.96358032075808      0.65518056085976      0.00000000000000      c
    1.18449708641800     -0.60358742429693      0.00000000000000      c
   -3.22676392543602     -0.52204982528985      0.00000000000000      f
   -1.16765663342936      2.68863484433659      0.00000000000000      h
    1.22857522078117     -2.64444225638394      0.00000000000000      h
    2.94492857242429      0.42626410077437      0.00000000000000      h
$redundant
     number_of_atoms             6
     degrees_of_freedom          9
     internal_coordinates        9
     frozen_coordinates          0
# definitions of redundant internals
   1 k  1.0000000000000 stre    1    3           val=   2.55105
   2 k  1.0000000000000 stre    2    6           val=   2.03954
   3 k  1.0000000000000 stre    1    4           val=   2.04367
   4 k  1.0000000000000 stre    2    5           val=   2.04133
   5 k  1.0000000000000 stre    1    2           val=   2.48973
   6 k  0.8161651448328 bend    5    6    2      val=  -0.71070
       -0.3879370451200 bend    1    6    2
       -0.4282280997128 bend    1    5    2
   7 k  0.5954569906425 bend    4    3    1      val=  -5.93738
        0.1860826550477 bend    2    3    1
       -0.7815396456901 bend    2    4    1
   8 k  0.0232620512151 bend    5    6    2      val=   1.11189
       -0.7184507747162 bend    1    6    2
        0.6951887235010 bend    1    5    2
   9 k -0.5586569958049 bend    4    3    1      val=   3.06536
        0.7950093786598 bend    2    3    1
       -0.2363523828550 bend    2    4    1
         9 non zero eigenvalues  of BmBt
           1           4.231101050    1    0
         1
           2           3.890655127    2    0
         2
           3           2.516936201    3    0
         3
           4           2.303312115    4    0
         4
           5           0.913199156    5    0
         5
           6           0.828597399    6    0
         6
           7           0.645533038    7    0
         7
           8           0.380006557    8    0
         8
           9           0.249002133    9    0
         9
$user-defined bonds
$end
