$coord
   -3.67492174404167      0.70803173620833      3.77545992204167      c
   -4.58537853504167      2.00490432420833      5.08313107804167      h
   -1.68869782704167      1.19993898720833      3.58827999104167      h
   -3.84982328804167     -1.18354193979167      4.56376836904167      h
   -5.08662890204167      0.79448870620833      1.29033967004167      c
   -7.37679493204167      0.44753038120833      1.18173800404167      o
   -3.61549671504167      1.26841912220833     -0.75441639195833      n
   -1.73194657204167      1.48885074720833     -0.50532040895833      h
   -4.66807033304167      1.42692400920833     -3.26726904595833      c
   -6.68057122004167      1.05598039120833     -3.11781065695833      h
   -4.38602328304167      3.29802970320833     -4.07716024995833      h
   -3.81688845404167      0.03269753920833     -4.52092308095833      h
    1.50912170895833     -3.18682632179167      0.52421133604167      c
    2.56401362895833     -4.90648308779167      0.13510163104167      h
   -0.24585143304167     -3.19916519279167     -0.54220907195833      h
    1.01926896095833     -3.14251848479167      2.52154021404167      h
    2.95974329895833     -0.81633128879167     -0.11118396895833      c
    1.92948992995833      1.26508246820833     -0.21884617695833      o
    5.46695277795833     -1.13534305179167     -0.51510906295833      n
    6.17809691895833     -2.88758334279167     -0.37005874895833      h
    7.14358983395833      0.95557445520833     -1.06114261995833      c
    5.98293452995833      2.63896084120833     -1.21198756495833      h
    8.51820401495833      1.21912647320833      0.44573113504167      h
    8.13567763495833      0.65325282520833     -2.83586430095833      h
$user-defined bonds
$end
