$coord
     0.540457854     3.319904635     0.000000000     H 
     3.324426749     0.511902204     0.000000000     H 
    -2.388630659    -2.368185714     0.000000000     H 
    -2.990406342     1.539913143     0.000000000     H 
     1.514152398    -3.003532379     0.000000000     H 
     3.211797191     2.333507352     0.000000000     F 
    -1.226796885     3.775693316     0.000000000     F 
    -1.226796885    -3.775693316     0.000000000     F 
    -3.969998722     0.000000000     0.000000000     F 
     3.211797191    -2.333507352     0.000000000     F 
$end
