$coord
    -0.322064111     0.608213979     0.826329932     C 
     1.631578082     2.494406182    -0.270612541     C 
     2.267170411    -0.147786021     0.151453979     C 
    -2.472421110    -0.220480000    -0.737047938     C 
     3.902055513    -2.007384110    -0.047509601     C 
    -4.771452301    -0.723508052     0.134709117     C 
    -0.729513601     0.836279340     2.822190493     H 
     1.335146214     3.143878549    -2.189905185     H 
     2.360417050     3.917630635     1.006445386     H 
    -2.078228048    -0.434856186    -2.739291994     H 
     5.786580978    -1.695569873    -0.781322329     H 
     3.415770435    -3.910255034     0.524729664     H 
    -5.226706190    -0.544144709     2.121863711     H 
    -6.272661966    -1.333736479    -1.108641767     H 
$end
