$coord
       -4.71319439942501       -0.02791515371250       -1.86581483515000      C
       -1.93723658492501       -0.02873734781250       -2.01162124135001      C
       -3.32816180262501        2.31288626488751       -1.75288834375000      O
       -5.84034438202500       -0.30547232541251       -3.57882961135000      H
       -5.63038922772499       -0.59263817241250       -0.09804239684999      H
       -1.08840604852500       -0.26160720951250       -3.89162565445000      H
       -0.28168326232500       -0.78452718551251        0.18139408325000      C
        0.12599898507501       -2.82675238531250        0.03313791125001      H
       -1.34678726472501       -0.51110932731250        1.95067974355000      H
        2.20747215317500        0.70159153368751        0.28821859574999      C
        1.76951945777499        2.73375171158751        0.38968025855000      H
        3.25080200757499        0.41797024108750       -1.49402944244999      H
        3.87823943767499       -0.05730352931250        2.52352065294999      C
        4.37985696247500       -2.07459656501251        2.44289052385000      H
        5.64689063937500        1.03100017578750        2.55054667774999      H
        2.90742332917500        0.27345927428751        4.33278307845000      H
$end
