$coord
   -0.01077689089922      3.00685845419168     -0.00083441815623      si
    0.01077689089922     -3.00685845419168     -0.00083441815623      si
    2.69719439692468      3.48774303753525     -0.10880561974097      h
   -1.27277399767025      3.48353806710517      2.39686879987637      h
   -1.45891710174291      3.46312808482659     -2.29543710176554      h
    1.27277399767025     -3.48353806710517      2.39686879987637      h
    1.45891710174291     -3.46312808482659     -2.29543710176554      h
   -2.69719439692468     -3.48774303753525     -0.10880561974097      h
    0.00000000000000      0.00000000000000      0.01641667957270      h
$redundant
     number_of_atoms             9
     degrees_of_freedom         11
     internal_coordinates       11
     frozen_coordinates          0
# definitions of redundant internals
   1 k  1.0000000000000 stre    1    4           val=   2.75115
   2 k  1.0000000000000 stre    1    5           val=   2.75145
   3 k  1.0000000000000 stre    1    3           val=   2.75246
   4 k  0.3924830326051 bend    5    4    1      val=   0.45308
       -0.7946935160036 bend    3    4    1
        0.4000698814179 bend    3    5    1
       -0.0947174560393 bend    9    4    1
        0.1924231295602 bend    9    5    1
       -0.0914621093839 bend    9    3    1
   5 k -0.6902405674948 bend    5    4    1      val=   0.14813
        0.0040833135324 bend    3    4    1
        0.6841111922652 bend    3    5    1
       -0.1646667944990 bend    9    4    1
        0.0014762611017 bend    9    5    1
        0.1685996132709 bend    9    3    1
   6 k  1.0000000000000 stre    1    9           val= 100.56414
   7 k  1.0000000000000 tors    4    1    2    6 val=   2.38883
        1.0000000000000 tors    4    1    2    7
        1.0000000000000 tors    4    1    2    8
        1.0000000000000 tors    5    1    2    6
        1.0000000000000 tors    5    1    2    7
        1.0000000000000 tors    5    1    2    8
        1.0000000000000 tors    3    1    2    6
        1.0000000000000 tors    3    1    2    7
        1.0000000000000 tors    3    1    2    8
   8 k -0.2847322199983 bend    5    4    1      val=  23.58913
       -0.2826553125721 bend    3    4    1
       -0.2889583702120 bend    3    5    1
        0.5037816679213 bend    9    4    1
        0.5004480706749 bend    9    5    1
        0.5012906911944 bend    9    3    1
   9 k  0.0101363712657 bend    5    4    1      val=   0.05923
        0.1600717187133 bend    3    4    1
       -0.1713953966797 bend    3    5    1
       -0.7049807126713 bend    9    4    1
        0.6681340986783 bend    9    5    1
        0.0386902802716 bend    9    3    1
  10 k  0.1909106300699 bend    5    4    1      val=   0.04201
       -0.1024168038331 bend    3    4    1
       -0.0886024517390 bend    3    5    1
       -0.3626951274943 bend    9    4    1
       -0.4297125676539 bend    9    5    1
        0.7931033279825 bend    9    3    1
  11 k  1.0000000000000 linc    2    1    9    4 val=  -0.58102
        11 non zero eigenvalues  of BmBt
           1           3.453864815    1    0
         1
           2           3.004275229    2    0
         2
           3           1.767566616    3    0
         3
           4           1.049767259    4    0
         4
           5           0.893588808    5    0
         5
           6           0.816374306    6    0
         6
           7           0.511921050    7    0
         7
           8           0.490609176    8    0
         8
           9           0.194916885    9    0
         9
          10           0.110673784   10    0
        10
          11           0.083767738   11    0
        11
$user-defined bonds
$end
