$coord
       -1.02061324703746        2.91050964208859       -1.46338740761674      C
       -1.02061324703746        2.91050964208859        1.46338740761674      C
       -0.30782424033162        0.47697563523423       -2.85775019762867      C
       -0.30782424033162        0.47697563523423        2.85775019762867      C
        2.47454791559272       -0.29547430007994        2.46479662499381      C
       -2.17402558151662       -1.69828952358226        2.42142041558262      C
       -2.17402558151662       -1.69828952358226       -2.42142041558262      C
        2.47454791559272       -0.29547430007994       -2.46479662499381      C
        3.68599988934851        0.59416707535822        0.00000000000000      C
       -1.83254130773245       -3.20702239380992        0.00000000000000      C
        0.24488360948185        4.40175055096241       -2.12529692400150      H
       -2.89992652098271        3.44977790341202       -2.12389259527595      H
        0.24488360948185        4.40175055096241        2.12529692400150      H
       -2.89992652098271        3.44977790341202        2.12389259527595      H
       -0.50803757841025        0.95033659568115       -4.86010320520467      H
       -0.50803757841025        0.95033659568115        4.86010320520467      H
        2.65880764995888       -2.34546349373084        2.63724134794784      H
        3.59597372507916        0.49978747727605        4.00423762186956      H
       -2.00640895535030       -3.00272420497995        4.01508146260666      H
       -4.09841862950188       -0.94126519611036        2.49013103586302      H
       -2.00640895535030       -3.00272420497995       -4.01508146260666      H
       -4.09841862950188       -0.94126519611036       -2.49013103586302      H
        2.65880764995888       -2.34546349373084       -2.63724134794784      H
        3.59597372507916        0.49978747727605       -4.00423762186956      H
        5.66333851440617       -0.00033179209093        0.00000000000000      H
        3.72538559669788        2.65822268513664        0.00000000000000      H
        0.02982553208687       -4.09460895380371        0.00000000000000      H
       -3.18992451877054       -4.76226879313248        0.00000000000000      H
$end
