$coord
    -2.932476792    -2.394556840    -0.632999625     C 
    -3.402249445    -0.090478191    -0.010746872     C 
    -0.866666134    -1.090628899     0.852859796     C 
    -5.005959738     2.182077940    -0.002231766     C 
     1.497159982    -0.256484950    -0.379557134     C 
     3.726702170    -0.049803728     0.763496543     C 
    -0.639621225    -1.573395308     2.844026277     H 
    -6.756197494     1.880084608    -1.045434212     H 
    -3.997214555     3.773814928    -0.843411166     H 
    -5.474076991     2.725362823     1.933732040     H 
     1.343296602     0.211734349    -2.375899575     H 
     3.853032242    -0.529164851     2.757238721     H 
    -3.466626740    -4.115738170    -1.570252694     H 
     6.122814254     0.795283624    -0.476870464     C 
     7.585705945    -0.659567283    -0.357434112     H 
     5.822988439     1.235183489    -2.467398218     H 
     6.892760432     2.479214675     0.441128187     H 
$end
