$coord
       -2.63996252545032       -0.09250209420474        0.91799116083318      C
       -2.99776894062927        1.33037286672990        2.36509052106528      H
       -5.06901082748312       -0.80130057212749       -0.00813338127593      O
       -0.96116006461283        1.00044747091552       -1.14929174977226      C
       -0.58606643477021       -0.46546222324333       -2.55312394046580      H
       -2.01004499576646        2.50255675887593       -2.09560045670673      H
        1.55038234202497        2.04439832713619       -0.16545308183867      C
        1.20026522248071        3.54675516922002        1.21155066694632      H
        2.57702330686842        2.91955695544140       -1.73176770488999      H
       -4.81482754480093       -2.14516419372007       -1.20302044318246      H
       -1.71926527679483       -1.70110878811005        1.82994842612407      H
        3.24973746428371        0.06626891602804        1.06742692396952      C
        5.02828156014103        0.94287696427716        1.65244078128372      H
        2.36626971017221       -0.70766086279076        2.75584431137112      H
        3.71168857637215       -2.05809317242122       -0.52620180060654      O
        4.62073188396612       -1.45924840954043       -1.98072400508862      H
$end
