$coord
    1.56491275847047     -0.39984845602845      2.27665185367569      c
    2.72554886014352     -2.55047928646208      0.00000000000000      s
   -2.36042779165086     -1.03975849243334      1.32688859036265      c
    1.73974214001776      2.09695328327036      1.29726152170389      c
    1.56491275847047     -0.39984845602845     -2.27665185367569      c
   -2.36042779165086     -1.03975849243334     -1.32688859036265      c
    1.73974214001776      2.09695328327036     -1.29726152170389      c
    1.80797068174706     -0.86882827119417      4.25216506169181      h
   -2.48032266449557     -2.82247210935360      2.32490353909612      h
   -3.17018623022577      0.54885509298876      2.33093631159576      h
    1.53553667606518      3.76033859598149      2.47041356256783      h
    1.80797068174706     -0.86882827119417     -4.25216506169181      h
   -2.48032266449557     -2.82247210935360     -2.32490353909612      h
   -3.17018623022577      0.54885509298876     -2.33093631159576      h
    1.53553667606518      3.76033859598149     -2.47041356256783      h
$user-defined bonds
$redundant
     number_of_atoms            15
     degrees_of_freedom         20
     internal_coordinates       26
     frozen_coordinates          0
# definitions of redundant internals
   1 k  1.0000000000000 stre    1    8           val=   2.04491
   2 k  1.0000000000000 stre    3    9           val=   2.04658
   3 k  1.0000000000000 stre    3   10           val=   2.04634
   4 k  1.0000000000000 stre    4   11           val=   2.04569
   5 k  0.6507558598269 bend    9   10    3      val=   9.96940
       -0.4719566620447 bend    6   10    3
       -0.4363853390441 bend    6    9    3
        0.2947114259831 bend    1   10    3
        0.2765623461626 bend    1    9    3
   6 k -0.7278137552952 bend    4    8    1      val=   2.14782
        0.6733440772808 bend    2    8    1
        0.1299803492606 bend    3    8    1
   7 k  0.7076306302503 bend    7   11    4      val=   1.24995
       -0.7065825437495 bend    1   11    4
   8 k  1.0000000000000 outp   11    1    7    4 val=  -8.99656
   9 k -0.5547424958035 bend    9   10    3      val=  24.25170
       -0.0357642795810 bend    6   10    3
       -0.0192084407133 bend    6    9    3
        0.5902374226196 bend    1   10    3
        0.5850064105636 bend    1    9    3
  10 k -0.1909943989046 bend    4    8    1      val=  19.45048
       -0.3810669124211 bend    2    8    1
        0.9046044151147 bend    3    8    1
  11 k  0.0091239449907 bend    9   10    3      val=  -0.93223
        0.1768941822778 bend    6   10    3
       -0.1935637079472 bend    6    9    3
       -0.6727036178930 bend    1   10    3
        0.6918295565698 bend    1    9    3
  12 k -0.0031578993825 bend    9   10    3      val=   0.26977
       -0.6673920316833 bend    6   10    3
        0.6968201743977 bend    6    9    3
       -0.1951061198575 bend    1   10    3
        0.1759350740010 bend    1    9    3
  13 k  1.0000000000000 stre    1    4           val=   2.68771
  14 k  1.0000000000000 stre    1    2           val=   3.33997
  15 k  1.0000000000000 stre    3    6           val=   2.65378
  16 k  1.0000000000000 stre    4    7           val=   2.59452
  17 k  1.0000000000000 bend    2    4    1      val= 109.09768
  18 k  1.0000000000000 bend    5    1    2      val=  85.94346
  19 k  1.0000000000000 bend    1    7    4      val= 111.37040
  20 k  1.0000000000000 tors    7    4    1    2 val= -24.03202
        1.0000000000000 tors    7    4    1    3
  21 k  1.0000000000000 tors    5    2    1    3 val=  17.67006
        1.0000000000000 tors    5    2    1    4
  22 k  1.0000000000000 stre    1    3           val=   4.08899
  23 k  0.7929481115018 bend    3    4    1      val=  95.85771
        0.6092891698247 bend    3    2    1
  24 k -0.6092891698247 bend    3    4    1      val=  11.12914
        0.7929481115018 bend    3    2    1
  25 k  1.0000000000000 bend    1    6    3      val= 103.43095
  26 k  1.0000000000000 tors    6    3    1    2 val=  11.03859
        1.0000000000000 tors    6    3    1    4
        20 non zero eigenvalues  of BmBt
           1           2.576601748    1    0
         1
           2           2.420718276    2    0
         2
           3           2.213933039    3    0
         3
           4           2.036632172    4    0
         4
           5           1.460436994    5    0
         5
           6           1.126616574    6    0
         6
           7           1.002460325    7    0
         7
           8           0.960963686    8    0
         8
           9           0.764541402    9    0
         9
          10           0.581464010   10    0
        10
          11           0.327256680   11    0
        11
          12           0.248352838   12    0
        12
          13           1.233047133   13    0
        13
          14           1.007107976   14    0
        14
          15           0.598900383   15    0
        15
          16           0.531101717   16    0
        16
          17           0.401146208    0    0
         0.000000000         0.000000000         0.000000000         0.000000000
         0.000000000         0.000000000         0.000000000         0.000000000
         0.000000000         0.000000000         0.000000000         0.000000000
         0.000000000         0.000000000         0.000000000         0.000000000
         0.776168051        -0.518873173        -0.358237054         0.000000000
         0.000000000         0.000000000         0.000000000         0.000000000
         0.000000000         0.000000000
          18           0.712537441    0    0
         0.000000000         0.000000000         0.000000000         0.000000000
         0.000000000         0.000000000         0.000000000         0.000000000
         0.000000000         0.000000000         0.000000000         0.000000000
         0.000000000         0.000000000         0.000000000         0.000000000
         0.000000000         0.000000000         0.000000000        -0.447884386
         0.894091481         0.000000000         0.000000000         0.000000000
         0.000000000         0.000000000
          19           0.614568055    0    0
         0.000000000         0.000000000         0.000000000         0.000000000
         0.000000000         0.000000000         0.000000000         0.000000000
         0.000000000         0.000000000         0.000000000         0.000000000
         0.000000000         0.000000000         0.000000000         0.000000000
         0.000000000         0.000000000         0.000000000         0.000000000
         0.000000000         0.981377856        -0.001022371         0.173295740
        -0.057040538         0.060095109
          20           0.096156621    0    0
         0.000000000         0.000000000         0.000000000         0.000000000
         0.000000000         0.000000000         0.000000000         0.000000000
         0.000000000         0.000000000         0.000000000         0.000000000
         0.000000000         0.000000000         0.000000000         0.000000000
         0.000000000         0.000000000         0.000000000         0.000000000
         0.000000000         0.166792957         0.403555116        -0.841874798
        -0.028084420        -0.315882048
$end
