$coord
    4.40055163815385     -0.15189116011538      1.61340058942308      c
    2.37100860115385     -1.95277357311538      0.62602631842308      c
    0.34947422315385     -0.65769332911538     -1.00405510057692      c
   -1.62884968084615      0.91009327288462      0.47485957742308      c
   -3.98114468884615     -0.81543253711538      0.50502149442308      c
   -3.88773931284615     -2.59250818111538      2.53478940842308      o
   -3.69461309584615     -2.26294374811538     -1.96300033357692      c
    5.73814126815385      1.06752445488462     -0.37529224057692      o
   -2.31734110984615      3.17334628188462     -0.79222815557692      o
    3.68546987515385     -3.79109901611538     -0.85373495657692      o
   -1.03261278484615     -2.63520654011538     -2.28567293657692      o
   -0.50728029784615      5.15245064188462     -0.58262919757692      c
    3.56096149815385      1.34576204088462      2.76570069642308      h
    5.69914488215385     -1.23475328511538      2.82007945142308      h
    1.43863102515385     -2.87708957711538      2.23954806842308      h
    1.26932480515385      0.52298290388462     -2.43399563957692      h
   -1.00212205584615      1.34433151788462      2.41112573942308      h
   -5.71319194284615      0.31813471588462      0.56579508142308      h
   -4.25404568884615     -1.73101044811538      4.10207712242308      h
   -4.60963164884615     -4.11240345711538     -1.90197163257692      h
   -4.45552638384615     -1.14756510811538     -3.53912629657692      h
    6.32590274315385     -0.25446170711538     -1.49788774457692      h
    2.42109956815385     -4.70000808511538     -1.82016539457692      h
   -0.24770186684615      5.70818693088462      1.40440256442308      h
    1.33397233115385      4.61838195188461     -1.37393872757692      h
   -1.26188190084615      6.75564503988462     -1.63912775557692      h
$redundant
     number_of_atoms            26
     degrees_of_freedom         72
     internal_coordinates       72
     frozen_coordinates          0
# definitions of redundant internals
   1 k  1.0000000000000 stre    1   13           val=   2.06777
   2 k  1.0000000000000 stre    1   14           val=   2.07726
   3 k -0.0015641111652 bend   14   13    1      val=   0.34984
        0.4789975014196 bend    8   13    1
        0.5277929017641 bend    8   14    1
       -0.5135532538566 bend    2   13    1
       -0.4777621327510 bend    2   14    1
   4 k -0.0022759570252 bend   14   13    1      val=   0.35562
        0.5473498660666 bend    8   13    1
       -0.4961258312576 bend    8   14    1
        0.4594221827957 bend    2   13    1
       -0.4931463896762 bend    2   14    1
   5 k  0.9022792018825 bend   14   13    1      val=   2.06526
       -0.2248583751036 bend    8   13    1
       -0.2002055574143 bend    8   14    1
       -0.1979748750756 bend    2   13    1
       -0.2367586040996 bend    2   14    1
   6 k -0.0247088297137 bend   14   13    1      val=   2.79185
       -0.4676343357107 bend    8   13    1
        0.4853422479484 bend    8   14    1
        0.5355510635709 bend    2   13    1
       -0.5082672156092 bend    2   14    1
   7 k  1.0000000000000 stre    2   15           val=   2.08018
   8 k  0.3641760319287 bend   10   15    2      val=   3.80638
        0.4838841972345 bend    1   15    2
       -0.7957586954821 bend    3   15    2
   9 k  0.7520996137865 bend   10   15    2      val=   3.43491
       -0.6567376492934 bend    1   15    2
       -0.0551527963279 bend    3   15    2
  10 k  1.0000000000000 stre    3   16           val=   2.06999
  11 k  0.0329202864900 bend   11   16    3      val=   0.74651
       -0.7200697191500 bend    2   16    3
        0.6931203750437 bend    4   16    3
  12 k  0.8478187124948 bend   11   16    3      val=   6.05262
       -0.3471219390300 bend    2   16    3
       -0.4008862559228 bend    4   16    3
  13 k  1.0000000000000 stre    4   17           val=   2.08098
  14 k -0.7731737409498 bend    9   17    4      val=   3.82056
        0.2183551301097 bend    5   17    4
        0.5954186791329 bend    3   17    4
  15 k -0.1921491121763 bend    9   17    4      val=   4.91561
        0.8140732682033 bend    5   17    4
       -0.5480542242211 bend    3   17    4
  16 k  1.0000000000000 stre    5   18           val=   2.07091
  17 k -0.7887973620994 bend    6   18    5      val=   5.09502
        0.3894090422437 bend    7   18    5
        0.4755621088395 bend    4   18    5
  18 k -0.0393600806953 bend    6   18    5      val=   3.25807
        0.7401186180507 bend    7   18    5
       -0.6713234803449 bend    4   18    5
  19 k  1.0000000000000 tors   19    6    5    4 val= 130.57355
        1.0000000000000 tors   19    6    5    7
  20 k  1.0000000000000 stre    6   19           val=   1.82558
  21 k  1.0000000000000 bend    5   19    6      val= 109.14375
  22 k  1.0000000000000 stre    7   20           val=   2.06434
  23 k  1.0000000000000 stre    7   21           val=   2.07539
  24 k  0.0370559326647 bend   21   20    7      val=   1.15183
        0.4832773081837 bend   11   20    7
        0.5166305767099 bend   11   21    7
       -0.5216716761645 bend    5   20    7
       -0.4754170913473 bend    5   21    7
  25 k  0.0186226978920 bend   21   20    7      val=   0.02978
       -0.5305250294665 bend   11   20    7
        0.4819119641820 bend   11   21    7
       -0.4765607146471 bend    5   20    7
        0.5087702155846 bend    5   21    7
  26 k -0.8832297581656 bend   21   20    7      val=   3.20773
        0.2450824638022 bend   11   20    7
        0.2532835078930 bend   11   21    7
        0.2003721089470 bend    5   20    7
        0.2356655740935 bend    5   21    7
  27 k -0.0093564671393 bend   21   20    7      val=   1.71638
       -0.4840262893672 bend   11   20    7
        0.5027521800310 bend   11   21    7
        0.5084451757936 bend    5   20    7
       -0.5043359558968 bend    5   21    7
  28 k  1.0000000000000 tors   22    8    1    2 val= -52.25705
  29 k  1.0000000000000 stre    8   22           val=   1.83121
  30 k  1.0000000000000 bend    1   22    8      val= 106.59801
  31 k  1.0000000000000 tors   23   10    2    1 val=  74.91345
        1.0000000000000 tors   23   10    2    3
  32 k  1.0000000000000 stre   10   23           val=   1.83269
  33 k  1.0000000000000 bend    2   23   10      val= 106.89805
  34 k  1.0000000000000 tors   26   12    9    4 val=  59.36571
        1.0000000000000 tors   25   12    9    4
        1.0000000000000 tors   24   12    9    4
  35 k  1.0000000000000 stre   12   26           val=   2.06297
  36 k  1.0000000000000 stre   12   25           val=   2.07403
  37 k  1.0000000000000 stre   12   24           val=   2.07955
  38 k  0.4011893035279 bend   25   26   12      val=   0.34956
        0.3780202054063 bend   24   26   12
        0.4519153836899 bend   24   25   12
       -0.4161963012654 bend    9   26   12
       -0.3981842476061 bend    9   25   12
       -0.4001878268954 bend    9   24   12
  39 k  0.3019585958964 bend   25   26   12      val=   1.82517
        0.4412760863503 bend   24   26   12
       -0.6518661858378 bend   24   25   12
        0.4239405636843 bend    9   26   12
       -0.2750749113893 bend    9   25   12
       -0.1837800025250 bend    9   24   12
  40 k -0.6661498382219 bend   25   26   12      val=   0.24790
        0.5898244463483 bend   24   26   12
        0.0913249284491 bend   24   25   12
       -0.0457726906877 bend    9   26   12
       -0.2946870434794 bend    9   25   12
        0.3332801826740 bend    9   24   12
  41 k  0.2148391735763 bend   25   26   12      val=   1.91046
        0.2382445921191 bend   24   26   12
       -0.4301157825324 bend   24   25   12
       -0.6942041762680 bend    9   26   12
        0.3439715681070 bend    9   25   12
        0.3344371083264 bend    9   24   12
  42 k -0.3126615334085 bend   25   26   12      val=   0.43250
        0.3213590505411 bend   24   26   12
       -0.0004650624622 bend   24   25   12
        0.0125497988811 bend    9   26   12
        0.6217292881983 bend    9   25   12
       -0.6420795158105 bend    9   24   12
  43 k  1.0000000000000 stre    5    6           val=   2.69939
  44 k -0.6639721431799 bend    7    6    5      val=   8.30987
        0.7477573089453 bend    4    6    5
  45 k  0.7477573089453 bend    7    6    5      val= 109.77396
        0.6639721431799 bend    4    6    5
  46 k  1.0000000000000 tors    8    1    2    3 val= -59.91143
  47 k  1.0000000000000 stre    1    8           val=   2.68906
  48 k  1.0000000000000 bend    2    8    1      val= 112.30706
  49 k  1.0000000000000 stre    2   10           val=   2.70129
  50 k -0.6785675329608 bend    1   10    2      val=   6.22344
        0.7345380202628 bend    3   10    2
  51 k  0.7345380202628 bend    1   10    2      val= 107.53259
        0.6785675329608 bend    3   10    2
  52 k  1.0000000000000 tors   12    9    4    3 val=  45.73722
        1.0000000000000 tors   12    9    4    5
  53 k  1.0000000000000 stre    9   12           val=   2.69019
  54 k  1.0000000000000 bend    4   12    9      val= 114.26964
  55 k  1.0000000000000 tors    1    2    3    4 val=  45.18377
        1.0000000000000 tors    1    2    3   11
  56 k  1.0000000000000 stre    2    1           val=   2.88741
  57 k  1.0000000000000 bend    3    1    2      val= 113.79039
  58 k  1.0000000000000 stre    4    9           val=   2.68363
  59 k -0.6216017264174 bend    5    9    4      val=  15.40672
        0.7833334498890 bend    3    9    4
  60 k  0.7833334498890 bend    5    9    4      val= 109.69417
        0.6216017264174 bend    3    9    4
  61 k  1.0000000000000 stre    3    2           val=   2.90190
  62 k -0.7044903112760 bend   11    2    3      val=   4.51014
        0.7097136051382 bend    4    2    3
  63 k  0.7097136051382 bend   11    2    3      val= 111.11636
        0.7044903112760 bend    4    2    3
  64 k  1.0000000000000 stre    3   11           val=   2.73190
  65 k  1.0000000000000 stre   11    7           val=   2.70720
  66 k  1.0000000000000 stre    7    5           val=   2.87550
  67 k  1.0000000000000 stre    5    4           val=   2.91747
  68 k  1.0000000000000 stre    4    3           val=   2.92556
  69 k -0.8090169943749 bend    3    7   11      val=  -0.65403
        0.3090169943749 bend   11    5    7
        0.3090169943750 bend    7    4    5
       -0.8090169943750 bend    5    3    4
        1.0000000000000 bend    4   11    3
  70 k  0.5877852522925 bend    3    7   11      val=   0.12839
       -0.9510565162952 bend   11    5    7
        0.9510565162952 bend    7    4    5
       -0.5877852522925 bend    5    3    4
  71 k -0.8090169943749 tors    7    5    4    3 val=  27.30244
        0.3090169943749 tors    5    4    3   11
        0.3090169943750 tors    4    3   11    7
       -0.8090169943750 tors    3   11    7    5
        1.0000000000000 tors   11    7    5    4
  72 k  0.5877852522925 tors    7    5    4    3 val=  -3.63713
       -0.9510565162952 tors    5    4    3   11
        0.9510565162952 tors    4    3   11    7
       -0.5877852522925 tors    3   11    7    5
        72 non zero eigenvalues  of BmBt
           1           5.365093299    1    0
         1
           2           5.284963903    2    0
         2
           3           5.043032212    3    0
         3
           4           4.486380051    4    0
         4
           5           4.011062353    5    0
         5
           6           3.825488342    6    0
         6
           7           3.781646589    7    0
         7
           8           3.745550401    8    0
         8
           9           3.538499979    9    0
         9
          10           3.367984493   10    0
        10
          11           3.298845444   11    0
        11
          12           3.260879870   12    0
        12
          13           2.996660457   13    0
        13
          14           2.917948242   14    0
        14
          15           2.827291987   15    0
        15
          16           2.714403397   16    0
        16
          17           2.408925190   17    0
        17
          18           2.389399633   18    0
        18
          19           2.329282461   19    0
        19
          20           2.204434766   20    0
        20
          21           2.074513741   21    0
        21
          22           1.937581523   22    0
        22
          23           1.803038109   23    0
        23
          24           1.742665350   24    0
        24
          25           1.516428225   25    0
        25
          26           1.513518071   26    0
        26
          27           1.417833911   27    0
        27
          28           1.227213623   28    0
        28
          29           1.181949045   29    0
        29
          30           1.160606055   30    0
        30
          31           1.066061090   31    0
        31
          32           1.037319838   32    0
        32
          33           0.918186048   33    0
        33
          34           0.914085567   34    0
        34
          35           0.812122358   35    0
        35
          36           0.776706527   36    0
        36
          37           0.758921865   37    0
        37
          38           0.741687473   38    0
        38
          39           0.703061962   39    0
        39
          40           0.695892192   40    0
        40
          41           0.694598851   41    0
        41
          42           0.541561836   42    0
        42
          43           0.508733998   43    0
        43
          44           0.440168645   44    0
        44
          45           0.399620600   45    0
        45
          46           0.383855465   46    0
        46
          47           0.336655525   47    0
        47
          48           0.330672741   48    0
        48
          49           0.316153124   49    0
        49
          50           0.311203135   50    0
        50
          51           0.293218403   51    0
        51
          52           0.290989198   52    0
        52
          53           0.275317505   53    0
        53
          54           0.265958985   54    0
        54
          55           0.253507091   55    0
        55
          56           0.241369514   56    0
        56
          57           0.235553334   57    0
        57
          58           0.195774631   58    0
        58
          59           0.142002652   59    0
        59
          60           0.126468805   60    0
        60
          61           0.121380993   61    0
        61
          62           0.088981460   62    0
        62
          63           0.073502333   63    0
        63
          64           0.060981599   64    0
        64
          65           0.058328013   65    0
        65
          66           0.040385684   66    0
        66
          67           0.033564441   67    0
        67
          68           0.027125625   68    0
        68
          69           0.018817369   69    0
        69
          70           0.013580853   70    0
        70
          71           0.012368051   71    0
        71
          72           0.004167433   72    0
        72
$user-defined bonds
$end
