$coord
        1.77732166088172        1.19795628089546       -1.24698600900719      C
        0.56653945399808       -1.24347233888186       -0.07128768671402      C
        2.35783693693006       -1.84385583319498        2.15569357713357      C
        4.34314837986323        0.38817058032069        2.16711256823173      C
        6.73419356224287       -0.29537331954860        0.48978444190247      C
        3.76049012133619        0.17687048967693       -3.09934413257426      C
        3.05125896787195        2.35731654596099        0.84834945077668      O
        5.03315773171918        1.31481478450274        4.80090554371362      C
       -0.00634917218617        3.18264781241397       -2.31653851687445      C
        6.03620773521228       -0.61200340704162       -2.27040207870252      C
        0.69792587626310       -1.76231163574089        4.43484219651303      N
       -1.51780863538578       -1.20663202881538        3.82883804157175      N
       -1.80770919946498       -0.84167941790597        1.27616246832168      N
       -6.93444517420160       -1.06340195090724       -3.51131964053174      C
       -9.06046738958463       -0.55406611729128       -2.03204458670565      C
       -8.75334554049759       -0.14470082568180        0.56492848913285      C
       -6.36798721724215       -0.22678269442302        1.67839308506267      C
       -4.23068723583262       -0.74689091798209        0.18122179103427      C
       -4.52999471395989       -1.16478694019926       -2.42525468542322      C
        0.37402388017020       -2.75821759439716       -1.46473684859134      H
        3.26373480783080       -3.69295665769884        2.09473033194123      H
        8.21685962018238       -3.17395290737833        1.74029597439779      Cl
        9.12266590211749        2.25516974759400        0.62836774212441      Cl
        2.78618529879036       -0.25467687382859       -6.22836850858503      Cl
        6.05063949105050       -0.16248505996924        5.82885887319887      H
        3.29579620429071        1.75458261386885        5.82430559768237      H
        6.20830079003786        3.00603676443803        4.67243924832310      H
       -1.11796323052185        2.44352716797193       -3.88685196156309      H
        1.09572742031731        4.81182806795664       -2.96023068267327      H
       -1.28784051836482        3.77388508296053       -0.80652743765511      H
        8.33139624161672       -1.84113244451737       -4.30089307081487      Cl
       -7.13249727369402       -1.38989331390598       -5.53194489542541      H
      -10.92811050520142       -0.47456693297292       -2.88549625611804      H
      -10.38992500052251        0.25593388738334        1.74387054562543      H
       -2.90260500807776       -1.55475802089006       -3.61147323775053      H
       -6.13567426798525        0.08985740722854        3.69060026902211      H
$end
