$coord
    1.26002335247734      3.88220365575110      0.28303723360982       s
   -3.06289519280802      1.51730568621327     -0.04827439311339       n
    0.46290198861758     -0.99068753554901     -0.89068706612480       n
   -0.52975820460862      1.42154803885115     -0.22768592259284       c
   -4.12749154698605     -0.03841351468961     -0.22083071496486       h
   -3.88287553047525      3.13261709464499      0.50308213882207       h
   -0.05326607238470     -1.44300060258086     -2.67440623800455       h
   -0.14865906563848     -3.02219716666910      0.86738919219030       c
    0.96868289776575     -5.49760900105934     -0.01900580196505       c
    0.65300360432473     -2.49766882243027      2.68680431483388       h
   -2.18771484253641     -3.26937195017190      1.16517969905411       h
    3.01366702363549     -5.38685485575003     -0.13569214532643       h
    0.46200211000843     -7.00844343396764      1.27448428833011       h
    0.24122307114893     -6.00495380098670     -1.87649803270574       h
$end
