$coord
       -2.12264173838825        0.68225383758684       -0.07475608021896      C
       -0.04815489104681       -1.18804981433437        0.78771939516136      C
        1.96799288133443        0.76942312603123       -0.12018067328220      C
       -0.11991883521632        2.82324712987584       -0.00465526334078      C
       -0.18917600953864       -3.74655672967739       -0.17696908335348      N
       -3.80746040726331        0.86026390008120        1.09911154037401      H
       -2.70935066771294        0.26848170866648       -2.01272171960589      H
       -0.02259160385041       -1.29536355374676        2.85138395652106      H
        2.53390994888886        0.37746056196934       -2.06903835070012      H
        3.66331333687316        1.02738032878130        1.02742810889048      H
       -0.12175199147321        3.81335064331140        1.80486374797169      H
       -0.16666063645253        4.22059263509516       -1.51741950101662      H
       -0.08964695720206       -3.77146276976669       -2.09174245388429      H
        1.23213757104804       -4.84102100387362        0.49697637648367      H
$end
