$coord
       -0.06570351185880        0.55668536591915        0.10806883227714      H
       -0.03215239757836        0.49503343255844        2.15627249147851      C
        2.27001649258616        0.54012928062716        3.43938096814397      C
        2.31123180504852        0.47093151397056        6.07217445846121      C
        0.05281763376483        0.35689104506828        7.42277671116282      C
       -2.24813712625658        0.31112873594593        6.14229337401101      C
       -2.29209560485769        0.38033570178935        3.50904380962997      C
        4.02645304335254        0.62857302733481        2.38819955675597      H
        4.10060616325834        0.50318415774083        7.06897338032990      H
        0.08611610110993        0.30011609612433        9.47033004379226      H
       -4.00425804929505        0.21961035946662        7.19318643208841      H
       -4.08184358649044        0.34713176799404        2.51216200248334      H
$end
