$coord
       -0.01898828704501       -2.46404696107867        0.00000000000000      N
       -0.02281078013403       -4.37401658874095        0.00000000000000      H
       -2.39576703993189       -1.29535941336736        0.00000000000000      C
       -4.31960717212649       -2.56254697738912        0.00000000000000      O
       -2.26017180228501        1.44476465139215        0.00000000000000      C
       -3.99244923574589        2.51012117782830        0.00000000000000      H
        0.01262059218944        2.59629366518490        0.00000000000000      C
        0.21254789970972        4.62702118978706        0.00000000000000      H
        2.22525392634973        1.25830277097955        0.00000000000000      N
        3.90970592924830        2.13875252197545        0.00000000000000      H
        2.33701191596265       -1.35381200824557        0.00000000000000      C
        4.31265405380843       -2.52547402832576        0.00000000000000      O
$end
