$coord
       -1.22579692459839        2.30753138104892        2.91510953619209      C
       -2.66756550451086        0.10072220898199        2.63538591502518      C
       -1.40787342478673       -2.21178553238023        2.92390209010302      C
        1.22579692459839       -2.30753138104892        2.91510953619209      C
        2.66756550451086       -0.10072220898199        2.63538591502518      C
        5.27776327059376       -0.22611292170812        1.49973372106320      C
       -5.27776327059376        0.22611292170812        1.49973372106320      C
        5.27776327059376        0.22611292170812       -1.49973372106320      C
       -5.27776327059376       -0.22611292170812       -1.49973372106320      C
        2.66756550451086        0.10072220898199       -2.63538591502518      C
        1.40787342478673       -2.21178553238023       -2.92390209010302      C
       -1.22579692459839       -2.30753138104892       -2.91510953619209      C
       -2.66756550451086       -0.10072220898199       -2.63538591502518      C
       -1.40787342478673        2.21178553238023       -2.92390209010302      C
        1.22579692459839        2.30753138104892       -2.91510953619209      C
        1.40787342478673        2.21178553238023        2.92390209010302      C
       -2.17205873995501        4.14031983098413        2.84354201109635      H
       -2.48540517203528       -3.97104796873234        2.86132995753878      H
        2.17205873995501       -4.14031983098413        2.84354201109635      H
        6.53839082018646        1.19038237122144        2.35033396980889      H
        6.09965180150990       -2.09648551042666        1.87520622029760      H
       -6.09965180150990        2.09648551042666        1.87520622029760      H
       -6.53839082018646       -1.19038237122144        2.35033396980889      H
        6.09965180150990        2.09648551042666       -1.87520622029760      H
        6.53839082018646       -1.19038237122144       -2.35033396980889      H
       -6.53839082018646        1.19038237122144       -2.35033396980889      H
       -6.09965180150990       -2.09648551042666       -1.87520622029760      H
        2.48540517203528       -3.97104796873234       -2.86132995753878      H
       -2.17205873995501       -4.14031983098413       -2.84354201109635      H
       -2.48540517203528        3.97104796873234       -2.86132995753878      H
        2.17205873995501        4.14031983098413       -2.84354201109635      H
        2.48540517203528        3.97104796873234        2.86132995753878      H
$end
