$coord
        3.76167197441221       -0.20484690774615       -2.76888172114229      O
        2.51388898643401       -1.60019510640934       -2.89213486929417      H
        5.10894922751366       -0.58646738778441       -3.92352498796666      H
       -0.20484690774615       -3.76167197441221        2.76888172114229      O
       -0.58646738778441       -5.10894922751366        3.92352498796666      H
       -1.60019510640934       -2.51388898643401        2.89213486929417      H
       -3.66371260147265       -0.04833093407068        2.64865757706982      O
       -4.10536697558076        0.04981469026766        0.86619276245390      H
       -2.64339429319830        1.44950336288389        2.95640989441902      H
        0.04833093407068       -3.66371260147265       -2.64865757706982      O
       -0.04981469026766       -4.10536697558076       -0.86619276245390      H
       -1.44950336288389       -2.64339429319830       -2.95640989441902      H
       -0.04833093407068        3.66371260147265       -2.64865757706982      O
        1.44950336288389        2.64339429319830       -2.95640989441902      H
        0.04981469026766        4.10536697558076       -0.86619276245390      H
        0.20484690774615        3.76167197441221        2.76888172114229      O
        1.60019510640934        2.51388898643401        2.89213486929417      H
        0.58646738778441        5.10894922751366        3.92352498796666      H
       -3.76167197441221        0.20484690774615       -2.76888172114229      O
       -2.51388898643401        1.60019510640934       -2.89213486929417      H
       -5.10894922751366        0.58646738778441       -3.92352498796666      H
        3.66371260147265        0.04833093407068        2.64865757706982      O
        4.10536697558076       -0.04981469026766        0.86619276245390      H
        2.64339429319830       -1.44950336288389        2.95640989441902      H
$end
