$coord
   -2.16943092081818     -1.09557936936364      0.05897260536364      c
   -2.04131951581818      1.47762453663636      0.04986995536364      c
    2.46691904218182      2.13768809763636      0.22192435636364      n
    2.97696387418182     -0.18124392136364      0.00841057636364      n
    2.00949366318182     -2.25786779636364      0.00904402336364      c
   -2.48210794581818     -2.11272065336364      1.81111472936364      h
   -2.54761327781818     -2.13535260536364     -1.66226924063636      h
   -2.10470197381818      2.55904850363636      1.78120942036364      h
   -2.19739552781818      2.53944783763636     -1.69295568963636      h
    3.34657479118182      3.13766170863636     -1.18077177963636      h
    2.74261779118182     -4.06870633836364      0.59545104336364      h
$user-defined bonds
$redundant
     number_of_atoms            11
     degrees_of_freedom         27
     internal_coordinates       27
     frozen_coordinates          0
# definitions of redundant internals
   1 k  1.0000000000000 stre    1    7           val=   2.04617
   2 k  1.0000000000000 stre    1    6           val=   2.04996
   3 k  0.7108577833471 bend    6    7    1      val=  13.30025
       -0.4355340248861 bend    2    7    1
       -0.4127813138305 bend    2    6    1
        0.2593417387223 bend    5    7    1
        0.2595087176381 bend    5    6    1
   4 k  0.0098461743781 bend    6    7    1      val=   0.43792
        0.6855216778447 bend    2    7    1
       -0.7000463157167 bend    2    6    1
        0.1462124182369 bend    5    7    1
       -0.1360888190116 bend    5    6    1
   5 k -0.4447994062805 bend    6    7    1      val=  39.02248
        0.0126094747239 bend    2    7    1
        0.0165153274705 bend    2    6    1
        0.6362716170016 bend    5    7    1
        0.6299842558957 bend    5    6    1
   6 k  0.0004063558083 bend    6    7    1      val=   0.19348
        0.1402878321785 bend    2    7    1
       -0.1419653134668 bend    2    6    1
       -0.6888304416479 bend    5    7    1
        0.6969057550696 bend    5    6    1
   7 k  1.0000000000000 stre    2    8           val=   2.04231
   8 k  1.0000000000000 stre    2    9           val=   2.04677
   9 k  0.7417952311942 bend    9    8    2      val=  15.30605
       -0.3855766944118 bend    1    8    2
       -0.4259502780914 bend    1    9    2
        0.2285779443323 bend    3    8    2
        0.2595937820185 bend    3    9    2
  10 k  0.0128309213669 bend    9    8    2      val=   0.40904
       -0.7088789311355 bend    1    8    2
        0.6841135006480 bend    1    9    2
       -0.1108114515615 bend    3    8    2
        0.1305203772712 bend    3    9    2
  11 k -0.3641526517894 bend    9    8    2      val=  49.43390
        0.0669605637220 bend    1    8    2
        0.0567302567597 bend    1    9    2
        0.6539341129413 bend    3    8    2
        0.6573134587093 bend    3    9    2
  12 k  0.0182572279189 bend    9    8    2      val=  -2.03138
       -0.1308122628286 bend    1    8    2
        0.1095787550614 bend    1    9    2
        0.7053649384351 bend    3    8    2
       -0.6877554984063 bend    3    9    2
  13 k  1.0000000000000 stre    3   10           val=   1.93424
  14 k  0.9607039136451 bend    4   10    3      val=  58.41963
       -0.2775751975718 bend    2   10    3
  15 k  0.2775751975718 bend    4   10    3      val= 117.59272
        0.9607039136451 bend    2   10    3
  16 k  1.0000000000000 stre    5   11           val=   2.03973
  17 k  0.7312041933508 bend    4   11    5      val=   7.07765
       -0.6821586528266 bend    1   11    5
  18 k  1.0000000000000 outp   11    1    4    5 val= -17.18373
  19 k  1.0000000000000 stre    1    2           val=   2.57641
  20 k  1.0000000000000 stre    2    3           val=   4.55955
  21 k  1.0000000000000 stre    3    4           val=   2.38394
  22 k  1.0000000000000 stre    4    5           val=   2.29093
  23 k  1.0000000000000 stre    5    1           val=   4.33784
  24 k -0.8090169943749 bend    1    3    2      val=   4.13519
        0.3090169943749 bend    2    4    3
        0.3090169943750 bend    3    5    4
       -0.8090169943750 bend    4    1    5
        1.0000000000000 bend    5    2    1
  25 k  0.5877852522925 bend    1    3    2      val=  15.30206
       -0.9510565162952 bend    2    4    3
        0.9510565162952 bend    3    5    4
       -0.5877852522925 bend    4    1    5
  26 k -0.8090169943749 tors    3    4    5    1 val=  -6.52231
        0.3090169943749 tors    4    5    1    2
        0.3090169943750 tors    5    1    2    3
       -0.8090169943750 tors    1    2    3    4
        1.0000000000000 tors    2    3    4    5
  27 k  0.5877852522925 tors    3    4    5    1 val=  -0.70308
       -0.9510565162952 tors    4    5    1    2
        0.9510565162952 tors    5    1    2    3
       -0.5877852522925 tors    1    2    3    4
        27 non zero eigenvalues  of BmBt
           1           7.214759746    1    0
         1
           2           5.311132865    2    0
         2
           3           4.266200593    3    0
         3
           4           3.410612698    4    0
         4
           5           3.282208733    5    0
         5
           6           2.939751312    6    0
         6
           7           2.547476985    7    0
         7
           8           2.472120819    8    0
         8
           9           2.275405764    9    0
         9
          10           1.770783186   10    0
        10
          11           1.546157564   11    0
        11
          12           1.151508635   12    0
        12
          13           1.077215441   13    0
        13
          14           0.905168501   14    0
        14
          15           0.863883555   15    0
        15
          16           0.703917329   16    0
        16
          17           0.602079093   17    0
        17
          18           0.453003646   18    0
        18
          19           0.365348516   19    0
        19
          20           0.308077016   20    0
        20
          21           0.288288022   21    0
        21
          22           0.270680314   22    0
        22
          23           0.245212085   23    0
        23
          24           0.240715324   24    0
        24
          25           0.212496684   25    0
        25
          26           0.193271069   26    0
        26
          27           0.084824614   27    0
        27
$end
