$coord
   -3.00387724218387     -0.82476854560629     -0.79328706050534       n
   -2.32509150697366      1.08159559415233      1.01533901226853       c
   -1.43136715963278      3.36020359910219     -0.50301656066274       c
   -0.96105436569669      3.22427532888890     -2.76848337817413       o
   -0.24698999390653      0.17255407877584      2.86371018734893       c
    2.02021940431673     -0.81105002501525      1.48244346629880       c
    3.91622295559178      0.81816935314529      0.62611638579780       c
    2.21512393857384     -3.38756370481636      0.93007770212752       c
    5.95864499373503     -0.10310380516742     -0.75434102499870       c
    4.25544345848440     -4.31737599693420     -0.45000347132807       c
    6.12905677870838     -2.67402084250750     -1.30158610405485       c
   -2.37487101458458     -0.52232862236541     -2.56880112514124       h
   -3.98590984514668      1.59065654970197      2.13352754284808       h
   -1.08435261595154     -1.30907895102694      4.01926546711298       h
    0.27284303925040      1.74003908717357      4.09900379754209       h
    3.79309969990144      2.81698805671692      1.05220208057963       h
    0.76726150876582     -4.66254857994254      1.61580951659294       h
    7.41294273559831      1.17969168171593     -1.40011363919179       h
    4.38630124056713     -6.31729800422195     -0.85242025910831       h
    7.71571903578212     -3.39168597823583     -2.37097983656024       h
   -1.10184309508985      5.50579393352098      0.85105621497528       n
   -1.74708308680802      5.56537822851572      2.63535791332798       h
   -0.27095686783459      7.81614939969622     -0.36153442177526       c
    0.46507967056511      9.09622291317392      1.06345411491553       h
    1.21292668392431      7.35908615189133     -1.70361579394298       h
   -1.80072941004710      8.73956096501633     -1.38460512321563       h
   -4.13264718960517     -3.01842506559544     -0.10971816306468       c
   -4.78416378222923     -3.45414220474512      2.07531124599825       o
   -4.48258386004562     -4.90521893897248     -2.21931372334641       c
   -6.29396967763169     -5.83854588452481     -1.97718472919818       h
   -3.00436777442800     -6.33021073892981     -2.07272099761535       h
   -4.38215626678392     -4.04334575745232     -4.08174023289139       h
$end
