$coord
   -3.87611762821757     -0.21245926350375      0.17092798379269      c
   -2.68572093354801      2.17607255434954      0.11793685049215      c
   -0.11949344310415      2.29949812699283      0.00724992171064      c
    1.36566953678699      0.03042761430127     -0.04968072365913      c
    4.12471334347370      0.21020387536415     -0.17202272733783      c
    0.12239981670019     -2.35921441765508      0.00125665528019      c
   -2.44544263369683     -2.47851547404074      0.11178333528563      c
   -5.92100104805208     -0.31975470079457      0.25670265296437      h
   -3.82227479534894      3.87685668750997      0.16535121300193      h
    0.84745126217405      4.10507853463334     -0.03702957411730      h
    5.06633477370816     -1.61346612465602     -0.07870559425196      h
    4.83045386656821      1.45638056116116      1.32981821951171      h
    4.67055771339590      1.17302500924778     -1.93417647255417      h
    1.25646226356752     -4.06318198345897     -0.04532244827886      h
   -3.41399209440708     -4.28095099945090      0.15591070815987      h
$user-defined bonds
$end
