$coord
    -0.067614396    -1.202587605     3.684755922     O 
    -0.067366842     0.979059477     3.046440497     H 
    -0.067614396     3.134617002     2.280564789     O 
     0.039814637    -2.597059877     1.881197657     H 
     0.137324498    -3.877840565     0.000000000     O 
     0.039814637    -2.597059877    -1.881197657     H 
     1.282317035     4.080604384     3.040304557     H 
    -1.543125677    -1.566788826     4.678757462     H 
     1.631377771    -4.909523241     0.000000000     H 
    -0.067614396    -1.202587605    -3.684755922     O 
     0.010389713     3.228164107     0.000000000     H 
    -1.543125677    -1.566788826    -4.678757462     H 
    -0.067614396     3.134617002    -2.280564789     O 
    -0.067366842     0.979059477    -3.046440497     H 
     1.282317035     4.080604384    -3.040304557     H 
$end
