$coord
    0.00000000000000      1.26227493475462     -1.75269195009312      c
    0.00000000000000      1.48607745130870      1.10608738100638      c
    0.00000000000000     -1.48607745130870      1.10608738100638      c
    0.00000000000000     -1.26227493475462     -1.75269195009312      c
    0.00000000000000      2.67100190637685     -3.23838315368922      h
    1.67837098839519      2.35227140329269      1.94249386138799      h
   -1.67837098839519      2.35227140329269      1.94249386138799      h
   -1.67837098839519     -2.35227140329269      1.94249386138799      h
    1.67837098839519     -2.35227140329269      1.94249386138799      h
    0.00000000000000     -2.67100190637685     -3.23838315368922      h
$redundant
     number_of_atoms            10
     degrees_of_freedom          8
     internal_coordinates        8
     frozen_coordinates          0
# definitions of redundant internals
   1 k  1.0000000000000 stre    1    4           val=   2.52455
   2 k  1.0000000000000 stre    3    2           val=   2.97215
   3 k  1.0000000000000 stre    4    3           val=   2.86753
   4 k  1.0000000000000 stre    1    5           val=   2.04739
   5 k  1.0000000000000 stre    2    6           val=   2.06562
   6 k -0.7947916692196 bend    7    6    2      val=  19.20244
        0.1176516221804 bend    1    6    2
        0.1176516221804 bend    1    7    2
        0.4126877718904 bend    3    6    2
        0.4126877718904 bend    3    7    2
   7 k  0.7071067811865 bend    4    5    1      val=   0.71500
       -0.7071067811865 bend    2    5    1
   8 k -0.2545243863197 bend    7    6    2      val=   3.68521
        0.5526970488489 bend    1    6    2
        0.5526970488489 bend    1    7    2
       -0.4026594598145 bend    3    6    2
       -0.4026594598145 bend    3    7    2
         8 non zero eigenvalues  of BmBt
           1           3.927964938    1    0
         1
           2           3.482442559    2    0
         2
           3           2.553892788    3    0
         3
           4           1.591338293    4    0
         4
           5           0.862959713    5    0
         5
           6           0.475696330    6    0
         6
           7           0.335691667    7    0
         7
           8           0.220344707    8    0
         8
$user-defined bonds
$end
