$coord
        0.00405193943578        0.68227328981533        0.05631328884969      H
        0.02838480523380        0.51927734894739        2.09315140187415      C
        2.31988951540647        0.56059678154024        3.39135812704748      C
        2.35074150172594        0.34714796483673        6.01632852345063      C
        0.09062788839260        0.09243595756955        7.34439148155226      C
       -2.20178729372060        0.05093633581049        6.04752666791342      C
       -2.23333897192776        0.26423784080304        3.42111594681822      C
        4.07388653933940        0.75433527846675        2.36110241468855      H
        4.12901256617213        0.37529687555737        7.02254500132723      H
        0.11514982317995       -0.07686036990968        9.38062745602118      H
       -3.95561367349402       -0.14858719862389        7.07726068924801      H
       -4.01159649837594        0.23292219883850        2.41440065116240      H
       -0.50706247858814       -6.03618026655194        3.76898119878266      Br
        0.09448618003264       -9.61718946203340        3.64602091639754      C
        0.14919312419058      -10.41700444674852        1.26961545602117      F
        2.29031771838652      -10.17427850746961        4.72179156705884      F
       -1.71962697982528      -10.85410942641370        4.85796004867580      F
$end
