$coord
    1.19008443403030      5.38147423233333      1.11816867778788      n
    3.25309451803030      4.34397497933333     -0.08520127421212      c
    2.53315049003030      2.22746675233333     -1.42016985421212      c
   -0.14320795896970      1.95953006333333     -1.03433882921212      c
   -1.95720507096970      0.21131998333333     -1.88833813021212      c
   -4.44318118496970      0.51352685333333     -1.13476831721212      c
   -5.18472478096970      2.53163137933333      0.44674903378788      c
   -3.44099524196970      4.28660289833333      1.30534036778788      c
   -0.92275394596970      3.96959002533333      0.55715060478788      c
    1.20470902303030      6.98642985533333      2.12833682378788      h
    5.09576633103030      5.19557810733333      0.09448521178788      h
   -1.46257874096970     -1.35596962066667     -3.10223385521212      h
   -7.15816563296970      2.68720307133333      0.95542169578788      h
   -4.01508832796970      5.83921878033333      2.50699444878788      h
   -6.26776076196970     -1.15608007466667     -1.96852865221212      o
   -6.47987305496970     -3.30985558766667     -0.34234006921212      c
   -4.68207467596970     -4.30552953566667     -0.19313864321212      h
   -7.08984636996970     -2.73556218966667      1.54535068678788      h
   -7.90371922796970     -4.53101164066667     -1.17947167521212      h
    4.26369163203030      0.50596228033333     -2.85050723521212      c
    5.07993231703030     -1.83172136666667     -1.32470089721212      c
    3.03437763203030     -3.57558885666667     -0.79204194221212      n
    1.57189790103030     -3.74473822966667      1.33381853878788      c
    2.37223276303030     -2.19376074066667      3.60054486378788      c
    3.36404033103030     -0.12323143666667     -4.60085459621212      h
    5.96960964403030      1.53682292533333     -3.39469540821212      h
    6.53672964203030     -2.85161782166667     -2.37311709721212      h
    5.92038039203030     -1.23159919366667      0.45362196678788      h
    2.36613272703030     -4.61969270166667     -2.23939630621212      h
   -0.27374456196970     -5.14034055766667      1.39027977178788      o
    4.27676475603030     -2.69887315966667      4.20438790678788      h
    2.34084252403030     -0.18210018066667      3.16442256178788      h
    1.05148248103030     -2.58905929266667      5.11876962178788      h
$user-defined bonds
$end
