$coord
    2.62820045330837     -4.28983032540249      0.00000000000000      o
    2.50240601098041      0.02431071990632      0.00000000000000      n
   -2.64054034977360      0.04008644046226      0.00000000000000      c
   -1.31305661695236      2.35961143749478      0.00000000000000      c
    1.26704566928226      2.26566987445292      0.00000000000000      c
    1.34369201204191     -2.32951336548042      0.00000000000000      c
   -1.37415096220343     -2.21588042518567      0.00000000000000      c
   -4.68536631980689      0.04375526456664      0.00000000000000      h
   -2.27453895637333      4.15487647185121      0.00000000000000      h
    2.44816151280479      3.93123862609755      0.00000000000000      h
   -2.36536384623413     -3.99918570837030      0.00000000000000      h
    4.46351139292599      0.01486098960719      0.00000000000000      h
$user-defined bonds
$redundant
     number_of_atoms            12
     degrees_of_freedom         21
     internal_coordinates       21
     frozen_coordinates          0
# definitions of redundant internals
   1 k  1.0000000000000 stre    6    1           val=   2.34367
   2 k  1.0000000000000 stre    3    8           val=   2.04483
   3 k  1.0000000000000 stre    4    9           val=   2.03652
   4 k  1.0000000000000 stre    5   10           val=   2.04185
   5 k  1.0000000000000 stre    7   11           val=   2.04026
   6 k  1.0000000000000 stre    2   12           val=   1.96113
   7 k  1.0000000000000 stre    2    5           val=   2.55926
   8 k  1.0000000000000 stre    5    4           val=   2.58181
   9 k  1.0000000000000 stre    4    3           val=   2.67253
  10 k  1.0000000000000 stre    3    7           val=   2.58711
  11 k  1.0000000000000 stre    7    6           val=   2.72022
  12 k  1.0000000000000 stre    6    2           val=   2.62357
  13 k -1.0000000000000 bend    2    4    5      val=   1.44263
        1.0000000000000 bend    5    3    4
       -1.0000000000000 bend    4    7    3
        1.0000000000000 bend    3    6    7
       -1.0000000000000 bend    7    2    6
        1.0000000000000 bend    6    5    2
  14 k -0.7071067811865 bend    5   12    2      val=  -1.60231
        0.7071067811865 bend    6   12    2
  15 k  0.7071067811865 bend    5    9    4      val=  -0.89398
       -0.7071067811865 bend    3    9    4
  16 k  0.7071067811865 bend    4   10    5      val=   3.73027
       -0.7071067811865 bend    2   10    5
  17 k  0.7071067811865 bend    7    8    3      val=  -0.13477
       -0.7071067811865 bend    4    8    3
  18 k  0.7071067811865 bend    3   11    7      val=   2.47663
       -0.7071067811865 bend    6   11    7
  19 k  0.7071067811865 bend    2    1    6      val=  -2.53690
       -0.7071067811865 bend    7    1    6
  20 k -0.5000000000000 bend    2    4    5      val=   2.18917
       -0.5000000000000 bend    5    3    4
        1.0000000000000 bend    4    7    3
       -0.5000000000000 bend    3    6    7
       -0.5000000000000 bend    7    2    6
        1.0000000000000 bend    6    5    2
  21 k  0.8660254037844 bend    2    4    5      val=   2.78401
       -0.8660254037844 bend    5    3    4
        0.8660254037844 bend    3    6    7
       -0.8660254037844 bend    7    2    6
        21 non zero eigenvalues  of BmBt
           1           4.407979999    1    0
         1
           2           4.348718211    2    0
         2
           3           3.581292539    3    0
         3
           4           3.554319989    4    0
         4
           5           3.378622879    5    0
         5
           6           3.199137639    6    0
         6
           7           2.616310423    7    0
         7
           8           1.969029386    8    0
         8
           9           1.899262374    9    0
         9
          10           1.867419984   10    0
        10
          11           1.579190276   11    0
        11
          12           1.544299978   12    0
        12
          13           0.546106146   13    0
        13
          14           0.401338103   14    0
        14
          15           0.384287567   15    0
        15
          16           0.366410212   16    0
        16
          17           0.336115728   17    0
        17
          18           0.288887427   18    0
        18
          19           0.275789587   19    0
        19
          20           0.268660670   20    0
        20
          21           0.232086184   21    0
        21
$end
