$coord
    5.08825653091502      0.44352916480174      0.08850248839538      o
    0.75534149154358     -1.83381849972773     -3.25229032100481      si
   -0.40054830558360      3.68637632308404      2.66746869501338      o
    1.07302048624435      1.14412637759041     -3.17460784535229      h
    6.40020577519895      0.23989411943900      1.35440387005988      h
    4.94817833728034     -2.27655215927096     -1.93186622868265      p
   -3.71038931702480      1.27927811321010     -1.64748149522948      h
   -5.66300559633635     -0.92964215623398     -0.11362730531415      h
    0.36174564342390     -1.68123238650515      1.34858640393055      h
   -3.35648004589935      2.43523042931631      2.80296247550590      al
   -5.42817561752809      3.18729352868201      4.83637380167112      h
    1.52777505763427      1.71483188592975      0.53368975540377      mg
   -3.80116638785181     -0.02788071018658     -0.01958135836029      c
    5.94409956827520     -1.00469206955903     -4.08095307428878      h
   -2.13927094853889     -4.25463088963778      0.56557772168051      h
   -1.59958667175270     -2.12211107093212      0.02284241657192      b
$user-defined bonds
$end
