$coord
   -8.12153486182790     -0.38677142761712      0.00000000000000      c
   -5.86723089392100      0.76361262406962      0.00000000000000      c
   -3.46451881189782     -0.53268917968033      0.00000000000000      c
   -1.19826845778033      0.64056443900283      0.00000000000000      c
    1.19826845778033     -0.64056443900283      0.00000000000000      c
    3.46451881189782      0.53268917968033      0.00000000000000      c
    5.86723089392100     -0.76361262406962      0.00000000000000      c
    8.12153486182790      0.38677142761712      0.00000000000000      c
   -8.28273021307738     -2.43017888096914      0.00000000000000      h
   -9.86768768891072      0.67833217937074      0.00000000000000      h
   -5.79643565436224      2.81780966206645      0.00000000000000      h
   -3.52106240495793     -2.58808543802166      0.00000000000000      h
   -1.15051796148674      2.69648168091218      0.00000000000000      h
    1.15051796148674     -2.69648168091218      0.00000000000000      h
    3.52106240495793      2.58808543802166      0.00000000000000      h
    5.79643565436224     -2.81780966206645      0.00000000000000      h
    8.28273021307738      2.43017888096914      0.00000000000000      h
    9.86768768891072     -0.67833217937074      0.00000000000000      h
$redundant
     number_of_atoms            18
     degrees_of_freedom         17
     internal_coordinates       17
     frozen_coordinates          0
# definitions of redundant internals
   1 k  1.0000000000000 stre    1    9           val=   2.04976
   2 k  1.0000000000000 stre    4   13           val=   2.05647
   3 k  1.0000000000000 stre    4    5           val=   2.71748
   4 k  1.0000000000000 stre    3   12           val=   2.05617
   5 k  1.0000000000000 stre    1   10           val=   2.04536
   6 k  1.0000000000000 stre    2    1           val=   2.53086
   7 k  1.0000000000000 stre    3    2           val=   2.73010
   8 k  1.0000000000000 stre    4    3           val=   2.55194
   9 k  1.0000000000000 stre    2   11           val=   2.05542
  10 k -0.8164791518901 bend    9   10    1      val=   2.34645
        0.4128597379119 bend    2   10    1
        0.4036194139782 bend    2    9    1
  11 k  0.7071067811865 bend    3   13    4      val=   0.95204
       -0.7071067811865 bend    5   13    4
  12 k  0.7071067811865 bend    1   11    2      val=   1.31779
       -0.7071067811865 bend    3   11    2
  13 k -0.7071067811865 bend    4   12    3      val=  -1.08747
        0.7071067811865 bend    2   12    3
  14 k -0.0053349035105 bend    9   10    1      val=  -0.00058
       -0.7044242354419 bend    2   10    1
        0.7097591389525 bend    2    9    1
  15 k  1.0000000000000 bend    5    3    4      val= 124.50123
  16 k  1.0000000000000 bend    3    1    2      val= 124.61695
  17 k  1.0000000000000 bend    4    2    3      val= 124.28151
        17 non zero eigenvalues  of BmBt
           1           4.613884322    1    0
         1
           2           4.053508164    2    0
         2
           3           3.868747909    3    0
         3
           4           3.583322290    4    0
         4
           5           2.685733654    5    0
         5
           6           2.580066347    6    0
         6
           7           2.147481796    7    0
         7
           8           1.453165452    8    0
         8
           9           0.898830442    9    0
         9
          10           0.665541585   10    0
        10
          11           0.597179430   11    0
        11
          12           0.463330440   12    0
        12
          13           0.354025408   13    0
        13
          14           0.335576468   14    0
        14
          15           0.141356548   15    0
        15
          16           0.048851869   16    0
        16
          17           0.029519596   17    0
        17
$user-defined bonds
$end
