$coord
        3.54786454630001        0.79403301320001        5.21024670874116      C
        3.02109448510000       -0.69480021009999        7.65242229304117      C
        2.90715145960000        0.99365311359999       10.03623778524118      C
        1.45188746270001       -0.19920914479999       12.28123641704116      C
       -1.45188746270001        0.19920914479999       12.28123641704116      C
       -2.90715145960000       -0.99365311359999       10.03623778524118      C
       -3.02109448510000        0.69480021009999        7.65242229304117      C
       -3.54786454630001       -0.79403301320001        5.21024670874116      C
       -3.28066119510001        0.82866323320001        2.81300825714117      C
       -3.57137827869999       -0.70238273710000        0.35998432514119      C
       -3.22859869610000        0.90447352419999       -2.03755909935884      C
       -3.51758555219999       -0.63183914120001       -4.48766132455883      C
       -3.19776189860000        0.97165697940001       -6.89051656355883      C
       -3.51097472150001       -0.56622680460000       -9.33875196505883      C
       -3.22034004959999        1.06167313140000      -11.73345472565884      C
        3.28066119510001       -0.82866323320001        2.81300825714117      C
        3.57137827869999        0.70238273710000        0.35998432514119      C
        3.22859869610000       -0.90447352419999       -2.03755909935884      C
        3.51758555219999        0.63183914120001       -4.48766132455883      C
        3.19776189860000       -0.97165697940001       -6.89051656355883      C
        3.51097472150001        0.56622680460000       -9.33875196505883      C
        3.22034004959999       -1.06167313140000      -11.73345472565884      C
        5.44763020500000        1.64737070510001        5.28169045594118      H
        2.19566291550001        2.37598944370000        5.09480203874116      H
        1.22758812109999       -1.70432760409999        7.41741863484117      H
        4.47723395710000       -2.16007552790000        7.91603469914117      H
        2.01899659670000        2.81419958140000        9.55145069574118      H
        4.85177797920000        1.44015154819999       10.62736483294118      H
        1.85002739889999       -2.24515306210000       12.33830220724118      H
        2.18724484079999        0.59371618459999       14.05913722184116      H
       -1.85002739889999        2.24515306210000       12.33830220724118      H
       -2.18724484079999       -0.59371618459999       14.05913722184116      H
       -2.01899659670000       -2.81419958140000        9.55145069574118      H
       -4.85177797920000       -1.44015154819999       10.62736483294118      H
       -1.22758812109999        1.70432760409999        7.41741863484117      H
       -4.47723395710000        2.16007552790000        7.91603469914117      H
       -2.19566291550001       -2.37598944370000        5.09480203874116      H
       -5.44763020500000       -1.64737070510001        5.28169045594118      H
       -1.40592037060000        1.73218617040001        2.82459644374119      H
       -4.68541506500000        2.36749593239999        2.84419192654119      H
       -2.16688676909999       -2.24193663460000        0.35431471944118      H
       -5.44676838700000       -1.61099358780001        0.32241470914117      H
       -1.34539934230000        1.78719104350000       -2.00201666515882      H
       -4.61735785659999        2.45841169580000       -2.03091719115882      H
       -2.11251494830000       -2.16968009899999       -4.49745892895883      H
       -5.39220599960000       -1.54283932349999       -4.51227086475883      H
       -1.31622155279999        1.85780658760000       -6.87696340925882      H
       -4.58887061860000        2.52388730040000       -6.87103924925884      H
       -2.10112117390001       -2.09747595260000       -9.35775528605882      H
       -5.38174322519999       -1.48178298510000       -9.33152834735882      H
       -1.34047988800001        1.94328906500000      -11.79395169615882      H
       -3.45001028270001       -0.07293169100000      -13.45971444615884      H
       -4.64278706870000        2.57931463439999      -11.76329460915883      H
        1.40592037060000       -1.73218617040001        2.82459644374119      H
        4.68541506500000       -2.36749593239999        2.84419192654119      H
        2.16688676909999        2.24193663460000        0.35431471944118      H
        5.44676838700000        1.61099358780001        0.32241470914117      H
        1.34539934230000       -1.78719104350000       -2.00201666515882      H
        4.61735785659999       -2.45841169580000       -2.03091719115882      H
        2.11251494830000        2.16968009899999       -4.49745892895883      H
        5.39220599960000        1.54283932349999       -4.51227086475883      H
        1.31622155279999       -1.85780658760000       -6.87696340925882      H
        4.58887061860000       -2.52388730040000       -6.87103924925884      H
        2.10112117390001        2.09747595260000       -9.35775528605882      H
        5.38174322519999        1.48178298510000       -9.33152834735882      H
        1.34047988800001       -1.94328906500000      -11.79395169615882      H
        3.45001028270001        0.07293169100000      -13.45971444615884      H
        4.64278706870000       -2.57931463439999      -11.76329460915883      H
$end
