$coord
       -0.02148551327523       -0.67161751504296       -4.75078512817561      C
        1.37792545875526       -3.24818416423143        3.83896600631494      O
       -2.23986953822893        1.64550402751693        3.42773272178522      H
       -0.87622711432790       -2.74068400827751        1.43723692979592      Li
        1.29492470653816        1.86470311043680       -1.04536500695239      Mg
       -3.65768365013010        0.45437052179208       -1.41566056087159      Al
       -0.23245910487383       -1.83274112101585       -2.43395808606121      C
        0.30373451850420       -3.84228931776776       -2.44882782867802      H
       -3.36159503902160        4.20056392581975        1.63352684198072      H
        0.49372989648081       -1.56245253044951       -6.53610501083288      H
        4.38566058812996        1.86127331114460        0.56178822055152      F
       -1.17545963764009        2.49456345795140       -4.90195191215761      S
       -1.86623614216854        2.76329843590747        1.71572598870214      C
        1.02361259176985       -4.24377370348987        5.32418288889440      H
        4.71194535010348       -1.03648125005561        3.35573062118778      Na
       -0.16051737061546        3.89394681976156        2.23776331451662      H
$end
