$coord
    -1.551141895    -0.007989761     0.016174165     P 
     3.570552221     0.012339911    -0.034512066     B 
    -4.120169577     0.293533028    -0.814303716     H 
    -0.536500768     2.067290314    -1.247357104     H 
    -1.227350575    -2.454141790    -0.903668858     H 
    -2.085095312     0.253363122     2.591318890     H 
     3.720704179     2.289586341     0.105726390     H 
     5.060325265    -1.199078384     1.185111419     H 
     3.161315051    -0.758175075    -2.154425579     H 
     1.441148504    -0.434238246     1.167542637     H 
$end
