$coord
    0.00000000000000      0.00000000000000      0.00000000000000      c
    1.66562503891815     -1.66562503891815     -1.66562503891815      c
    2.87620641995931     -2.87620641995931     -0.52319299803322      h
    0.52319299803322     -2.87620641995931     -2.87620641995931      h
    2.87620641995931     -0.52319299803322     -2.87620641995931      h
   -1.66562503891815     -1.66562503891815      1.66562503891815      c
   -2.87620641995931     -0.52319299803322      2.87620641995931      h
   -2.87620641995931     -2.87620641995931      0.52319299803322      h
   -0.52319299803322     -2.87620641995931      2.87620641995931      h
   -1.66562503891815      1.66562503891815     -1.66562503891815      c
   -2.87620641995931      2.87620641995931     -0.52319299803322      h
   -2.87620641995931      0.52319299803322     -2.87620641995931      h
   -0.52319299803322      2.87620641995931     -2.87620641995931      h
    1.66562503891815      1.66562503891815      1.66562503891815      c
    2.87620641995931      2.87620641995931      0.52319299803322      h
    0.52319299803322      2.87620641995931      2.87620641995931      h
    2.87620641995931      0.52319299803322      2.87620641995931      h
$user-defined bonds
$end
