$coord
    2.35657681818464      1.56413352120650      0.15633191455554      si
    3.73917059667152      4.62925085487901     -2.78650603123275      h
    3.14560604851984      2.89719360409943     -2.78417514965298      o
   -0.77007531623341      2.61211360015145      2.33311615406392      b
   -0.66443402867749      4.05997385957096      4.06971059462416      h
   -1.35794144684175     -3.75758532634922     -0.38278945412140      b
   -2.23158951954857      3.52161941806966      0.71501793840421      h
   -1.21528967345105     -1.22312093897026      3.34968237398899      si
   -2.91125704119979      0.39569409719795     -1.08361131016514      mg
   -1.52127986148665     -5.83354834109118      0.65117354687277      h
    0.96426075166446     -1.73395662042913     -0.29756953994186      b
    1.76477233718293     -5.12961800838251      2.54274889905822      mg
   -2.66597958259665      1.28123105561800     -4.29750060549502      h
   -3.13008195341572     -3.60405914945209     -1.88201177072058      h
    3.70343741730607     -0.47466561516456      4.15636571641078      al
    0.79410445392162      0.79534398904606     -4.45998327664881      li
$user-defined bonds
$end
