$coord
    2.35270727094856      0.00000000000000     -1.25369299353080      c
    0.00000000000000      0.00000000000000     -2.81474898295298      c
   -2.35270727094856      0.00000000000000     -1.25369299353080      c
   -2.35270727094856      0.00000000000000      1.25369299353080      c
    0.00000000000000      0.00000000000000      2.81474898295298      c
    2.35270727094856      0.00000000000000      1.25369299353080      c
    4.14034195691827      0.00000000000000     -2.26305316505132      h
    0.00000000000000      1.64055034302235     -4.08965596160628      h
    0.00000000000000     -1.64055034302235     -4.08965596160628      h
   -4.14034195691827      0.00000000000000     -2.26305316505132      h
   -4.14034195691827      0.00000000000000      2.26305316505132      h
    0.00000000000000     -1.64055034302235      4.08965596160628      h
    0.00000000000000      1.64055034302235      4.08965596160628      h
    4.14034195691827      0.00000000000000      2.26305316505132      h
$redundant
     number_of_atoms            14
     degrees_of_freedom          7
     internal_coordinates        7
     frozen_coordinates          0
# definitions of redundant internals
   1 k  1.0000000000000 stre    1    7           val=   2.05291
   2 k  1.0000000000000 stre    1    6           val=   2.50739
   3 k  1.0000000000000 stre    2    8           val=   2.07769
   4 k  1.0000000000000 stre    5    4           val=   2.82350
   5 k -0.7071067811865 bend    6    7    1      val=  -1.23300
        0.7071067811865 bend    2    7    1
   6 k  0.9070805003798 bend    9    8    2      val=   1.22176
       -0.2104786009496 bend    1    8    2
       -0.2104786009496 bend    1    9    2
       -0.2104786009496 bend    3    8    2
       -0.2104786009496 bend    3    9    2
   7 k  0.8660254037844 bend    1    5    6      val=   5.34729
       -0.8660254037844 bend    6    4    5
        0.8660254037844 bend    4    2    3
       -0.8660254037844 bend    3    1    2
         7 non zero eigenvalues  of BmBt
           1           4.302066410    1    0
         1
           2           2.753206250    2    0
         2
           3           1.895951060    3    0
         3
           4           0.744012235    4    0
         4
           5           0.362000908    5    0
         5
           6           0.330741301    6    0
         6
           7           0.201072413    7    0
         7
$user-defined bonds
$end
