$coord
        0.60668963820296       -2.38876496983058        0.00000000000000      N
        1.08797466217424       -4.23785227533944        0.00000000000000      H
       -1.99123305807632       -1.86239906973221        0.00000000000000      C
       -3.53055585924490       -3.57567179182343        0.00000000000000      O
       -2.55371655630633        0.82434717607550        0.00000000000000      C
       -4.49945107570676        1.41633888440330        0.00000000000000      H
       -0.64775992442291        2.51575340116741        0.00000000000000      C
       -0.96960297109863        4.53073932025922        0.00000000000000      H
        1.83485146355919        1.78253662637363        0.00000000000000      N
        3.24105340262651        3.06293500530829        0.00000000000000      H
        2.60714193962856       -0.71791698157885        0.00000000000000      C
        4.81460833866434       -1.35004532528287        0.00000000000000      O
$end
