$coord
       -5.29147560620339       -7.90189136506780        2.26191603757627      H
       -4.58442385520339       -6.62765612206779        1.14764307557626      O
       -3.46306820020339       -4.68997285406780        2.68874107757627      C
       -2.11885583720338       -5.50953114306780        4.03682038757626      H
       -4.92355597120339       -3.65530441106781        3.74255943657627      H
       -2.07942292420338       -2.85310703506779        0.98048698557626      C
       -1.40661055220339       -1.26244908006780        2.11874888457626      H
        0.15011000279662       -4.08276345306779       -0.09607479342372      O
        0.00764110379661       -4.10802342106780       -2.78099672542374      C
        1.27362939379661       -2.71305226106781       -3.62487824342374      H
        0.90304562379661       -6.57600991106780       -3.67248233042373      N
       -0.19690434920338       -8.73657407606780       -2.73483676642373      C
       -1.66938488820339       -8.40069172106780       -1.34167615242373      H
        0.51928176979661      -11.08290321906780       -3.46321483042372      C
       -0.37825681720339      -12.74723346406780       -2.68636340442374      H
        2.52062329279661      -11.38016958906780       -5.28662372242374      C
        3.36105076979661      -13.39737895206780       -6.11750184742373      O
        3.55639930379661       -9.08475854606780       -6.11595888542373      N
        4.99220063979660       -9.19666339506780       -7.38830459242372      H
        2.87609927079660       -6.66377558906780       -5.41834801742374      C
        3.92523885779662       -4.77345282306779       -6.26626655742374      O
       -3.63239728720338       -1.88532733306779       -1.26727253842374      C
       -5.66555858220339       -1.95755738406779       -0.93041111742373      H
       -2.77404386920340       -3.56386812906780       -3.46946831142373      C
       -3.85261310420339       -5.32413806306781       -3.46323353842374      H
       -3.07767124620338       -2.42285289906780       -5.87039182742374      O
       -2.76916950920339       -0.61841723406780       -5.59654898942374      H
       -2.90606466220340        0.65073672493221       -1.91280161342372      O
       -4.81748924220340        3.09923182493220       -1.55674624542373      P
       -7.36505114820339        2.17405864093219       -0.72770758042374      O
       -4.43200573820340        4.72221826793219       -3.83753458942374      O
       -3.40403089320339        4.58329902993221        0.76122453557627      O
       -3.97022738220338        3.86273025793220        3.33094499057627      C
       -4.01935987920339        1.80173802293221        3.51230974157627      H
       -5.81723347020339        4.61512579493220        3.88260608557627      H
       -1.93304474920338        4.93278778893220        5.03442941457627      C
       -2.40859788520339        4.45953010293221        6.99309714457627      H
        0.48634006679660        3.75144410493220        4.44754212657628      O
        2.30822810679662        5.63068362793220        3.82969281257627      C
        3.57774810579661        6.03443095593220        5.40756790557627      H
        3.89921789779661        4.61524560393220        1.79305895657627      N
        2.77271992079662        3.46903683893220       -0.24889447742373      C
        0.72825447279661        3.38136923793220       -0.14874939342372      H
        4.10937772679660        2.49503464693221       -2.20171652942373      C
        3.16704394079661        1.60403772493220       -3.78086265142372      H
        6.82895779979661        2.65375197693219       -2.19717495042374      C
        8.27841996379661        1.85369263793219       -3.84552113842373      O
        7.81476227479662        3.87241132393219       -0.05646235742373      N
        9.72634634779662        4.04671397993220        0.03197266157626      H
        6.51510757179661        4.88225972893221        1.96683230057628      C
        7.58426937279660        5.92300439693221        3.74791851057627      O
       -1.54369089720338        7.79695967893220        4.79804566857627      C
       -3.19653368820339        8.74875267793220        4.01168892157627      H
        0.77286221079661        7.99294750793221        3.05986512057627      C
        0.17666140879661        7.79703545693221        1.09203127457627      H
        2.11131639079661       10.29383724493221        3.30482822157626      O
        1.88865016579662       10.79876957293220        5.07061048557626      H
       -0.83262499120339        8.92051856593219        7.16928688057627      O
       -2.30223654820340        9.75212952593220        7.88255507357627      H
$eht charge=-1 unpaired=0
$end
