$coord
    0.00000000000000      3.48788831045449      0.00000000000000       p
    0.00000000000000     -3.48788831045449      0.00000000000000       p
   -0.06825879764596      6.16718737508695      0.00000000000000       h
    0.06825879764596     -6.16718737508695      0.00000000000000       h
   -1.81211508060803      3.25298968295841      1.95636354550959       h
    1.81211508060803     -3.25298968295841      1.95636354550959       h
   -1.81211508060803      3.25298968295841     -1.95636354550959       h
    1.81211508060803     -3.25298968295841     -1.95636354550959       h
$end
