$coord
       -3.81469488143920        0.09993441402911        0.00000000000000      C
        3.81469488143920       -0.09993441402911        0.00000000000000      C
       -2.66030049324036       -2.15898251533507        0.00000000000000      N
        2.66030049324036        2.15898251533507        0.00000000000000      N
       -0.73178529739381       -2.28237795829772        0.00000000000000      H
       -5.89039325714111       -0.02589114569127        0.00000000000000      H
       -3.71254944801332       -3.73605775833130        0.00000000000000      H
        3.71254944801332        3.73605775833130        0.00000000000000      H
        0.73178529739381        2.28237795829772        0.00000000000000      H
        5.89039325714111        0.02589114569127        0.00000000000000      H
       -2.74426102638244        2.16115570068360        0.00000000000000      O
        2.74426102638244       -2.16115570068360        0.00000000000000      O
$end
