$coord
   -5.29210016016949     -2.72075456042373      5.27930198159322      h
   -5.03765838216949     -2.09403279342373      3.57449531759322      o
   -4.87447411816949     -4.23151187642373      1.89908825359322      c
   -6.55635802916949     -5.43020154442373      2.07633302359322      h
   -3.18998994516949     -5.36996274842373      2.31687473359322      h
   -4.66961591516949     -3.26421556642373     -0.78867469140678      c
   -4.27907040216949     -4.86721305442373     -2.03366982740678      h
   -7.06162030316949     -2.13883800742373     -1.58998540840678      o
   -6.70046475316949      0.43774782257627     -2.27582952040678      c
   -6.69393008116949      0.68429300257627     -4.32638517640678      h
   -8.86828338716949      1.88761665557627     -1.33593461440678      n
   -9.44602156616949      1.78096127657627      1.19663722959322      c
   -8.20538697416949      0.57195238257627      2.30159781059322      h
  -11.42017068816949      3.04555740557627      2.21998621459322      c
  -11.82447435116949      2.91573889957627      4.21935259459322      h
  -13.02355878216949      4.57263987657627      0.63059815559322      c
  -14.87140976716949      5.82881217357627      1.31463474359322      o
  -12.33454541116949      4.52800360357627     -1.92894574840678      n
  -13.41961265716949      5.55898330257627     -3.13438438240678      h
  -10.34393753216949      3.25914387457627     -3.03802574240678      c
   -9.92918141616949      3.33939997057627     -5.32211354840678      o
   -2.64458119816949     -1.22872858542373     -1.16916591740678      c
   -1.17315890516949     -1.28885928842373      0.27630590159322      h
   -4.15099894816949      1.24801546157627     -1.11601737440678      c
   -4.42242029216949      1.83751869757627      0.84300581259322      h
   -2.98856367316949      3.28129977857627     -2.41258105340678      o
   -2.21730432516949      2.53953508357627     -3.91739574840678      h
   -1.54977071316949     -1.42627487142373     -3.65776421640678      o
    1.20137137483051     -2.88246483842373     -3.88926604340678      p
    1.73590550383051     -2.96473632642373     -6.66817897740678      o
    1.19139475483051     -5.18328919042373     -2.24137036640678      o
    3.13127029383051     -0.92525673242373     -2.47708401540678      o
    3.69181517883051      1.50662030657627     -3.57837059140678      c
    2.35171504783051      2.90646790357627     -2.85321299740678      h
    3.54575088683051      1.39961665057627     -5.64057735240678      h
    6.36900642983051      2.22100665057627     -2.84582794840678      c
    6.85475879583051      4.02594139157627     -3.73227308840678      h
    6.55207779283051      2.55525136857627     -0.11052157540678      o
    8.24696490783051      0.73055557357627      0.93465298859322      c
   10.04442616083051      1.61359656057627      1.43655457359322      h
    7.19145807783051     -0.19606589642373      3.32080376059322      n
    5.00706031083051     -1.61128717142373      3.31027685259322      c
    4.21425581783051     -1.95055950542373      1.44950392059322      h
    3.90430560683051     -2.47644794942373      5.45007179559322      c
    2.19550122683051     -3.59726011942373      5.37910124559322      h
    4.99811226983051     -1.88200213542373      7.87490620359322      c
    4.19324527783051     -2.54628711942373      9.96486963859322      o
    7.15440451983051     -0.34703553942373      7.72138826559322      n
    7.96405554183051      0.17465544557627      9.38527480359322      h
    8.32958826383051      0.56666436257627      5.58124485759322      c
   10.19000876183051      1.95349288157627      5.67848562159322      o
    8.32737596183051      0.20164753557627     -3.54952127840678      c
    7.69171012183051     -0.98576840442373     -5.11207938540678      h
    8.66168455183051     -1.31584419742373     -1.09445975840678      c
    7.20819046783051     -2.77400250342373     -0.97841357440678      h
   11.04950111683051     -2.51268079942373     -0.90623813640678      o
   12.20701648983051     -1.41416739642373     -1.84695507240678      h
   10.73941125483051      1.32361735157627     -4.13370021040678      o
   11.04531990983051      1.12939547157627     -5.93042295840678      h
$user-defined bonds
$end
