$coord
      -12.85462553338563       -1.35193658715339        1.22762921280740      C
      -11.79367231820369        0.79338050659866       -0.43895290301410      C
      -12.42528924186117        0.29947175236384       -3.24501975781624      C
       -8.97525099906380        1.15652339696608       -0.04531504005967      C
       -7.22553603835012       -0.63543579110433       -0.47470043403722      C
       -4.49661215165294       -0.39262147709898       -0.07522804970270      C
       -3.37167557878703        1.15806618180733        1.59598922946351      C
       -0.57150773441652        1.47202828151347        1.98343366511575      C
        1.14096012636975       -0.16517675593779        0.31670532693461      C
        3.95191455624962        0.28222697454024        0.85544082020044      C
        8.41742007078120       -1.00310594156333       -0.22117796636396      C
       10.13762908733179       -0.08816448631992       -1.84501120173401      C
       12.84730625839984        0.33727875262320       -1.29863110596544      C
       14.33616337158601        1.17519813556200       -2.84231741010771      O
       13.51506418220472       -0.30178412376874        1.11441279954404      O
       16.14944349044302        0.08074699812347        1.73634432261665      C
        5.67713592643720       -1.36305111516866       -0.82781830072182      C
      -14.90765035631259       -1.52788773114369        0.97013519893241      H
      -11.97765642691899       -3.16019264779931        0.71078918943062      H
      -12.46510811522882       -1.00171799124328        3.23412817633944      H
      -12.73807643172378        2.55678740367618        0.11867586216742      H
      -11.53490391944955       -1.46534158655101       -3.87666166472449      H
      -11.72883311808012        1.83664667518631       -4.45001113359460      H
      -14.47737914668717        0.12448577314698       -3.50956434176199      H
       -8.34859624535556        3.01239901199849        0.60172003507214      H
       -7.85534249312640       -2.45167223785286       -1.23097929394741      H
       -3.31328791136122       -1.62702645037043       -1.22818963853718      H
       -4.56851633975740        2.30883386934567        2.82340757940369      H
       -0.08094520345804        3.47839553262996        1.68981226933440      H
       -0.12569171309124        1.10137997721242        3.98672851470985      H
        0.74774706193190        0.23367807772665       -1.68464857023634      H
        0.69291147233351       -2.17209518547894        0.62121312548917      H
        4.41564843388323        2.28440127001446        0.54991235835706      H
        4.35070676356911       -0.12550215651559        2.85509815692413      H
        9.01191752251058       -1.48229974702635        1.69400170300692      H
        9.60202326875472        0.41710838689561       -3.76713008874105      H
       16.33720501897404       -0.52041912738970        3.70365032775804      H
       17.35861849759713       -1.05955606960525        0.49863128622928      H
       16.66135159042254        2.07749953038070        1.52364035628573      H
        5.32003666967530       -0.93244697232245       -2.82740815449615      H
        5.16495364681642       -3.35910230689775       -0.52273446056056      H
$end
