$coord
        2.27949084085272       -1.31606465058161        0.00000000000000      C
        2.27949084085272        1.31606465058161        0.00000000000000      C
        0.00000000000000        2.63212930116321        0.00000000000000      C
       -2.27949084085272        1.31606465058161        0.00000000000000      C
       -2.27949084085272       -1.31606465058161        0.00000000000000      C
        0.00000000000000       -2.63212930116321        0.00000000000000      C
        4.05051777207928        2.33856752606733        0.00000000000000      H
        0.00000000000000        4.67713505213467        0.00000000000000      H
       -4.05051777207928        2.33856752606733        0.00000000000000      H
       -4.05051777207928       -2.33856752606733        0.00000000000000      H
        0.00000000000000       -4.67713505213467        0.00000000000000      H
        4.05051777207928       -2.33856752606733        0.00000000000000      H
$end
