$coord
       -5.21971798299999       -1.30951963999999        0.01166338899999      C
       -1.54060667300000        0.32717203999999       -0.00358103100000      I
       -6.15496794199999       -0.77570984199999        1.75471640700000      H
       -5.02788055900000       -3.34594883899999       -0.10564702100000      H
       -6.25097547100001       -0.59178848100001       -1.60673007500001      H
        4.23160671900000        1.74514683400001        0.01396885500000      O
        5.28866652499999       -0.85821905900000       -0.00084470800000      P
        4.79153441900000       -2.33456748899999       -2.16540110800000      H
        4.48696539200000       -2.48207572000000        1.95613096200000      H
        7.94291517999999       -1.04079115600000        0.18768758500000      H
$end
