$coord
        0.52910816000000        1.35342364399999       -2.31038466500000      C
       -0.52910816000000       -1.35342364399999       -2.31038466500000      C
        0.00000000000000        0.00000000000000        2.08547325700000      C
        0.00000000000000        2.27683069000000        0.34014878900000      C
        0.00000000000000       -2.27683069000000        0.34014878900000      C
       -0.49270258800001        4.64005209400000        1.00707088500000      C
        0.49270258800001       -4.64005209400000        1.00707088500000      C
       -0.28137453100000        2.57098354800001       -3.75699825700000      H
        2.57354412700001        1.28431258500000       -2.62057562800000      H
        0.28137453100000       -2.57098354800001       -3.75699825700000      H
       -2.57354412700001       -1.28431258500000       -2.62057562800000      H
       -1.65617664500000        0.01190149400001        3.31740074800001      H
        1.65617664500000       -0.01190149400001        3.31740074800001      H
       -0.50263876800000        6.15665546700001       -0.36488908099999      H
       -0.89746110800001        5.14562560600000        2.94762105599999      H
        0.50263876800000       -6.15665546700001       -0.36488908099999      H
        0.89746110800001       -5.14562560600000        2.94762105599999      H
$end
