$coord
    1.44567869305611     -1.08344819843769     -2.28192543983459      c
    0.87458859086037      1.48833391368389     -2.28260850906372      c
    0.58972231745720      2.77489134967327      0.00000000000000      c
    0.87458859086037      1.48833391368389      2.28260850906372      c
    1.44567869305611     -1.08344819843769      2.28192543983459      c
    1.73204658627510     -2.36860206425190      0.00000000000000      c
    1.66499493718148     -2.08069017231465     -4.05185413360596      h
    0.64590446352959      2.48453828990459     -4.05167722702026      h
    0.14412493705750      4.76908847987652      0.00000000000000      h
    0.64590446352959      2.48453828990459      4.05167722702026      h
    1.66499493718148     -2.08069017231465      4.05185413360596      h
    2.17963860630989     -4.36265161335469      0.00000000000000      h
   -4.98604943156242     -2.23466136753559      0.00000000000000      h
   -3.62279869914055      0.25409747958183      0.00000000000000      h
   -5.29901768565178     -0.44962992966175      0.00000000000000      o
$user-defined bonds
$redundant
     number_of_atoms            15
     degrees_of_freedom         23
     internal_coordinates       29
     frozen_coordinates          0
# definitions of redundant internals
   1 k -0.5499717191203 outp   15    3    2   14 val=  -1.82867
       -0.6285397492091 outp   15    4    2   14
       -0.5499717191203 outp   15    4    3   14
   2 k  1.0000000000000 outp    7    6    2    1 val=   0.03739
   3 k  1.0000000000000 outp   12    5    1    6 val=  -0.08928
   4 k  1.0000000000000 stre    6   12           val=   2.04367
   5 k  1.0000000000000 stre    2    8           val=   2.04312
   6 k  1.0000000000000 stre    3    9           val=   2.04337
   7 k  1.0000000000000 stre   15   13           val=   1.81226
   8 k  1.0000000000000 stre   14   15           val=   1.81795
   9 k  1.0000000000000 stre    1    7           val=   2.04334
  10 k -0.6999054404954 bend    1    8    2      val=  10.45689
        0.6999199229015 bend    3    8    2
        0.1422830836413 bend   14    8    2
  11 k -0.7071067810774 bend    2    7    1      val=   0.03432
        0.7071067812957 bend    6    7    1
  12 k  1.0000000000000 bend   14   13   15      val= 102.82959
  13 k  0.0011163933422 bend    2    9    3      val= 108.32691
        0.0011163933422 bend    4    9    3
        0.9999987536651 bend   14    9    3
  14 k  0.1025494999282 bend    1    8    2      val=  94.76419
       -0.0986684482855 bend    3    8    2
        0.9898222756523 bend   14    8    2
  15 k  1.0000000000000 tors    3    2    1    6 val= -31.96099
        1.0000000000000 tors   14    2    1    6
  16 k  1.0000000000000 tors    5    6    1    2 val=   0.04839
  17 k  1.0000000000000 tors    4   14    2    1 val=  29.44815
        1.0000000000000 tors    4   14    2    3
  18 k  1.0000000000000 stre    1    2           val=   2.63443
  19 k  1.0000000000000 stre    1    6           val=   2.63454
  20 k  1.0000000000000 bend    6    2    1      val= 119.99983
  21 k  1.0000000000000 stre    2    3           val=   2.63566
  22 k  1.0000000000000 stre    2   14           val=   5.19231
  23 k  1.0000000000000 stre    3   14           val=   4.90915
  24 k  1.0000000000000 bend    3    1    2      val= 119.98236
  25 k  1.0000000000000 bend   14    1    2      val=  87.45525
  26 k  1.0000000000000 bend    4    2    3      val= 120.00555
  27 k  1.0000000000000 bend    5    1    6      val= 120.03004
  28 k  1.0000000000000 bend    4    2   14      val=  52.15837
  29 k  1.0000000000000 outp    3    2    4   14 val= -15.55041
        23 non zero eigenvalues  of BmBt
           1           3.790831389    1    0
         1
           2           3.509694424    2    0
         2
           3           2.338362401    3    0
         3
           4           2.253779213    4    0
         4
           5           2.206318944    5    0
         5
           6           2.015562597    6    0
         6
           7           2.009472456    7    0
         7
           8           1.541522962    8    0
         8
           9           1.290750061    9    0
         9
          10           1.143433642   10    0
        10
          11           0.871807709   11    0
        11
          12           0.569262909   12    0
        12
          13           0.485236796   13    0
        13
          14           0.314302122   14    0
        14
          15           1.442378829    0    0
         0.000000000         0.000000000         0.000000000         0.000000000
         0.000000000         0.000000000         0.000000000         0.000000000
         0.000000000         0.000000000         0.000000000         0.000000000
         0.000000000         0.000000000         0.112168982        -0.073106488
         0.003397283        -0.048965388        -0.047563772        -0.142738912
        -0.242133422        -0.764549202        -0.518451898         0.125895694
         0.150990482        -0.037877540         0.061679576         0.027629168
        -0.020517171
          16           1.102637476    0    0
         0.000000000         0.000000000         0.000000000         0.000000000
         0.000000000         0.000000000         0.000000000         0.000000000
         0.000000000         0.000000000         0.000000000         0.000000000
         0.000000000         0.000000000        -0.235925554         0.090478933
         0.128650813         0.484953983        -0.226635331         0.144482290
        -0.293574884         0.141038487        -0.381302821        -0.407053121
        -0.168604252         0.396367170        -0.024864589         0.016092673
         0.092784117
          17           1.003160286    0    0
         0.000000000         0.000000000         0.000000000         0.000000000
         0.000000000         0.000000000         0.000000000         0.000000000
         0.000000000         0.000000000         0.000000000         0.000000000
         0.000000000         0.000000000        -0.158190948         0.059837444
        -0.086191375        -0.582499129         0.259351017         0.382979698
         0.222247053         0.055235620        -0.415474630        -0.225692895
        -0.051364562         0.112727886        -0.335008841         0.082854610
        -0.016781964
          18           0.672907709    0    0
         0.000000000         0.000000000         0.000000000         0.000000000
         0.000000000         0.000000000         0.000000000         0.000000000
         0.000000000         0.000000000         0.000000000         0.000000000
         0.000000000         0.000000000         0.579868626        -0.319509841
         0.021863906         0.086985831        -0.051661221         0.390230444
        -0.055457704        -0.249779932         0.336436180        -0.289808775
         0.005715063         0.170065193        -0.312318159         0.066785195
         0.071210009
          19           0.517261509    0    0
         0.000000000         0.000000000         0.000000000         0.000000000
         0.000000000         0.000000000         0.000000000         0.000000000
         0.000000000         0.000000000         0.000000000         0.000000000
         0.000000000         0.000000000         0.066765403        -0.046592942
         0.273005490         0.212191956         0.865974927        -0.176240445
        -0.149529198         0.047306807        -0.013384396         0.079194753
         0.075543394         0.214387272        -0.077143782         0.014999046
         0.062833738
          20           0.460196155    0    0
         0.000000000         0.000000000         0.000000000         0.000000000
         0.000000000         0.000000000         0.000000000         0.000000000
         0.000000000         0.000000000         0.000000000         0.000000000
         0.000000000         0.000000000        -0.174261308         0.160330140
         0.148773484        -0.391568229        -0.085605795         0.036006153
        -0.753927969         0.021289423         0.277313800         0.117503774
        -0.016201985         0.017936300        -0.235154799        -0.195767653
         0.077881637
          21           0.383997791    0    0
         0.000000000         0.000000000         0.000000000         0.000000000
         0.000000000         0.000000000         0.000000000         0.000000000
         0.000000000         0.000000000         0.000000000         0.000000000
         0.000000000         0.000000000         0.260750884        -0.314790622
         0.160709627        -0.446076643        -0.115154381        -0.339830274
        -0.068029155         0.245172705        -0.087085398        -0.234782702
         0.083692464         0.358131496         0.454640523         0.050640339
         0.085960969
          22           0.232452511    0    0
         0.000000000         0.000000000         0.000000000         0.000000000
         0.000000000         0.000000000         0.000000000         0.000000000
         0.000000000         0.000000000         0.000000000         0.000000000
         0.000000000         0.000000000        -0.032375191         0.643521345
         0.200547240        -0.116881010         0.034103475        -0.073933822
         0.212605809        -0.392306578         0.325368285        -0.247324847
        -0.133632160         0.246531279         0.207055466         0.177789801
         0.071178048
          23           0.047714044    0    0
         0.000000000         0.000000000         0.000000000         0.000000000
         0.000000000         0.000000000         0.000000000         0.000000000
         0.000000000         0.000000000         0.000000000         0.000000000
         0.000000000         0.000000000         0.110438186         0.335730603
        -0.279009749         0.067480372        -0.022851083         0.049319484
        -0.061619517         0.146514979        -0.017028145        -0.105006953
         0.860947392         0.102569290        -0.024436426        -0.006733383
         0.027574892
$end
