$coord
       -2.56319621907566        4.02063083394343       -1.23589497720777      C
       -5.01197650406966        3.31766040117950       -0.55324901360624      C
       -5.49057077690139        0.85803875046669        0.28923752098401      C
       -3.51625546616152       -0.88341509976177        0.41668286767811      C
       -1.01980945127061       -0.21025348005735       -0.21164140243052      C
       -0.57838192614710        2.28975866201472       -1.03568228867892      C
       -2.15184435797207        5.90540097073356       -1.94410342993220      H
       -6.54235628502365        4.68348050976571       -0.69404985810235      H
       -7.39355023641490        0.29375467654117        0.82219182664974      H
       -3.90435814657806       -2.79751250303894        1.05212350168074      H
        1.08302050722964       -2.11690744497883       -0.00190916371771      C
        1.77350834911007        3.04037275287554       -1.91452650545955      O
        3.64371176709878        3.98926439002092       -0.28987973100513      C
        5.64704132684330        4.53109572470876       -1.20010240410831      O
        2.89938326045952        4.29827079989336        2.45118620330719      C
        3.19293777392356       -1.50686076394585        0.70817213821378      O
        0.45247323395987       -4.83813967391555       -0.73931067211883      C
        2.76270854062517       -6.57664330188098       -0.81183844541470      C
        1.17022041858776        5.42846243162043        2.62426534874017      H
        4.45586614688976        5.21337740800582        3.45118914925914      H
        2.53402072129621        2.43081763500587        3.26542286992429      H
       -0.52663025913343       -4.79149935278334       -2.57266907006700      H
       -0.95597147090704       -5.55525989804204        0.61498551791928      H
        4.14951104295521       -5.88978821513765       -2.18839478986509      H
        2.19445471297151       -8.49949395418953       -1.33757604843344      H
        3.69604329770465       -6.63461225904366        1.03537085579127      H
$end
