$coord
        0.00000000000000        0.00000000000000        1.44754638863300      C
        0.00000000000000        0.00000000000000       -1.44754638863300      C
       -1.67127743314511        0.96491247591687        2.19635849722793      H
        0.00000000000000       -1.92982495183375        2.19635849722793      H
        1.67127743314511        0.96491247591687        2.19635849722793      H
        1.67127743314511       -0.96491247591687       -2.19635849722793      H
       -1.67127743314511       -0.96491247591687       -2.19635849722793      H
        0.00000000000000        1.92982495183375       -2.19635849722793      H
$end
