$coord
   -0.55569743203406      1.09030425468557      0.00000000000000      c
    0.51473634678469      3.15152550263611      0.00000000000000      o
    0.59869690244446     -1.16861263789477      0.00000000000000      n
   -0.45355203669134     -2.74568780438064      0.00000000000000      h
    2.52721209544999     -1.29200800956867      0.00000000000000      h
   -2.63139587595376      0.96447869452240      0.00000000000000      h
$user-defined bonds
$redundant
     number_of_atoms             6
     degrees_of_freedom          9
     internal_coordinates        9
     frozen_coordinates          0
# definitions of redundant internals
   1 k -0.8162992749903 bend    5    4    3      val=  -0.05246
        0.4236937758675 bend    1    4    3
        0.3926054991228 bend    1    5    3
   2 k  1.0000000000000 stre    3    5           val=   1.93246
   3 k  1.0000000000000 stre    1    2           val=   2.32260
   4 k  1.0000000000000 stre    1    3           val=   2.53680
   5 k  1.0000000000000 stre    3    4           val=   1.89589
   6 k  1.0000000000000 stre    1    6           val=   2.07951
   7 k  0.8089430808214 bend    6    2    1      val=   1.38960
       -0.3085115539925 bend    3    2    1
       -0.5004315268289 bend    3    6    1
   8 k -0.0179488249472 bend    5    4    3      val=   0.74482
       -0.6979614967588 bend    1    4    3
        0.7159103217060 bend    1    5    3
   9 k -0.1108050479800 bend    6    2    1      val=   5.40785
        0.7559677821970 bend    3    2    1
       -0.6451627342170 bend    3    6    1
         9 non zero eigenvalues  of BmBt
           1           4.237027827    1    0
         1
           2           4.005847980    2    0
         2
           3           2.587982706    3    0
         3
           4           2.375963758    4    0
         4
           5           0.948619256    5    0
         5
           6           0.874597467    6    0
         6
           7           0.648018121    7    0
         7
           8           0.388458729    8    0
         8
           9           0.273486622    9    0
         9
$end
