$coord
    0.00607452450000     -4.06569893412500      0.00000000000000      pb
   -0.10304014450000     -0.81095583012500      0.00000000000000      h
   -1.48984957750000     -5.20124851012500      2.65857423800000      h
   -1.48984957750000     -5.20124851012500     -2.65857423800000      h
    3.11171824650000     -5.04151186112500      0.00000000000000      h
    0.00607452450000      5.31621802187500      0.00000000000000      te
    2.16097631450000      7.52891897087500      0.00000000000000      h
   -2.20210431050000      7.47552665287500      0.00000000000000      h
$redundant
     number_of_atoms             8
     degrees_of_freedom         12
     internal_coordinates       12
     frozen_coordinates          0
# definitions of redundant internals
   1 k  1.0000000000000 stre    2    6           val=   6.12815
   2 k  1.0000000000000 stre    6    8           val=   3.08847
   3 k  1.0000000000000 stre    6    7           val=   3.08863
   4 k  1.0000000000000 stre    1    2           val=   3.25657
   5 k  1.0000000000000 stre    1    5           val=   3.25534
   6 k  1.0000000000000 stre    1    4           val=   3.25504
   7 k -0.4351014122949 bend    4    3    1      val=   0.06845
       -0.3938707186691 bend    5    3    1
       -0.3938707186691 bend    5    4    1
        0.4072833961482 bend    2    3    1
        0.4072833961482 bend    2    4    1
        0.4106810750610 bend    2    5    1
   8 k  0.8164910834527 bend    7    8    6      val= -22.59329
       -0.4056507427621 bend    2    8    6
       -0.4108403406906 bend    2    7    6
   9 k -0.7768756712448 bend    4    3    1      val=   1.82036
        0.4172215591231 bend    5    3    1
        0.4172215591231 bend    5    4    1
       -0.0976861421848 bend    2    3    1
       -0.0976861421848 bend    2    4    1
        0.1709718335981 bend    2    5    1
  10 k  0.0029962157611 bend    7    8    6      val=   1.62072
       -0.7086001281141 bend    2    8    6
        0.7056039123530 bend    2    7    6
  11 k  0.1786777868601 bend    4    3    1      val=   0.44954
       -0.0900212736513 bend    5    3    1
       -0.0900212736513 bend    5    4    1
       -0.3949298647716 bend    2    3    1
       -0.3949298647716 bend    2    4    1
        0.7999546192668 bend    2    5    1
  12 k  1.0000000000000 linc    6    1    2    5 val=   0.00000
        12 non zero eigenvalues  of BmBt
           1           3.660568591    1    0
         1
           2           2.765256787    2    0
         2
           3           2.507249038    3    0
         3
           4           2.197740940    4    0
         4
           5           1.267672919    5    0
         5
           6           0.657274917    6    0
         6
           7           0.569538325    7    0
         7
           8           0.410668896    8    0
         8
           9           0.317353499    9    0
         9
          10           0.217317991   10    0
        10
          11           0.151400746   11    0
        11
          12           0.046063444   12    0
        12
$user-defined bonds
$end
