$coord
        0.00000000000000        0.00000000000000       -5.84586298532000      B
        1.12442702232183        1.94756473206481       -5.87865249389633      H
        1.12442702232183       -1.94756473206481       -5.87865249389633      H
       -2.24885404464368        0.00000000000000       -5.87865249389633      H
        0.00000000000000        0.00000000000000        5.38370563702070      P
        1.12216621065659        1.94364889139429        6.80855121273691      H
        1.12216621065659       -1.94364889139429        6.80855121273691      H
       -2.24433242131323        0.00000000000000        6.80855121273691      H
        0.00000000000000        0.00000000000000       -1.87019308408730      H
        0.00000000000000        0.00000000000000       -0.45734572115244      H
$end
