$coord
        3.85691213995826        0.66092226634609       -0.62943564951994      C
        5.30238255626384        2.06958837648757       -0.17983956688833      H
        4.54096276444476       -1.75021521139923        0.35825805972473      O
        1.27980946459227        1.56047914875298        0.28944935177410      C
        1.32991366327961        1.74009572795763        2.35131063810429      H
        0.94951368245585        3.46042114111300       -0.45690176386136      H
       -0.86570621818851       -0.20130685575790       -0.49397252141016      C
       -0.48515127982187       -2.11031197465125        0.17744150442570      H
       -0.97846995599006       -0.29315510472067       -2.55287071716401      H
        4.69836939240959       -1.57319322617502        2.15909903422396      H
        3.83006669051449        0.42280165579343       -2.67483742123271      H
       -3.39991211033800        0.66506076657711        0.52541567453526      C
       -3.33762862672421        0.72532413295484        2.59395714274522      H
       -3.81433472045822        2.57776218978637       -0.15017275632817      H
       -5.27161403536818       -1.07530519221753       -0.32535036884665      O
       -6.87607655986408       -0.52609219649084        0.32079990831867      H
$end
