$coord
   -3.97403314671339      0.29510246871880     -0.30943396613555  c
   -0.44794445903534      0.29394563619723     -0.35681921656581  si
    0.97611457395319      3.49990278900833     -0.37540811023063  c
    0.52099747090620     -1.89133124825165     -2.95462145767958  c
    2.35205832022475     -1.73121960096563      3.25218577371774  b
   -0.76960599444466     -0.35653433836417      4.44362597076749  cl
    2.24541931717245     -5.12831108543770      3.26184686225677  cl
    5.00346086211241     -0.24952361081274      4.74652876474497  cl
    2.51301856307331     -1.69058216844603     -3.44448218123903  h
    0.47148552804874      4.46184773422293     -2.13318236452487  h
   -4.75679436971271      1.67240684019558      1.00536901997776  h
   -4.66262530794687      0.74506254336779     -2.20747289968660  h
   -4.73412184177917     -1.55514246638520      0.18911938797244  h
   -0.61123663022733     -1.56054298983750     -4.64990791243989  h
    0.22816551415514     -3.85849524173855     -2.40045165552314  h
    3.03137431616558      3.44623422176143     -0.24949956463177  h
    0.27967893114397      4.64596163157039      1.18749018551934  h
    2.33458835290362     -1.03878111480340      0.99511336370036  h
$user-defined bonds
$redundant
     number_of_atoms            18
     degrees_of_freedom         48
     internal_coordinates       48
     frozen_coordinates          0
# definitions of redundant internals
   1 k  0.5773502691896 tors   8    5   18    2 val= 109.25372
        0.5773502691896 tors   7    5   18    2
        0.5773502691896 tors   6    5   18    2
   2 k  1.0000000000000 stre   5    8           val=   3.38503
   3 k  1.0000000000000 stre   5    7           val=   3.39878
   4 k  1.0000000000000 stre   5    6           val=   3.61304
   5 k -0.4840499224228 bend   7    8    5      val=   2.02604
        0.1532590374259 bend   6    8    5
        0.3205672686059 bend   6    7    5
       -0.4114100813971 bend  18    8    5
       -0.1408910040788 bend  18    7    5
        0.6710703660891 bend  18    6    5
   6 k -0.2325354954797 bend   7    8    5      val=   1.28037
        0.5443025088359 bend   6    8    5
       -0.5000116565004 bend   6    7    5
        0.4735112181325 bend  18    8    5
       -0.3889374848121 bend  18    7    5
        0.1554513582809 bend  18    6    5
   7 k -0.4105806206253 bend   7    8    5      val=   4.28249
       -0.4464830786605 bend   6    8    5
       -0.2408185962617 bend   6    7    5
        0.4189796119473 bend  18    8    5
        0.5581857723475 bend  18    7    5
        0.2949026050285 bend  18    6    5
   8 k  0.5701023287312 bend   7    8    5      val=   1.07549
       -0.2447769186990 bend   6    8    5
       -0.5048721059627 bend   6    7    5
       -0.2352935121339 bend  18    8    5
       -0.1041029526093 bend  18    7    5
        0.5421911930989 bend  18    6    5
   9 k  0.0804350030791 bend   7    8    5      val=  -0.01591
       -0.4887235855727 bend   6    8    5
        0.3896090771757 bend   6    7    5
        0.4733663090459 bend  18    8    5
       -0.5973373932277 bend  18    7    5
        0.1483125425549 bend  18    6    5
  10 k  0.3333333333333 tors   9    4    2    1 val=  50.98041
        0.3333333333333 tors   9    4    2    3
        0.3333333333333 tors   9    4    2   18
        0.3333333333333 tors  15    4    2    1
        0.3333333333333 tors  15    4    2    3
        0.3333333333333 tors  15    4    2   18
        0.3333333333333 tors  14    4    2    1
        0.3333333333333 tors  14    4    2    3
        0.3333333333333 tors  14    4    2   18
  11 k  1.0000000000000 stre   4    9           val=   2.06117
  12 k  1.0000000000000 stre   4   15           val=   2.06460
  13 k  1.0000000000000 stre   4   14           val=   2.06528
  14 k  0.4205657786495 bend  15    9    4      val=   1.54855
        0.4444019016802 bend  14    9    4
        0.3959360387458 bend  14   15    4
       -0.3929572397371 bend   2    9    4
       -0.4004172589921 bend   2   15    4
       -0.3925769418517 bend   2   14    4
  15 k  0.1384445992247 bend  15    9    4      val=   0.76777
       -0.6688264577642 bend  14    9    4
        0.5847683531933 bend  14   15    4
       -0.2887612730567 bend   2    9    4
        0.3233967724504 bend   2   15    4
       -0.0598472237870 bend   2   14    4
  16 k -0.7264560645895 bend  15    9    4      val=   0.88570
        0.2712277887193 bend  14    9    4
        0.4682639627373 bend  14   15    4
       -0.2248712990426 bend   2    9    4
       -0.1124956241447 bend   2   15    4
        0.3408864436500 bend   2   14    4
  17 k -0.1092530897977 bend  15    9    4      val=   0.35351
        0.3439164225777 bend  14    9    4
       -0.2408240672846 bend  14   15    4
       -0.4693044145774 bend   2    9    4
        0.7291867078947 bend   2   15    4
       -0.2445999524843 bend   2   14    4
  18 k -0.3235809180838 bend  15    9    4      val=   0.54308
        0.0598373300473 bend  14    9    4
        0.2725439789366 bend  14   15    4
        0.5560212239967 bend   2    9    4
        0.1364348097901 bend   2   15    4
       -0.6997575323446 bend   2   14    4
  19 k  0.3333333333333 tors  17    3    2    1 val=  84.68248
        0.3333333333333 tors  17    3    2    4
        0.3333333333333 tors  17    3    2   18
        0.3333333333333 tors  16    3    2    1
        0.3333333333333 tors  16    3    2    4
        0.3333333333333 tors  16    3    2   18
        0.3333333333333 tors  10    3    2    1
        0.3333333333333 tors  10    3    2    4
        0.3333333333333 tors  10    3    2   18
  20 k  1.0000000000000 stre   3   17           val=   2.05940
  21 k  1.0000000000000 stre   3   16           val=   2.05981
  22 k  1.0000000000000 stre   3   10           val=   2.06634
  23 k  0.4430931273576 bend  16   17    3      val=   1.45903
        0.4039226355217 bend  10   17    3
        0.4113671240571 bend  10   16    3
       -0.3971874501832 bend   2   17    3
       -0.3958234148465 bend   2   16    3
       -0.3960530620042 bend   2   10    3
  24 k  0.0137648327235 bend  16   17    3      val=   0.14927
        0.6288154066918 bend  10   17    3
       -0.6336457197639 bend  10   16    3
        0.3216471499924 bend   2   17    3
       -0.3152099573854 bend   2   16    3
       -0.0089782614582 bend   2   10    3
  25 k -0.7259630122621 bend  16   17    3      val=   1.60730
        0.3990132158535 bend  10   17    3
        0.3791104613924 bend  10   16    3
       -0.1666512355327 bend   2   17    3
       -0.1773437672784 bend   2   16    3
        0.3328933318156 bend   2   10    3
  26 k  0.2248113651934 bend  16   17    3      val=  -0.37754
        0.1196991442003 bend  10   17    3
       -0.3525454566612 bend  10   16    3
       -0.7126042003755 bend   2   17    3
        0.2157223306787 bend   2   16    3
        0.5064610504262 bend   2   10    3
  27 k  0.2442733121792 bend  16   17    3      val=  -0.73092
       -0.3415621421818 bend  10   17    3
        0.0858883471412 bend  10   16    3
        0.1585066237829 bend   2   17    3
       -0.6973573594797 bend   2   16    3
        0.5521389383180 bend   2   10    3
  28 k  0.3333333333333 tors  11    1    2    3 val=  77.22016
        0.3333333333333 tors  11    1    2    4
        0.3333333333333 tors  11    1    2   18
        0.3333333333333 tors  13    1    2    3
        0.3333333333333 tors  13    1    2    4
        0.3333333333333 tors  13    1    2   18
        0.3333333333333 tors  12    1    2    3
        0.3333333333333 tors  12    1    2    4
        0.3333333333333 tors  12    1    2   18
  29 k  1.0000000000000 stre   1   11           val=   2.05873
  30 k  1.0000000000000 stre   1   13           val=   2.06148
  31 k  1.0000000000000 stre   1   12           val=   2.06862
  32 k  0.4533729024351 bend  13   11    1      val=   1.33358
        0.4184940224493 bend  12   11    1
        0.3847112065874 bend  12   13    1
       -0.3941149588154 bend   2   11    1
       -0.3987526868086 bend   2   13    1
       -0.3962104819900 bend   2   12    1
  33 k -0.5461331977316 bend  13   11    1      val=   1.46114
        0.7114245640066 bend  12   11    1
       -0.1340573930823 bend  12   13    1
        0.0820959280506 bend   2   11    1
       -0.3309427272413 bend   2   13    1
        0.2477486736738 bend   2   12    1
  34 k -0.4826845509685 bend  13   11    1      val=   1.95913
       -0.2020462898531 bend  12   11    1
        0.7636729012157 bend  12   13    1
       -0.3146877565493 bend   2   11    1
        0.1089273781898 bend   2   13    1
        0.1791732768033 bend   2   12    1
  35 k -0.2348427791971 bend  13   11    1      val=   0.84441
        0.3384832097596 bend  12   11    1
       -0.0948709480031 bend  12   13    1
       -0.1585619038031 bend   2   11    1
        0.7014090653005 bend   2   13    1
       -0.5515078737166 bend   2   12    1
  36 k  0.1953398698450 bend  13   11    1      val=  -0.40949
        0.0980392419885 bend  12   11    1
       -0.3063793335395 bend  12   13    1
       -0.7281238230360 bend   2   11    1
        0.2259773593948 bend   2   13    1
        0.5264335453098 bend   2   12    1
  37 k  0.5773502691896 tors   3    2   18    5 val=  99.99475
        0.5773502691896 tors   1    2   18    5
        0.5773502691896 tors   4    2   18    5
  38 k  1.0000000000000 stre   2    3           val=   3.50806
  39 k  1.0000000000000 stre   2    1           val=   3.52641
  40 k  1.0000000000000 stre   2    4           val=   3.53028
  41 k -0.1365078169051 bend   1    3    2      val=   3.87229
        0.6201201742555 bend   4    3    2
       -0.2696259637522 bend   4    1    2
        0.3868358080929 bend  18    3    2
       -0.5382863196027 bend  18    1    2
        0.2910744248152 bend  18    4    2
  42 k -0.7289396237069 bend   1    3    2      val=  15.80748
       -0.0346241931847 bend   4    3    2
       -0.0888728686846 bend   4    1    2
        0.2649603299883 bend  18    3    2
        0.5445926412530 bend  18    1    2
        0.3045729503317 bend  18    4    2
  43 k -0.3747387798887 bend   1    3    2      val=  10.35203
        0.1960283636068 bend   4    3    2
        0.8614489606696 bend   4    1    2
       -0.0982926940924 bend  18    3    2
       -0.2399916649452 bend  18    1    2
       -0.1085908040088 bend  18    4    2
  44 k -0.0181881487933 bend   1    3    2      val=  28.88282
        0.6697434758629 bend   4    3    2
       -0.1405889821860 bend   4    1    2
       -0.1779967215517 bend  18    3    2
        0.4056484350755 bend  18    1    2
       -0.5788904215031 bend  18    4    2
  45 k  0.0652844218090 bend   1    3    2      val=  20.74616
        0.2723154085528 bend   4    3    2
       -0.0075093241234 bend   4    1    2
       -0.7269041172470 bend  18    3    2
        0.1121195072714 bend  18    1    2
        0.6168999051739 bend  18    4    2
  46 k  1.0000000000000 stre  18    5           val=   2.36096
  47 k  1.0000000000000 bend   2    5   18      val= 120.38736
  48 k  1.0000000000000 stre   2   18           val=   3.36844
        48 non zero eigenvalues  of BmBt
           1           7.217566606    1    0
         1
           2           4.392235086    2    0
         2
           3           3.778199045    3    0
         3
           4           3.446002427    4    0
         4
           5           3.297925624    5    0
         5
           6           3.275644369    6    0
         6
           7           3.154498294    7    0
         7
           8           3.120473934    8    0
         8
           9           3.094968980    9    0
         9
          10           3.085402361   10    0
        10
          11           3.024539796   11    0
        11
          12           2.789444263   12    0
        12
          13           2.306114828   13    0
        13
          14           2.174006084   14    0
        14
          15           1.539551334   15    0
        15
          16           1.291748225   16    0
        16
          17           1.135379334   17    0
        17
          18           0.996650602   18    0
        18
          19           0.881523099   19    0
        19
          20           0.875078593   20    0
        20
          21           0.861845043   21    0
        21
          22           0.798285906   22    0
        22
          23           0.744550075   23    0
        23
          24           0.711617293   24    0
        24
          25           0.692981315   25    0
        25
          26           0.690939293   26    0
        26
          27           0.689177694   27    0
        27
          28           0.677746548   28    0
        28
          29           0.645554308   29    0
        29
          30           0.609728073   30    0
        30
          31           0.422051384   31    0
        31
          32           0.351756215   32    0
        32
          33           0.344623970   33    0
        33
          34           0.341254499   34    0
        34
          35           0.312971500   35    0
        35
          36           0.307600274   36    0
        36
          37           0.300437045   37    0
        37
          38           0.290412380   38    0
        38
          39           0.238433827   39    0
        39
          40           0.152037447   40    0
        40
          41           0.134884071   41    0
        41
          42           0.089226781   42    0
        42
          43           0.061872085   43    0
        43
          44           0.052234467   44    0
        44
          45           0.043881354   45    0
        45
          46           0.029953719   46    0
        46
          47           0.021380350   47    0
        47
          48           0.014339130   48    0
        48
$end
