$coord
     0.277340627     0.540793299     3.427314997     NA
     0.239706526     2.867785084    -1.403192526     C 
    -2.108279585     1.603028083    -1.259458229     C 
    -2.181110608    -1.059723073    -1.065292133     C 
     0.094028117    -2.457754493    -1.014918709     C 
     2.442039966    -1.193017088    -1.158718051     C 
     2.514887089     1.469773790    -1.352880008     C 
     4.201635362    -2.278479004    -1.168994230     H 
     4.330853918     2.444970704    -1.513389932     H 
     0.294981219     4.924885504    -1.602619694     H 
    -3.870058919     2.681353184    -1.347807360     H 
    -3.999262262    -2.042038793    -1.003343344     H 
     0.036568201    -4.521967728    -0.913916181     H 
$end
