$coord
   -0.68740351994832      2.43710484107336      0.36835255349676      n
    0.51157156626383     -1.44241462151209      1.94193342948953      n
   -1.22817166646322      2.77319635947546     -3.50101121639212      h
   -0.15058620770772     -1.72795460621516     -4.38230260585745      h
    1.12589255968730     -2.47510776917140      3.43242779995004      h
   -0.91058953603109      4.30471672614416      0.66103473926584      h
   -0.71451910336812      1.46195365985235     -2.02467569087943      c
   -0.12646444638570     -0.97417757908503     -2.49349077915152      c
    0.63993708292643     -2.60986624161402     -0.43009796117743      c
    0.00304166475932      1.06139137347539      2.47878793502847      c
    1.37384621302287     -4.78976474205653     -0.62938233589133      o
    0.16344539324442      1.98092259963354      4.57842413211862      o
$redundant
     number_of_atoms            12
     degrees_of_freedom         30
     internal_coordinates       30
     frozen_coordinates          0
# definitions of redundant internals
   1 k  1.0000000000000 stre    7    3           val=   2.04029
   2 k  0.7071073069346 bend    8    3    7      val=   3.57138
       -0.7071062554381 bend    1    3    7
   3 k  1.0000000000000 outp    3    1    8    7 val=   0.23281
   4 k  1.0000000000000 stre    8    4           val=   2.03381
   5 k  0.7071368923067 bend    7    4    8      val=   1.36760
       -0.7070766687841 bend    9    4    8
   6 k  1.0000000000000 outp    4    9    7    8 val=  -1.78454
   7 k  1.0000000000000 stre    2    5           val=   1.91453
   8 k -0.7070516879871 bend   10    5    2      val=   0.78683
        0.7071618700938 bend    9    5    2
   9 k  1.0000000000000 outp    5    9   10    2 val=   9.30093
  10 k  1.0000000000000 stre    1    6           val=   1.90354
  11 k  0.7076235668500 bend    7    6    1      val=   2.93645
       -0.7065896175564 bend   10    6    1
  12 k  1.0000000000000 outp    6   10    7    1 val=   8.46426
  13 k  1.0000000000000 stre    9   11           val=   2.30874
  14 k -0.7071045212069 bend    2   11    9      val=   2.66873
        0.7071090411590 bend    8   11    9
  15 k  1.0000000000000 outp   11    8    2    9 val=   0.78849
  16 k  1.0000000000000 stre   10   12           val=   2.29777
  17 k  0.7071071185502 bend    2   12   10      val=   0.41727
       -0.7071064438227 bend    1   12   10
  18 k  1.0000000000000 outp   12    1    2   10 val=  -0.52793
  19 k  1.0000000000000 stre    1    7           val=   2.58423
  20 k  1.0000000000000 stre    7    8           val=   2.54957
  21 k  1.0000000000000 stre    8    9           val=   2.74234
  22 k  1.0000000000000 stre    9    2           val=   2.64688
  23 k  1.0000000000000 stre    2   10           val=   2.61072
  24 k  1.0000000000000 stre   10    1           val=   2.61213
  25 k -0.5000000000000 bend    1    8    7      val=  -1.09946
       -0.5000000000000 bend    7    9    8
        1.0000000000000 bend    8    2    9
       -0.5000000000000 bend    9   10    2
       -0.5000000000000 bend    2    1   10
        1.0000000000000 bend   10    7    1
  26 k  0.8660254037844 bend    1    8    7      val=   4.31427
       -0.8660254037844 bend    7    9    8
        0.8660254037844 bend    9   10    2
       -0.8660254037844 bend    2    1   10
  27 k -1.0000000000000 bend    1    8    7      val=   3.83682
        1.0000000000000 bend    7    9    8
       -1.0000000000000 bend    8    2    9
        1.0000000000000 bend    9   10    2
       -1.0000000000000 bend    2    1   10
        1.0000000000000 bend   10    7    1
  28 k -0.5000000000000 tors    7    8    9    2 val=   1.75200
       -0.5000000000000 tors    8    9    2   10
        1.0000000000000 tors    9    2   10    1
       -0.5000000000000 tors    2   10    1    7
       -0.5000000000000 tors   10    1    7    8
        1.0000000000000 tors    1    7    8    9
  29 k  0.8660254037844 tors    7    8    9    2 val=   1.33313
       -0.8660254037844 tors    8    9    2   10
        0.8660254037844 tors    2   10    1    7
       -0.8660254037844 tors   10    1    7    8
  30 k -1.0000000000000 tors    7    8    9    2 val=  -4.24500
        1.0000000000000 tors    8    9    2   10
       -1.0000000000000 tors    9    2   10    1
        1.0000000000000 tors    2   10    1    7
       -1.0000000000000 tors   10    1    7    8
        1.0000000000000 tors    1    7    8    9
        30 non zero eigenvalues  of BmBt
           1          11.308404305    1    0
         1
           2           5.735610998    2    0
         2
           3           4.680269096    3    0
         3
           4           4.421236777    4    0
         4
           5           4.335686905    5    0
         5
           6           3.623484501    6    0
         6
           7           3.479114883    7    0
         7
           8           3.372621514    8    0
         8
           9           3.194413957    9    0
         9
          10           2.612333306   10    0
        10
          11           1.959819827   11    0
        11
          12           1.902061572   12    0
        12
          13           1.862962986   13    0
        13
          14           1.574405220   14    0
        14
          15           1.548160000   15    0
        15
          16           1.024472885   16    0
        16
          17           0.921823014   17    0
        17
          18           0.547945512   18    0
        18
          19           0.470020347   19    0
        19
          20           0.402051824   20    0
        20
          21           0.379220786   21    0
        21
          22           0.370798043   22    0
        22
          23           0.344490601   23    0
        23
          24           0.289404650   24    0
        24
          25           0.275363413   25    0
        25
          26           0.260728624   26    0
        26
          27           0.226090341   27    0
        27
          28           0.146836957   28    0
        28
          29           0.113631869   29    0
        29
          30           0.098409799   30    0
        30
$user-defined bonds
$end
