$coord
        2.45946792251569        5.60845784797331       -0.49241395495971      C
        4.57205660250038        4.07463452485853       -0.50207300897414      C
       -2.45946560087792        5.60845211341816       -0.49244901212681      C
       -0.00000354420620        4.67167787404596        0.21007802964212      C
        0.00000251072167        2.27802069725028        1.24429742910104      C
        4.44165693791264        1.44376032478354        0.19504717275495      C
       -4.57205805460441        4.07462702995167       -0.50211291566667      C
        6.08746075761951       -0.60638085511527       -0.51922440332052      C
        1.30573301603127       -5.98809326438396       -0.48598608677252      C
       -1.30573165716149       -5.98808404150623       -0.48598772085012      C
        2.74279000392034       -3.77793086549967        0.19797653279366      C
        1.33913207993643       -1.84081218757183        1.23869958182992      C
       -1.33913525005274       -1.84081100772152        1.23871868004848      C
       -2.74279128308458       -3.77793542666268        0.19800748260798      C
       -5.27844984815715       -3.08982767495748       -0.51935471676055      C
       -6.08743774124639       -0.60638010192142       -0.51923832200818      C
       -4.44165322895511        1.44376417598350        0.19504221295748      C
       -2.16763265799011        0.70524679521023        1.23970489410137      C
        5.27842982080198       -3.08981632831042       -0.51942477716507      C
        2.16763638085856        0.70524214331366        1.23970605712698      C
       -7.94790192735400       -0.18652434181517       -1.26205303274779      H
       -6.53478302251036       -4.52765339571064       -1.25675452281718      H
       -2.28328078409216       -7.63785690377739       -1.20092156598289      H
        2.28327588788174       -7.63786853926690       -1.20092267874768      H
        6.53474899273360       -4.52764459314816       -1.25683930745502      H
        7.94792452544455       -0.18652343202065       -1.26203941458445      H
        6.32534614877676        4.83416488652477       -1.23642673492315      H
        2.63662950329081        7.51398941870696       -1.21892246897446      H
       -2.63661699201092        7.51396735559132       -1.21900056328375      H
       -6.32534949864247        4.83414155122978       -1.23648259127958      H
$end
