$coord
    1.82520227931579      2.40599615105263     -2.64255343384210      c
    2.93944816131579      4.11365600005263     -2.77922872984210      h
    3.00792883631579      0.05298093305263     -2.71425940384210      c
    5.03930141731579     -0.06532777994737     -2.90037712084210      h
    1.57141808631579     -2.14870172394737     -2.53567313584210      c
    2.48963747831579     -3.97346527094737     -2.58061921384210      h
   -1.04693101668421     -1.99652477294737     -2.28946989784211      c
   -2.16026041768421     -3.70451515694737     -2.15028353384210      h
   -2.22963307668421      0.35636043105263     -2.22012440584211      c
   -4.26075056368421      0.47358252805263     -2.02839003784210      h
   -0.79353497868421      2.55738029405263     -2.39426643884210      c
   -1.71057061568421      4.38287224105263     -2.33852372684211      h
    1.03671326931579     -0.07145217594737      4.03586264315789      n
    1.29110507731579      0.01177230505263      2.14033263015790      h
    1.30409545831579      1.71461617605263      4.66414414615789      h
   -1.56373767468421     -0.83940546594737      4.56014027015789      c
   -1.86208112468421     -0.89335148694737      6.59453524715789      h
   -3.02128746368421      0.37073875505263      3.72843596115789      h
   -1.85606313168421     -2.74721198094737      3.85031818115790      h
$user-defined bonds
$end
