$coord
   -8.98838827455779      2.22259121000828      0.41571071010209       c
  -10.30811019085043      0.51079465211533      1.92678395166858       c
   -9.02844198407256     -1.27303655227887      3.37603534439898       c
   -6.39590645521586     -1.40220030997305      3.36832169015155       c
   -5.13319655275088      0.30768752507945      1.84767928436168       c
   -6.38134035624941      2.09859251131332      0.38078821035717       c
   -2.47870836430996      0.61130377562877      1.53214121109032       n
   -4.42483856392361      3.62838974978796     -0.97829954139573       c
   -1.95778932617395      2.47845049237431     -0.10616315289496       c
   -0.73084906232004     -0.49225900222711      3.34840983174577       c
    0.39769787132120      3.41156517906712     -0.84130260400526       c
    2.73812153850369      2.23834636446853     -1.03820374298473       c
    5.23746510626749      3.62267939847785     -1.00309103097132       c
    3.18791731054106     -0.23251699595045     -1.43725042034895       n
    5.82781764170846     -0.73343051110696     -1.55479441511470       c
    1.30618262578551     -2.05890022857027     -2.25508619301100       c
    7.13700000286424      1.53888456395323     -1.32744550443892       c
    7.03110878696527     -3.03370956132450     -1.85655703312296       c
    9.66546277751760     -3.00347460070334     -1.94139159086230       c
   11.00501867441521     -0.74853652781900     -1.74454264603979       c
    9.74599970667543      1.55033884714957     -1.44232456266971       c
   -9.99260781713672      3.61401790825494     -0.69348727005322       h
  -12.34855131063560      0.57853986155224      1.97899443032991       h
  -10.08874703433539     -2.57667022371596      4.53585381674852       h
   -5.41289236759130     -2.77785755973210      4.51089422793603       h
   -4.49211110599269      5.63778865350727     -0.49753742901811       h
   -4.57617996658557      3.49179921651627     -3.03220587339529       h
   -1.09941720033415      0.32985107881519      5.20276235848121       h
   -1.01260561666494     -2.52499443916969      3.45699590419499       h
    1.20423086795103     -0.10449197141722      2.81639542406040       h
    0.38598558502962      5.38148184332598     -1.39734500965256       h
    5.31067468553752      5.02603761736839     -2.51763774251994       h
    5.45997598952908      4.65620259547853      0.76841811761561       h
   -0.19569583487793     -1.06552693815227     -3.24746013171576       h
    0.49100370616888     -3.11030163188954     -0.68794124922704       h
    2.20466873422707     -3.38049142668091     -3.54333057175672       h
    6.00266725591665     -4.79039209411954     -2.00937468787629       h
   10.67777708109961     -4.76295422294368     -2.16762573887544       h
   13.04537598335801     -0.77880252553788     -1.82713382077013       h
   10.80001321072306      3.29501552321904     -1.29753068735673       h
$end
