$coord
       -2.79418482780457       -3.81569182395936       -0.72612250968814      O
       -2.92010416984558        0.43623030662536        0.00432525202633      N
        2.55446538925171        0.43582875013353       -0.06215703301132      N
        2.47046837806702       -3.85814821243285        0.76132105663419      N
       -4.15540947914124        2.64063799858093        0.40987609699369      C
       -4.07874908447265       -1.88422560214995       -0.39095170423387      C
       -6.79659142494202       -1.77357410907746       -0.36414990946651      C
       -8.06296648979187        0.44659376621247        0.03619718924165      C
        3.84450302124023       -1.72661435127257        0.28566737845541      C
        6.50587830543517       -1.76679872989654        0.25995348766445      C
        7.81891903877258        0.45398521900177       -0.13140058889985      C
        6.47982296943665        2.69883525848387       -0.49495263025165      C
        3.86830172538757        2.57379377365112       -0.44310061261058      C
       -6.73547139167786        2.73060095787049        0.44055940583348      C
       -2.97427239418030        4.28036296844483        0.70214783027767      H
       -7.78778996467590       -3.53035890579223       -0.67060388252138      H
       -0.95908119678496        0.43061763525011       -0.01811770908534      H
      -10.10777344703674        0.44862688064577        0.04573256149889      H
        7.49262175559998       -3.53279745101927        0.54943238571286      H
        9.86238036155701        0.44079983711243       -0.15736920759082      H
        7.42680535316466        4.47693527221680       -0.81248129531742      H
        2.74575505256652        4.26330650329590       -0.72565085813403      H
       -7.69691433906554        4.49644649505616        0.76439468935132      H
        3.37972745895386       -5.50782930374144        0.52363799884914      H
        0.61965939998628       -3.85756313323974        0.21381260827185      H
$end
