$coord
    0.00000000000000      0.00000000000000     -4.48996872174948  b
    1.11595239256820      1.93288624275617     -4.90127272899450  h
    1.11595239256820     -1.93288624275617     -4.90127272899450  h
   -2.23190478513639      0.00000000000000     -4.90127272899450  h
   -0.00000000000000      0.00000000000000      3.34182437553499  p
    1.16501779896459      2.01787001952873      4.57792928602921  h
    1.16501779896459     -2.01787001952873      4.57792928602921  h
   -2.33003559792919      0.00000000000000      4.57792928602921  h
    0.00000000000000      0.00000000000000     -1.90300791221861  h
   -0.00000000000000      0.00000000000000     -0.27881741267118  h
$user-defined bonds
$redundant
     number_of_atoms            10
     degrees_of_freedom          7
     internal_coordinates        7
     frozen_coordinates          0
# definitions of redundant internals
   1 k  1.0000000000000 stre   1    9           val=   2.58696
   2 k  1.0000000000000 stre   9   10           val=   1.62419
   3 k  1.0000000000000 stre  10    5           val=   3.62064
   4 k  1.7320508075689 stre   5    6           val=   2.63762
   5 k  0.4541663474823 bend   7    6    5      val=   4.06034
        0.4541663474823 bend   8    6    5
        0.4541663474823 bend   8    7    5
       -0.3564635495361 bend  10    6    5
       -0.3564635495361 bend  10    7    5
       -0.3564635495361 bend  10    8    5
   6 k  1.7320508075689 stre   1    4           val=   2.26949
   7 k -0.2831697806328 bend   3    4    1      val=  22.21063
       -0.2831697806328 bend   2    4    1
       -0.2831697806328 bend   2    3    1
        0.5031383593702 bend   9    4    1
        0.5031383593702 bend   9    3    1
        0.5031383593702 bend   9    2    1
         7 non zero eigenvalues  of BmBt
           1           3.830339082    1    0
         1
           2           2.989159769    2    0
         2
           3           1.777354411    3    0
         3
           4           1.000000000    4    0
         4
           5           0.773108765    5    0
         5
           6           0.531680054    6    0
         6
           7           0.114814948    7    0
         7
$end
