$coord
   -2.26715754888980      0.05484004301845      0.21873021610680      o
   -3.08294478339983     -1.38577381693543      0.99854348572980      h
   -3.20119935282092      0.55864770775637     -1.27069433460709      h
    2.26715754888980     -0.05484004301845      0.21873021610680      o
    0.00000000000000      0.00000000000000      0.10684126554095      h
    3.20119935282092     -0.55864770775637     -1.27069433460709      h
    3.08294478339983      1.38577381693543      0.99854348572980      h
$redundant
     number_of_atoms             7
     degrees_of_freedom          8
     internal_coordinates        8
     frozen_coordinates          0
# definitions of redundant internals
   1 k  1.0000000000000 outp    3    5    2    1 val=  38.99219
   2 k  1.0000000000000 tors    3    1    4    6 val= 100.20873
        1.0000000000000 tors    3    1    4    7
        1.0000000000000 tors    2    1    4    6
        1.0000000000000 tors    2    1    4    7
   3 k  1.0000000000000 stre    1    3           val=   1.82884
   4 k  1.0000000000000 stre    1    2           val=   1.83002
   5 k  0.8273782794188 bend    2    3    1      val=  -1.60552
       -0.3935285227271 bend    5    3    1
       -0.4007249487445 bend    5    2    1
   6 k  0.0512107844285 bend    2    3    1      val=  20.98649
        0.7633711176148 bend    5    3    1
       -0.6439270085575 bend    5    2    1
   7 k  1.0000000000000 stre    5    4           val=  89.19699
   8 k  1.0000000000000 linp    4    1    5    2 val=   0.08407
         8 non zero eigenvalues  of BmBt
           1           5.116694167    1    0
         1
           2           3.408060123    2    0
         2
           3           2.818662556    3    0
         3
           4           1.320398667    4    0
         4
           5           0.964584222    5    0
         5
           6           0.848301087    6    0
         6
           7           0.263437542    7    0
         7
           8           0.224935722    8    0
         8
$user-defined bonds
$end
