$coord
   -3.75979023808252      1.83076695298958      0.71551241695455  c
   -1.33105170181713      2.29283782797010      0.23829723279685  c
    0.63078538191769      0.59126294821481     -0.65677049968844  c
    3.07744769779437      1.49958431848292     -1.12987925202948  c
   -4.99270591993824      3.33566900521543      1.36709005931357  h
   -0.75182893953534      4.23633580977972      0.54415221862183  h
    3.38452529834401      3.55486852629639     -1.24371588130871  h
    4.96304738437412      0.06994595672611     -1.27617266011253  o
    4.19244618854271     -2.19328820631828      0.19229052837249  h
    0.42760766476159     -2.08133461399936     -0.83807770312200  c
    1.21321032282802     -2.99011563066200     -2.50281152246366  h
   -1.24835812340794     -3.01648235823233     -0.13142017351998  h
    2.93044200821130     -3.43250576605966      1.07366223108725  o
    2.69760176547182     -2.81541746493217      2.77308586429578  h
   -4.81840173376997     -0.50895785743958      0.50532846871778  o
   -6.61497705569447     -0.37316944803188      0.36942867208482  h
$user-defined bonds
$redundant
     number_of_atoms            16
     degrees_of_freedom         42
     internal_coordinates       42
     frozen_coordinates          0
# definitions of redundant internals
   1 k  1.0000000000000 stre   8    9           val=   2.80579
   2 k  1.0000000000000 stre   9   13           val=   1.97614
   3 k  1.0000000000000 linc   8   13    9   14 val=   7.03330
   4 k  1.0000000000000 linp   8   13    9   14 val=  22.04286
   5 k  1.0000000000000 stre   1    5           val=   2.05167
   6 k  0.7071499990098 bend   2    5    1      val=   1.96664
       -0.7070635607217 bend  15    5    1
   7 k  1.0000000000000 outp   5   15    2    1 val=   1.84736
   8 k  1.0000000000000 stre   2    6           val=   2.05091
   9 k  0.7090008492588 bend   1    6    2      val=  -0.19283
       -0.7052076259871 bend   3    6    2
  10 k  1.0000000000000 outp   6    3    1    2 val=   0.80823
  11 k  1.0000000000000 stre   4    7           val=   2.08121
  12 k  0.7076958270459 bend   8    7    4      val=  -0.20385
       -0.7065172442211 bend   3    7    4
  13 k  1.0000000000000 outp   7    3    8    4 val=   3.91544
  14 k  0.5000000000000 tors  12   10    3    2 val=  62.88833
        0.5000000000000 tors  12   10    3    4
        0.5000000000000 tors  11   10    3    2
        0.5000000000000 tors  11   10    3    4
  15 k  1.0000000000000 stre  10   12           val=   2.04517
  16 k  1.0000000000000 stre  10   11           val=   2.05290
  17 k -0.8147828466837 bend  11   12   10      val=   2.87057
        0.4531788904646 bend   3   12   10
        0.3616044883395 bend   3   11   10
  18 k  0.0528730816125 bend  11   12   10      val=   0.65817
        0.6791901204337 bend   3   12   10
       -0.7320554743638 bend   3   11   10
  19 k  1.0000000000000 outp  12    3   11   10 val=  30.84971
  20 k  1.0000000000000 tors  14   13    8    4 val= -66.46032
  21 k  1.0000000000000 stre  13   14           val=   1.82292
  22 k  1.0000000000000 bend   9   14   13      val= 106.56369
  23 k  1.0000000000000 tors  16   15    1    2 val= 199.18588
  24 k  1.0000000000000 stre  15   16           val=   1.80682
  25 k  1.0000000000000 bend   1   16   15      val= 110.26795
  26 k  1.0000000000000 stre   3   10           val=   2.68643
  27 k  0.7071091742335 bend   4   10    3      val=  -6.13465
       -0.7071043881315 bend   2   10    3
  28 k  1.0000000000000 outp  10    2    4    3 val=  -6.68056
  29 k  1.0000000000000 tors   9    8    4    3 val= -23.74371
  30 k  1.0000000000000 bend   4    9    8      val= 103.63164
  31 k  1.0000000000000 tors  15    1    2    3 val=   2.68831
  32 k  1.0000000000000 stre   1   15           val=   2.57665
  33 k  1.0000000000000 bend   2   15    1      val= 123.19361
  34 k  1.0000000000000 tors   1    2    3    4 val= 177.60729
  35 k  1.0000000000000 stre   2    1           val=   2.51794
  36 k  1.0000000000000 bend   3    1    2      val= 129.56739
  37 k  1.0000000000000 tors   8    4    3    2 val= 161.51246
  38 k  1.0000000000000 stre   4    8           val=   2.37081
  39 k  1.0000000000000 bend   3    8    4      val= 122.55823
  40 k  1.0000000000000 stre   3    4           val=   2.65236
  41 k  1.0000000000000 stre   3    2           val=   2.74687
  42 k  1.0000000000000 bend   2    4    3      val= 120.31822
        42 non zero eigenvalues  of BmBt
           1           6.348123734    1    0
         1
           2           5.803709612    2    0
         2
           3           4.529252973    3    0
         3
           4           4.033992163    4    0
         4
           5           3.681040394    5    0
         5
           6           3.535655172    6    0
         6
           7           3.323681110    7    0
         7
           8           3.282152082    8    0
         8
           9           3.052220074    9    0
         9
          10           2.819843287   10    0
        10
          11           2.618057001   11    0
        11
          12           2.327404604   12    0
        12
          13           2.279047812   13    0
        13
          14           2.000153364   14    0
        14
          15           1.725351590   15    0
        15
          16           1.581971333   16    0
        16
          17           1.508253040   17    0
        17
          18           1.375894167   18    0
        18
          19           1.279712694   19    0
        19
          20           1.138558486   20    0
        20
          21           1.042148159   21    0
        21
          22           0.897522774   22    0
        22
          23           0.893503677   23    0
        23
          24           0.722376690   24    0
        24
          25           0.590905212   25    0
        25
          26           0.530389034   26    0
        26
          27           0.501780979   27    0
        27
          28           0.421674883   28    0
        28
          29           0.368630556   29    0
        29
          30           0.344884766   30    0
        30
          31           0.313732900   31    0
        31
          32           0.280327713   32    0
        32
          33           0.251594112   33    0
        33
          34           0.186809601   34    0
        34
          35           0.122448532   35    0
        35
          36           0.103389914   36    0
        36
          37           0.081987327   37    0
        37
          38           0.050841684   38    0
        38
          39           0.026075482   39    0
        39
          40           0.019624621   40    0
        40
          41           0.012065633   41    0
        41
          42           0.007450257   42    0
        42
$end
