$coord
       -0.15661665268346        7.23479568339742       -0.19811728630941      C
        0.35037615172985        5.40879007137139       -2.48284167164139      C
        0.51138377416686        2.84399865531591       -1.06687469600762      C
        0.03788354177948        3.73533294122800        1.74966030484228      C
        2.28488033503821        5.21323545468415        2.71932712254362      C
        2.20189141657468        7.40721432273675        1.46051652342827      C
       -1.85237321029062       -4.54600166747288        0.67636573773283      C
       -2.51421515303486       -5.94423181736696       -1.46906628302283      C
       -0.95025116871054       -7.89357226408594       -2.33892672046079      C
        1.29552760674277       -8.44933896642697       -1.06477010047480      C
        1.96981867137992       -7.05574617128625        1.08373373978213      C
        0.40583621573757       -5.11409039997116        1.94773096977788      C
       -1.82536618538578        5.73083671664434        1.32363147595632      O
       -1.57264206427100       10.20749229652706       -1.04344744857676      Cl
       -1.12734613293901        1.44468372462672        3.05660331566532      C
       -2.20214783729453        0.05068952303623        1.15970260809810      N
       -1.76159010224740        1.02877671232771       -1.39849287948132      C
       -3.47068632386159       -2.36149716489891        1.58126530057619      C
       -1.07049643014646        0.93140793127812        5.31013774864042      O
        2.99928800792227        1.42299826842429       -1.44614905055134      C
       -1.25220437373195        5.49574286539899       -3.78678410533185      H
        2.09026828171438        5.89019595750095       -3.49149306063266      H
        3.71700207711923        4.50037778544194        3.99903931612161      H
        3.53681522239680        8.96059186143729        1.42378635246661      H
       -4.26632172348500       -5.50713005505818       -2.45900478704107      H
       -1.48439659243533       -8.97065766829268       -4.00778479340503      H
        2.51445406552931       -9.96362199644047       -1.73591133356282      H
        3.71064064524909       -7.49306482475472        2.08839533870607      H
        0.91627552800032       -4.02355385533333        3.61620077530705      H
       -1.32637430332095       -0.54810358833425       -2.67330069299528      H
       -3.44659179396474        2.02819998434394       -2.08673404431206      H
       -5.29413290011113       -2.34994019023971        0.58849007315611      H
       -3.82314078377122       -2.49642791142697        3.61775486913200      H
        4.61306457298671        2.63176485302523       -0.97205499259341      H
        3.18331583683973        0.82639216771897       -3.42427212619879      H
        3.05817178077842       -0.27653923507615       -0.25631549933359      H
$end
