$coord
    0.00084947463514      0.16491024473260     -0.06266286377360       s
    3.51971099510686      0.16129096198485     -0.06570346283337       c
   -3.52621681456306      0.16853649241644     -0.05961333891542       c
    4.11456056341837     -1.70636468145258      0.52665636568843       h
    4.10422888736008      0.60605114243533     -1.97691767496995       h
    4.12063558449627      1.59768060852413      1.26343654254501       h
   -4.09495595589936     -0.30845209959040     -1.96746521546007       h
   -4.11347504548231     -1.24026016718299      1.30150020317741       h
   -4.12978360738006      2.05152319397836      0.47366186244811       h
$end
