$coord
    2.58910621576209     -0.64418874143939      1.23547837924091       c
    1.44401343745710     -2.31644330122642      1.58106015606624       h
    3.89334228034804     -1.12748997937716     -1.07730830191838       o
    0.92064244659763      1.70031699286038      1.11609871024812       c
   -0.12552694810306      1.82318698602061      2.88984857090631       h
    2.11294814260663      3.38599427736930      1.00684608360147       h
   -0.92064244659763      1.70029431614679     -1.11613272531851       c
    0.12552505837693      1.82313407368889     -2.88988258597670       h
   -2.11294814260663      3.38597349038184     -1.00691033428999       h
    5.02296953998149      0.26564825113040     -1.36504745154221       h
    3.92353065532089     -0.47512061350851      2.80510947165545       h
   -2.58910810548822     -0.64421141815298     -1.23546704088411       c
   -3.92353065532089     -0.47517352584023     -2.80510380247705       h
   -1.44401721690937     -2.31647353684454     -1.58101480263905       h
   -3.89334794952644     -1.12747297184196      1.07732719917971       o
   -5.02291851737590      0.26570872236665      1.36507957688647       h
$end
