$coord
    1.72551260925000      1.70032656360000     -3.28578914800000      c
    3.04028800125000      3.25904345360000     -3.15723366500000      h
    2.60797061625000     -0.73406899840000     -3.77526997900000      c
    4.60818405125000     -1.06302443140000     -4.03228052400000      h
    0.91301976625000     -2.74569263440000     -3.91997379300000      c
    1.59867591325000     -4.63494522640000     -4.28739234900000      h
   -1.66542532675000     -2.32232822740000     -3.58277381000000      c
   -2.97960349675000     -3.88328019640000     -3.68999604200000      h
   -2.54841931875000      0.11167039860000     -3.09260436900000      c
   -4.54549860175000      0.43973345660000     -2.81232336800000      h
   -0.85306664175000      2.12492135260000     -2.93885864200000      c
   -1.53338698975000      4.00328931060000     -2.51715568400000      h
   -0.32282857875000      1.05648951460000      4.23922737400000      c
   -1.20757862275000      3.03965607360000      3.52252916700000      o
    0.43913270925000     -0.79083719640000      2.65320820500000      o
    0.12032682425000     -0.17494982440000      0.94979926800000      h
    0.07392751825000      0.30629270060000      6.94419210000000      c
   -0.51182357275000      1.83571707660000      8.17249299300000      h
   -1.01470720575000     -1.38808092640000      7.35417025900000      h
    2.05530034625000     -0.13993223940000      7.25603200700000      h
$user-defined bonds
$end
