$coord
    3.39594249648204      1.04252550603481      0.31103332197442       n
    3.94514128074333      2.75481964865002      0.94217520345301       h
    0.70882796401256      0.63477785400529      0.12496508464409       c
    0.31961890220271     -0.39386983171616     -1.61558798469405       h
   -0.23602310445654     -0.92728726476801      2.37587646257912       c
    0.14581492479753      0.13655829833045      4.10357748334943       h
    0.91726884017065     -2.63258515324068      2.43342150361238       h
   -3.02830621042191     -1.63208270309764      2.31561497049823       c
   -3.43640149266344     -2.96892864249222      3.82938103400165       h
   -4.21983372455825      0.02166973645629      2.61311542965674       h
   -4.12332786701106     -2.96339889830827     -0.65506220342198       s
   -1.81048766125946     -5.44576735422469     -1.07895331241960       c
   -2.35933223706081     -6.46545673200751     -2.77621264733912       h
   -1.86789503187262     -6.74027971892330      0.51808793367748       h
    0.08973217141152     -4.69650834232211     -1.31861306672688       h
   -0.53798755281597      3.22286843926891      0.05677395773879       c
    0.44337132028587      5.05471273021490      1.09586543625051       o
   -2.77603850255943      3.27833878091458     -1.16470259265196       n
   -3.39074542146233      1.64108369823335     -1.93206704896756       h
    5.05785498103795     -0.79780045858401     -0.31483615396005       c
    4.36567177031558     -2.89190418002757     -1.04888247216154       o
    7.81305440197006     -0.10380725556571     -0.08485044655882       c
    8.64271588344821     -0.09109894015783     -1.96590088712046       h
    8.76706075939521     -1.55711078272588      1.00835314528543       h
    8.11008707704080      1.72812237796936      0.79571529534263       h
   -4.31569154998968      5.53413249481170     -1.30584305099879       c
   -4.57669360519324      6.12464865761675     -3.25822082479654       h
   -6.15916924233506      5.22153051724555     -0.44827531676128       h
   -3.33413265743904      7.01513743272354     -0.28099806313661       h
$end
