$coord
       -2.28126874241498       -1.31709112252716        0.00000000000000      C
       -2.28126874241498        1.31709112252716        0.00000000000000      C
        0.00000000000000       -2.63418224505434        0.00000000000000      C
        0.00000000000000        2.63418224505434        0.00000000000000      C
        2.28126874241498        1.31709112252716        0.00000000000000      C
        2.28126874241498       -1.31709112252716        0.00000000000000      C
        0.00000000000000       -4.67600047621707        0.00000000000000      H
        4.04953520051212       -2.33800023810855        0.00000000000000      H
        4.04953520051212        2.33800023810855        0.00000000000000      H
        0.00000000000000        4.67600047621707        0.00000000000000      H
       -4.04953520051212        2.33800023810855        0.00000000000000      H
       -4.04953520051212       -2.33800023810855        0.00000000000000      H
$end
