$coord
    0.00000000000000     -7.18957741011735     -0.63662908365210      c
    0.00000000000000     -4.80612551667534      0.97695965830765      c
    0.00000000000000     -2.40185999505730     -0.60482770067471      c
    0.00000000000000      0.00000000000000      0.97991615124296      c
    0.00000000000000      2.40185999505730     -0.60482770067471      c
    0.00000000000000      4.80612551667534      0.97695965830765      c
    0.00000000000000      7.18957741011735     -0.63662908365210      c
    1.66229309446063     -7.24990071465099     -1.85107954111679      h
    0.00000000000000     -8.89197573992936      0.51912998036791      h
   -1.66229309446063     -7.24990071465099     -1.85107954111679      h
    1.65262702502305     -4.80122568639533      2.21369434915800      h
   -1.65262702502305     -4.80122568639533      2.21369434915800      h
    1.65412190775061     -2.40245151031611     -1.84444907201619      h
   -1.65412190775061     -2.40245151031611     -1.84444907201619      h
    1.65436442787877      0.00000000000000      2.21907759797974      h
   -1.65436442787877      0.00000000000000      2.21907759797974      h
    1.65412190775061      2.40245151031611     -1.84444907201619      h
   -1.65412190775061      2.40245151031611     -1.84444907201619      h
    1.65262702502305      4.80122568639533      2.21369434915800      h
   -1.65262702502305      4.80122568639533      2.21369434915800      h
    1.66229309446063      7.24990071465099     -1.85107954111679      h
    0.00000000000000      8.89197573992936      0.51912998036791      h
   -1.66229309446063      7.24990071465099     -1.85107954111679      h
$user-defined bonds
$redundant
     number_of_atoms            23
     degrees_of_freedom         19
     internal_coordinates       19
     frozen_coordinates          0
# definitions of redundant internals
   1 k  1.0000000000000 stre    2    1           val=   2.87828
   2 k  1.0000000000000 stre    1    9           val=   2.05765
   3 k  1.0000000000000 stre    3    2           val=   2.87794
   4 k  0.4252168986250 bend    8    9    1      val=   1.43962
        0.4252168986250 bend   10    9    1
        0.4082596497741 bend   10    8    1
       -0.3947197737993 bend    2    9    1
       -0.3974302056874 bend    2    8    1
       -0.3974302056874 bend    2   10    1
   5 k  1.0000000000000 stre    3   13           val=   2.06707
   6 k  1.0000000000000 stre    4   15           val=   2.06699
   7 k  1.0000000000000 stre    2   11           val=   2.06415
   8 k  1.0000000000000 stre    1   10           val=   2.05955
   9 k  1.0000000000000 stre    4    3           val=   2.87756
  10 k  0.0016349531723 bend   14   13    3      val=   0.02780
       -0.5001116424243 bend    4   13    3
       -0.5001116424243 bend    4   14    3
        0.4998869958058 bend    2   13    3
        0.4998869958058 bend    2   14    3
  11 k  0.0149640828581 bend   12   11    2      val=   0.25852
        0.4989574369803 bend    3   11    2
        0.4989574369803 bend    3   12    2
       -0.5009286518000 bend    1   11    2
       -0.5009286518000 bend    1   12    2
  12 k -0.3337728984394 bend    8    9    1      val=   0.43139
       -0.3337728984394 bend   10    9    1
        0.6903867756816 bend   10    8    1
       -0.4503092985886 bend    2    9    1
        0.2211096335570 bend    2    8    1
        0.2211096335570 bend    2   10    1
  13 k  0.9044401579335 bend   12   11    2      val=   1.65897
       -0.2203672057543 bend    3   11    2
       -0.2203672057543 bend    3   12    2
       -0.2059910070528 bend    1   11    2
       -0.2059910070528 bend    1   12    2
  14 k  0.9062809819211 bend   14   13    3      val=   2.26870
       -0.2105480594504 bend    4   13    3
       -0.2105480594504 bend    4   14    3
       -0.2121247405791 bend    2   13    3
       -0.2121247405791 bend    2   14    3
  15 k  0.9060772319343 bend   16   15    4      val=   2.20885
       -0.2115561685288 bend    3   15    4
       -0.2115561685288 bend    3   16    4
       -0.2115561685288 bend    5   15    4
       -0.2115561685288 bend    5   16    4
  16 k  1.0000000000000 bend    4    2    3      val= 113.24196
  17 k -0.2214458430410 bend    8    9    1      val=   0.22962
       -0.2214458430410 bend   10    9    1
        0.4499533183427 bend   10    8    1
        0.6805272798926 bend    2    9    1
       -0.3437645341175 bend    2    8    1
       -0.3437645341175 bend    2   10    1
  18 k  1.0000000000000 bend    5    3    4      val= 113.16646
  19 k  1.0000000000000 bend    3    1    2      val= 112.56087
        19 non zero eigenvalues  of BmBt
           1           4.137043763    1    0
         1
           2           3.897200370    2    0
         2
           3           3.425704470    3    0
         3
           4           3.118981687    4    0
         4
           5           2.458488079    5    0
         5
           6           2.279821847    6    0
         6
           7           1.728557934    7    0
         7
           8           0.882059589    8    0
         8
           9           0.798186331    9    0
         9
          10           0.769556137   10    0
        10
          11           0.756197819   11    0
        11
          12           0.692295304   12    0
        12
          13           0.463280511   13    0
        13
          14           0.401284972   14    0
        14
          15           0.289566172   15    0
        15
          16           0.261320203   16    0
        16
          17           0.083353199   17    0
        17
          18           0.036297976   18    0
        18
          19           0.006053430   19    0
        19
$end
