$coord
        3.85710489202382        0.66409700624934       -0.61338053629494      C
        5.31678037967029        2.04379550449981       -0.12418902200099      H
        4.50740500777695       -1.77888424656125        0.32151233507077      O
        1.28509124913370        1.56606328947565        0.31754957937009      C
        1.32384197321463        1.68434502758523        2.38370054402196      H
        0.97249653168402        3.48865553926445       -0.37533551478761      H
       -0.87390573987910       -0.15045810497421       -0.52963354326385      C
       -0.46564930613048       -2.08816627409995        0.05431828796367      H
       -1.00166823399736       -0.15339851883699       -2.58979218634834      H
        4.73030765378149       -1.62870771078081        2.11782174630333      H
        3.83682624089184        0.47524533543327       -2.66391480418463      H
       -3.40836674505653        0.66834133114380        0.55445320629318      C
       -3.32056251001812        0.67258943549054        2.62353702590327      H
       -3.85450462886497        2.58702751701590       -0.04726771976187      H
       -5.45679585803417       -0.84722658633502       -0.31235472223080      O
       -5.10226622796964       -2.56076599294720        0.17394173162760      H
$end
