$coord
    0.48156457962165     -4.65759477164031      0.89375731290506       c
   -0.03743547469246     -2.42292747908839     -0.52376216416898       c
    0.00000000000000      0.00000000000000      0.74986789596875       c
    0.00000000000000      0.00000000000000      3.41642075783489       c
    0.42338558116850     -2.28222980959052      4.77890952019317       c
    0.77561541452932     -4.50756941395052      3.56145912826000       c
    0.03743547469246      2.42292747908839     -0.52376216416898       c
   -0.42338558116850      2.28222980959052      4.77890952019317       c
   -0.77561541452932      4.50756941395052      3.56145912826000       c
   -0.48156457962165      4.65759477164031      0.89375731290506       c
    0.50098529508931     -2.18750917690576      6.82037688209727       h
    1.17496178956138     -6.22162660552312      4.60282483913089       h
   -0.55669631121291      7.02294796463808     -0.33229133293274       c
    0.75081842821359      2.75536054148110     -3.07876071295862       c
    0.00000000000000      7.24761183539845     -2.85484895319913       c
    0.72996530033720      5.09272122127243     -4.21476201883829       c
   -1.00868856658103      8.67903213790601      0.78012241135625       h
   -0.04636632039648      9.07503180795672     -3.76828020487367       h
    1.31744902970709      5.26913093522957     -6.16458144274970       h
    1.42874067085112      1.16281651970532     -4.14752745275635       h
   -0.75081842821359     -2.75536054148110     -3.07876071295862       c
   -1.42874067085112     -1.16281651970532     -4.14752745275635       h
    0.55669631121291     -7.02294796463808     -0.33229133293274       c
    1.00868856658103     -8.67903213790601      0.78012241135625       h
    0.00000000000000     -7.24761183539845     -2.85484895319913       c
    0.04636632039648     -9.07503180795672     -3.76828020487367       h
   -0.72996530033720     -5.09272122127243     -4.21476201883829       c
   -1.31744902970709     -5.26913093522957     -6.16458144274970       h
   -1.17496178956138      6.22162660552312      4.60282483913089       h
   -0.50098529508931      2.18750917690576      6.82037688209727       h
$end
