$coord
   -1.34699917259776     -1.64159857933083      0.00000000000000      c
   -2.42471413837520      0.75870742598493      0.00000000000000      c
   -0.85799922587892      2.86955859490225      0.00000000000000      c
    1.76230852875692      2.59678172135873      0.00000000000000      c
    2.81665945085205      0.18656900470505      0.00000000000000      c
    1.26553449280267     -1.94126192602353      0.00000000000000      c
   -1.98549640114125     -5.20543597101560      0.00000000000000      h
   -4.45920828285902      0.94528263799486      0.00000000000000      h
   -1.69605596585015      4.73262583371576      0.00000000000000      h
    2.96806468221829      4.24445943530458      0.00000000000000      h
    4.84582071077931     -0.05110731880355      0.00000000000000      h
    2.08340163095586     -3.81821749291739      0.00000000000000      h
   -2.97131630966280     -3.67636336587526      0.00000000000000      o
$redundant
     number_of_atoms            13
     degrees_of_freedom         23
     internal_coordinates       23
     frozen_coordinates          0
# definitions of redundant internals
   1 k  1.0000000000000 stre   13    7           val=   1.81931
   2 k  1.0000000000000 stre    2    8           val=   2.04303
   3 k  1.0000000000000 stre    4   10           val=   2.04174
   4 k  1.0000000000000 stre    6   12           val=   2.04741
   5 k  1.0000000000000 stre    1   13           val=   2.60359
   6 k  1.0000000000000 stre    5    4           val=   2.63074
   7 k  1.0000000000000 stre    2    1           val=   2.63115
   8 k  1.0000000000000 stre    1    6           val=   2.62966
   9 k  1.0000000000000 stre    6    5           val=   2.63318
  10 k  1.0000000000000 stre    3    9           val=   2.04288
  11 k  1.0000000000000 stre    4    3           val=   2.63447
  12 k  1.0000000000000 stre    3    2           val=   2.62874
  13 k  1.0000000000000 stre    5   11           val=   2.04303
  14 k -1.0000000000000 bend    1    5    6      val=   0.54847
        1.0000000000000 bend    6    4    5
       -1.0000000000000 bend    5    3    4
        1.0000000000000 bend    4    2    3
       -1.0000000000000 bend    3    1    2
        1.0000000000000 bend    2    6    1
  15 k -0.7071067811865 bend    3    8    2      val=  -0.96224
        0.7071067811865 bend    1    8    2
  16 k -0.7071067811865 bend    5   10    4      val=   0.03829
        0.7071067811865 bend    3   10    4
  17 k  0.7071067811865 bend    1   12    6      val=  -0.13811
       -0.7071067811865 bend    5   12    6
  18 k  0.7071067811865 bend    4   11    5      val=   0.44869
       -0.7071067811865 bend    6   11    5
  19 k -0.7071067811865 bend    2    9    3      val=   0.48281
        0.7071067811865 bend    4    9    3
  20 k -0.7071067811865 bend    6   13    1      val=  -2.41789
        0.7071067811865 bend    2   13    1
  21 k -0.5000000000000 bend    1    5    6      val=   0.10994
       -0.5000000000000 bend    6    4    5
        1.0000000000000 bend    5    3    4
       -0.5000000000000 bend    4    2    3
       -0.5000000000000 bend    3    1    2
        1.0000000000000 bend    2    6    1
  22 k  0.8660254037844 bend    1    5    6      val=   0.16727
       -0.8660254037844 bend    6    4    5
        0.8660254037844 bend    4    2    3
       -0.8660254037844 bend    3    1    2
  23 k  1.0000000000000 bend    1    7   13      val= 108.58966
        23 non zero eigenvalues  of BmBt
           1           4.390885164    1    0
         1
           2           4.358193094    2    0
         2
           3           3.579247808    3    0
         3
           4           3.513965227    4    0
         4
           5           3.494862341    5    0
         5
           6           3.203400947    6    0
         6
           7           2.649336986    7    0
         7
           8           2.358916339    8    0
         8
           9           2.015411139    9    0
         9
          10           1.918749921   10    0
        10
          11           1.779178841   11    0
        11
          12           1.651234458   12    0
        12
          13           1.408538197   13    0
        13
          14           0.733655616   14    0
        14
          15           0.479853484   15    0
        15
          16           0.391051574   16    0
        16
          17           0.360395091   17    0
        17
          18           0.348408509   18    0
        18
          19           0.296553824   19    0
        19
          20           0.279756567   20    0
        20
          21           0.265392004   21    0
        21
          22           0.190826004   22    0
        22
          23           0.096462363   23    0
        23
$user-defined bonds
$end
