$coord
       -5.38327660199999       -1.88110847692307       -0.20903930849999      C
       -2.81959873400000       -1.51969082192308        1.11262560050001      C
       -0.67411533900001       -0.98781988292308       -0.76368333550000      C
        1.91470911299999       -0.40975837192308        0.45400507050000      C
        2.20047914600000        2.48304551307692        0.10560195850000      C
        1.17259670900001        3.84041868407693        2.17375776650000      O
        0.76632640800000        2.90756867707692       -2.36707615450000      C
       -6.42060388999999        0.49386324307692       -0.94720596450000      O
        3.77210189200000       -1.81040248892309       -0.89822804650000      O
       -3.04501280899999        0.47775144007692        2.93156056550001      O
       -1.34438413999999        1.19250628007693       -2.26358719950000      O
        6.14002304400000       -1.99585830792309        0.35814682950001      C
       -5.18092096399999       -3.16466139192307       -1.82810362449999      H
       -6.74294390100000       -2.70596064292307        1.11080012550000      H
       -2.34206686600001       -3.25395850392308        2.14612241350000      H
       -0.44543770700000       -2.63149410092308       -2.01045084450000      H
        1.97110987499999       -0.90721928992308        2.46888005450000      H
        4.18178314800000        3.04501222807692       -0.05606221050000      H
       -0.35404299900000        2.96910760407691        2.73467190450001      H
        0.02752669400000        4.82713722007692       -2.53724031050000      H
        1.95733188300000        2.45509646507691       -4.00647203249999      H
       -5.20350507900000        1.28231928807692       -2.07849987750000      H
       -4.46512677300001        1.50426949507691        2.36816521750000      H
        7.03665078299999       -0.14267772792309        0.62203761550000      H
        5.92844554300000       -2.90437242392309        2.21527693650000      H
        7.35195156500000       -3.16311370592308       -0.83600314950000      H
$end
