$coord
   -2.61279582256394     -0.87034549584474      0.95929679464580       c
   -3.84447396255162     -1.09835418186033      2.60539376530143       h
   -4.07430245483317     -0.79808803770159     -1.30919848541091       o
   -0.98253853635416      1.48748091796574      1.28024410160283       c
   -2.23510381928862      3.13274073994450      1.31259810272397       h
   -0.06176002947497      1.41774624420999      3.13017449185604       h
    1.00439321908099      1.82118576604588     -0.80410870516097       c
    1.41906338332461      3.82684659718406     -1.06385345185223       h
    0.24371797935826      1.12291117295717     -2.58829741297721       h
   -5.22136999694702      0.60292657132783     -1.16673581170493       h
   -1.42629914468743     -2.53608994910398      0.80038405495305       h
    3.49845943844186      0.51637900416780     -0.24536771027227       c
    4.82875671612643      0.87675733661362     -1.78677385316603       h
    4.30866251038138      1.29428476677017      1.49433117519745       h
    3.06047572289682     -2.13235751971750      0.02675663231553       o
    4.65429719953843     -2.92440032351999      0.38192121036072       h
$end
