$coord
       -0.25449695800000       -2.14736367300001        0.00000000000000      C
        1.17361621599999        0.83084259800000        0.00000000000000      S
       -0.25449695800000        2.55689375100001        2.56517453100000      C
       -0.25449695800000        2.55689375100001       -2.56517453100000      C
       -2.29786712000000        2.42132480899999        2.38751383100000      H
        0.38546252799999        4.51075893200001        2.49564584199999      H
        0.37689639999999        1.65343843200001        4.29824601600001      H
       -2.29786712000000        2.42132480899999       -2.38751383100000      H
        0.37689639999999        1.65343843200001       -4.29824601600001      H
        0.38546252799999        4.51075893200001       -2.49564584199999      H
        1.61445527500001       -4.28444345700000        0.00000000000000      B
        3.84877846899999       -3.90239944400000        0.00000000000000      H
        0.84432957300000       -6.40448925100000        0.00000000000000      H
       -3.08201081000001       -2.33202013800000        0.00000000000000      B
       -4.43692733700001       -0.50426015200001        0.00000000000000      H
       -4.04430652699999       -4.36960018000000        0.00000000000000      H
$end
