$coord
    0.26896563681223     -0.19790041346735      1.38988377010444  c
   -0.81179601936720     -1.79003141489387     -2.06982367456189  li
    0.07895722753848      2.29620450333989     -1.70725012550981  li
   -0.85271538664475      0.58051345190510     -4.37052143545875  h
    0.83686521603526      1.51425636015848      2.43074949415194  h
    1.81798042539441     -1.51394527731880      1.81715796409295  h
   -1.33825709976841     -0.88909720972343      2.50980400718111  h
$user-defined bonds
$redundant
     number_of_atoms             7
     degrees_of_freedom         15
     internal_coordinates       15
     frozen_coordinates          0
# definitions of redundant internals
   1 k  1.0000000000000 stre   1    5           val=   2.08264
   2 k  1.0000000000000 stre   5    3           val=   4.27889
   3 k  0.2773500981126 tors   2    3    1    5 val= 180.02102
        0.2773500981126 tors   4    3    1    5
        0.2773500981126 tors   6    3    1    5
        0.2773500981126 tors   7    3    1    5
        0.2773500981126 tors   2    3    1    5
        0.2773500981126 tors   6    3    1    5
        0.2773500981126 tors   7    3    1    5
   4 k  1.0000000000000 stre   2    4           val=   3.30369
   5 k  1.0000000000000 stre   4    3           val=   3.30221
   6 k  0.2773500981126 tors   1    3    2    4 val= 179.92981
        0.2773500981126 tors   5    3    2    4
        0.2773500981126 tors   6    3    2    4
        0.2773500981126 tors   7    3    2    4
        0.2773500981126 tors   1    3    2    4
        0.2773500981126 tors   6    3    2    4
        0.2773500981126 tors   7    3    2    4
   7 k  1.0000000000000 stre   1    2           val=   3.95885
   8 k  1.0000000000000 stre   1    3           val=   3.98107
   9 k  1.0000000000000 stre   2    3           val=   4.19788
  10 k  1.0000000000000 stre   1    6           val=   2.07701
  11 k  1.0000000000000 stre   2    6           val=   4.70112
  12 k  1.0000000000000 stre   3    6           val=   5.47384
  13 k  1.0000000000000 stre   1    7           val=   2.07729
  14 k  1.0000000000000 stre   2    7           val=   4.69700
  15 k  1.0000000000000 stre   3    7           val=   5.47158
        15 non zero eigenvalues  of BmBt
           1           3.747525532    1    0
         1
           2           2.899021583    2    0
         2
           3           2.373332772    3    0
         3
           4           2.000002339    4    0
         4
           5           1.994771605    5    0
         5
           6           1.100764502    6    0
         6
           7           3.792987681    7    0
         7
           8           2.651439050    8    0
         8
           9           2.502023532    9    0
         9
          10           1.921243141   10    0
        10
          11           1.109377452   11    0
        11
          12           0.891636963   12    0
        12
          13           0.623894582   13    0
        13
          14           0.314214674   14    0
        14
          15           0.161630469   15    0
        15
$end
