$coord
       -2.02670630935295       -3.27097395584706       -0.52966028940588      C
        0.76503138304706       -3.03020731254706       -1.04486054250589      C
        1.54499430694705       -0.26421844524706       -1.45294059140589      C
        0.35376779504707        1.51342540345293        0.45133857039412      C
       -1.95068737465294        0.93142440625293        1.38716872839412      C
       -3.26115255545295       -1.38389745294707        0.65346998199413      C
        3.61818981994705       -0.09177401044705       -1.41045283370589      H
        1.81117191584705       -3.81961594974705        0.58990497479412      H
        1.32415568864706       -4.17946654084705       -2.68473881240587      H
       -2.99042591905294       -5.03036795064706       -1.01143056760589      H
       -2.89807529235294        2.23780779005294        2.67677662489412      H
       -5.26144071955294       -1.57611638944705        1.12363473079412      H
        0.95890568194707        0.35874868765294       -3.36552418070587      H
        1.71581006024706        3.92166100195293        1.04844135359413      C
        0.61830265324707        5.13097514475293        2.32923136569413      H
        3.56723695444706        3.54771335355294        1.93018981989411      H
        2.11092191104705        5.00488222005294       -0.69054833270589      H
$end
