$coord
       -0.82166367384627        0.73960453054205        0.00000000000000      C
       -1.30200672293670        2.97754786706960        0.00000000000000      O
       -2.61293243851726       -1.07479651548923        0.00000000000000      O
       -4.23998959561885       -0.21584159141213        0.00000000000000      H
        1.77791707192021       -0.38536035423025        0.00000000000000      C
        3.17326665265497        1.11238070144687        0.00000000000000      H
        2.01270435317196       -1.57676731896346        1.65862487917722      H
        2.01270435317196       -1.57676731896346       -1.65862487917722      H
$end
