$coord
       -0.02222914350035        0.03714912893750        2.73834778491076      C
        0.05475324624176        0.58128332888985       -0.05308806396714      C
       -2.20005216021618        0.05006667418237       -1.47696872531333      N
        1.87840445542229        1.43300743088705       -1.07052881319778      O
       -2.65398318716436       -1.79964287738748       -1.28575991619061      H
       -3.66419416206430        1.01226767896547       -0.70757750315500      H
       -1.42064136079243        1.24298371421485        3.64132898920234      H
       -0.61593642513193       -1.90268806007455        3.08306847320873      H
        1.81111659003329        0.38354474412119        3.58140376196442      H
$end
