$coord
    1.81976257256264      0.15155699519261      0.00000000000000      c
   -1.00260658943136      0.47490515060245      0.00000000000000      c
   -2.21004236068677     -1.79234002630539      0.00000000000000      o
   -2.12707700350777      2.45330157639202      0.00000000000000      o
   -4.01016445336270     -1.44242391975908      0.00000000000000      h
    2.40415607588222     -0.92061578993971     -1.66243708842296      h
    2.40415607588222     -0.92061578993971      1.66243708842296      h
    2.72181568266150      1.99623180375682      0.00000000000000      h
$redundant
     number_of_atoms             8
     degrees_of_freedom         12
     internal_coordinates       12
     frozen_coordinates          0
# definitions of redundant internals
   1 k  1.0000000000000 stre    2    4           val=   2.27563
   2 k  1.0000000000000 stre    3    5           val=   1.83382
   3 k  1.0000000000000 stre    1    8           val=   2.05342
   4 k  1.0000000000000 stre    2    1           val=   2.84083
   5 k  1.0000000000000 stre    2    3           val=   2.56872
   6 k  0.4371541556409 bend    6    8    1      val=   0.32582
        0.4371541556409 bend    7    8    1
        0.3536437462018 bend    7    6    1
       -0.3827880118950 bend    2    8    1
       -0.4160540392386 bend    2    6    1
       -0.4160540392386 bend    2    7    1
   7 k  1.0000000000000 stre    1    7           val=   2.06271
   8 k -0.3114648771247 bend    6    8    1      val=   0.31819
       -0.3114648771247 bend    7    8    1
        0.7221873627506 bend    7    6    1
       -0.4597254076824 bend    2    8    1
        0.1911507562763 bend    2    6    1
        0.1911507562763 bend    2    7    1
   9 k -0.7071067811865 bend    3    4    2      val=   1.89954
        0.7071067811865 bend    1    4    2
  10 k  1.0000000000000 bend    2    5    3      val= 107.03758
  11 k  1.0000000000000 bend    1    3    2      val= 111.50215
  12 k  0.2143204014049 bend    6    8    1      val=   1.37960
        0.2143204014049 bend    7    8    1
       -0.4372679274027 bend    7    6    1
       -0.6832233327974 bend    2    8    1
        0.3536496629925 bend    2    6    1
        0.3536496629925 bend    2    7    1
        12 non zero eigenvalues  of BmBt
           1           3.817508514    1    0
         1
           2           3.689635765    2    0
         2
           3           2.823404354    3    0
         3
           4           2.468836337    4    0
         4
           5           1.793001374    5    0
         5
           6           1.186841617    6    0
         6
           7           0.881695898    7    0
         7
           8           0.705383329    8    0
         8
           9           0.465593476    9    0
         9
          10           0.295661075   10    0
        10
          11           0.276002599   11    0
        11
          12           0.110253541   12    0
        12
$user-defined bonds
$end
