$coord
     0.000000000     0.000000000     2.724975430     I 
     0.000000000     2.174403762    -2.573840814     C 
     0.000000000     0.000000000    -1.077773093     N 
     0.000000000     4.312262114    -1.830895041     O 
     0.000000000    -4.312262114    -1.830895041     O 
     0.000000000    -2.174403762    -2.573840814     C 
     0.000000000    -1.250573417    -5.254041076     C 
     0.000000000     1.250573417    -5.254041076     C 
     0.000000000     2.549877199    -6.825202728     H 
     0.000000000    -2.549877199    -6.825202728     H 
$end
