$coord
        2.28133319222194       -0.67403783217143       -0.85797198470987      N
        0.11320951852765       -0.47725607815092        0.78268788041349      C
       -1.96244418379250       -2.12996426912348       -0.34155127523765      C
       -1.87025889903417       -2.89587806288952       -2.52970309846313      O
       -0.81053158998928        2.27055602123667        1.09751831155016      C
       -1.73788426278045        3.35036046457669       -1.41408378321663      C
        1.27353947200070        3.87252038098767        2.27569204144699      C
       -2.81823140545182        6.01066883852299       -1.18854116528265      C
        1.87802055558809       -1.30445908985715       -2.61481901963878      H
        0.67224482164203       -1.19625093526069        2.63649551497556      H
       -2.41644428565059        2.21554349354523        2.40347253274474      H
       -3.17943892993183        2.10409847126096       -2.20564366009941      H
       -0.16217754913775        3.34550678038751       -2.74846158886490      H
        2.01447077294233        2.99068604807846        3.97969529141524      H
        2.84143126925329        4.08180414572319        0.95592498844974      H
        0.58038824225689        5.74808222540877        2.75549294227009      H
       -4.31501285765705        6.07646209348244        0.22715103840482      H
       -3.62133213663595        6.62743430043300       -2.97961232961042      H
       -1.37931417086076        7.37669467383048       -0.64958388457004      H
       -3.93484614054508       -2.57811011053826        1.22406823637301      N
       -3.78268369494943       -2.02356720101279        3.03373975050733      H
       -6.09700016044291       -4.06795487322055        0.45376023441052      C
       -5.98396773866323       -5.99782622130985        1.16101418628856      H
       -7.83133121106005       -3.20029617115134        1.13126700228541      H
       -6.11386389444150       -4.12114920105466       -1.59610055337037      H
        4.64103180653940       -1.07300965903422        0.10277425091820      C
        5.12400683391827       -0.89809065918422        2.35990141807531      O
        6.63881958314945       -1.70320305767950       -1.83414993834605      C
        7.34919518053495       -3.59335613082280       -1.44803954772693      H
        8.20393472284327       -0.39197349487920       -1.60969586387184      H
        5.94512615022772       -1.61683806179804       -3.76554262617263      H
$end
