$coord
       -2.41839811427114        0.00000000000000       -1.27050237577332      C 
       -2.25801811915472        0.00000000000000        1.28983079718079      C 
        0.00000000000000        0.00000000000000       -2.82170831494229      B 
        0.00000000000000        0.00000000000000        2.50863336420372      N 
        2.25801811915472        0.00000000000000        1.28983079718079      C 
        2.41839811427114        0.00000000000000       -1.27050237577332      C 
        0.00000000000000        0.00000000000000       -5.08126838036134      H 
        4.30913036561502        0.00000000000000       -2.06058649450142      H 
        3.88678484265416        0.00000000000000        2.53361939050081      H 
        0.00000000000000        0.00000000000000        4.40851707432997      H 
       -3.88678484265416        0.00000000000000        2.53361939050081      H 
       -4.30913036561502        0.00000000000000       -2.06058649450142      H 
$end
