$coord
       -3.38139803854550        1.66065949474624        0.00018502141969      H
       -2.12902515601729        0.00020958786632       -0.00000584097332      C
       -0.36222521196831        0.00004707137325       -2.23242687600457      C
        2.04975009172305       -0.00062945077229       -1.38836723366105      C
        2.04974253281638        0.00069335789218        1.38837444898104      C
       -0.36223466060164       -0.00077118027205        2.23242464269126      C
       -3.38230699707064       -1.65951088452151       -0.00020237254633      H
       -0.97982945959009       -0.00120392767799        4.18487700334347      H
       -0.97981056232346        0.00016234469973       -4.18488301611013      H
        3.73868006914875       -0.00080897480532       -2.54989339656767      H
        3.73865739242877        0.00115256147142        2.54991761942764      H
$end
