$coord
        0.65522543681818        4.48233052375758       -0.47751045072726      N
       -1.38352056518181        2.94021207075758       -0.98246602272728      C
       -0.64100376018182        0.44413537075758       -0.95657866672726      C
        2.01436172281817        0.45102342175759       -0.38369122472728      C
        3.80927638081817       -1.47856633824242       -0.10723376072728      C
        6.28830397281817       -0.83206084124242        0.47107530427273      C
        7.00450067481818        1.72288838175758        0.77413633027273      C
        5.24857862281819        3.65908462375758        0.49695510127272      C
        2.76196378081818        3.00528289475759       -0.08426981072728      C
        0.57156537781819        6.36583553675758       -0.27771161172727      H
       -3.22154743218181        3.75188717775757       -1.31684547772727      H
        3.32405899681818       -3.45239458424242       -0.32663472772728      H
        8.93183032281819        2.21113688575758        1.22532352827274      H
        5.82116937681819        5.60856752975757        0.73089562027273      H
        7.93602976281819       -2.81804191524242        0.71583261427272      O
       10.47749579181818       -2.22451299624242        1.31693933427273      C
       11.35095548981818       -1.06323480124243       -0.14889466072727      H
       10.61899280481818       -1.25469994924242        3.13334017727273      H
       11.46119076581818       -4.02171800224242        1.43138680927272      H
       -2.20928924918183       -1.85994894824242       -1.48640870172726      C
       -5.04516324918182       -1.34939978724242       -1.56617025572727      C
       -5.92203579218182       -0.49151143124242        0.89229711727273      N
       -8.38231541318181       -0.18605234224242        1.62613630127273      C
      -10.36197157318182       -1.25538214024243       -0.14578606072727      C
       -1.64838267018183       -2.68169062624243       -3.29766004072727      H
       -1.83516696718182       -3.29385791224242       -0.04609923572728      H
       -5.45169055218182        0.04179003075758       -3.04542319472728      H
       -6.02406398818182       -3.08827273124241       -2.07310626072727      H
       -4.65239315018182        0.37754898575759        2.01805035327273      H
       -8.93472767318182        0.85179084075758        3.61505400827273      O
      -12.21047508118182       -0.84149246424242        0.63828581927273      H
      -10.20906817418181       -0.42581888624242       -2.02535099472728      H
      -10.14268399018181       -3.29485757724243       -0.33786725972727      H
$end
