$coord
        0.00000000000000        0.00000000000000        3.04940485049883      N
       -2.15573691347271        0.00000000000000        1.71967600167170      C
       -3.88286434163761        0.00000000000000        2.81845858208447      H
       -2.25367166048081        0.00000000000000       -0.90988339842072      C
       -4.05412815423750        0.00000000000000       -1.87435554438733      H
        0.00000000000000        0.00000000000000       -2.26274090218507      C
        0.00000000000000        0.00000000000000       -4.30584078096598      H
        2.25367166048081        0.00000000000000       -0.90988339842072      C
        4.05412815423750        0.00000000000000       -1.87435554438733      H
        2.15573691347271        0.00000000000000        1.71967600167170      C
        3.88286434163761        0.00000000000000        2.81845858208447      H
$end
