$coord
    1.97952692121746     -1.44061155028990      0.67274574185257       n
   -0.48049347607733     -1.47456825805101     -0.54781497573537       c
   -2.08814055606108      0.80351660403918      0.23942159124728       c
   -4.04016596202855      0.56395318879892      1.49375120484682       o
   -1.82386414111201     -3.92452337226183      0.14283484459837       c
   -4.24118308704672     -4.06366062205663     -0.94995942039141       o
    2.19745140366228     -2.43936722064941      2.27627795063085       h
   -0.17153512899731     -1.39046354906876     -2.58330414853871       h
   -0.72693978356083     -5.51280571766518     -0.56974685898048       h
   -1.91628714104682     -4.06985175078056      2.20749487068252       h
   -5.16633503710111     -2.69730753016065     -0.15975858834522       h
   -1.19557005309746      3.03981829199036     -0.55957825152180       n
    0.48839964475557      3.03550876075906     -1.47272416351874       h
   -2.45152694703482      5.37639599588128      0.10859642913111       c
   -1.75724173702866      6.87437907119508     -1.10860158073759       h
   -4.47728487299977      5.16391634351618     -0.15151702264725       h
   -2.10978454806184      5.88731061941420      2.07373610032327       h
    3.94504185960410     -0.04494147552401     -0.19348187649496       c
    3.74459897877379      1.37513998891258     -2.02504057044852       o
    6.40531827399644     -0.35647335049731      1.20492482837850       c
    7.06339116357056      1.49656373605376      1.79817006913336       h
    7.79644208709546     -1.12432586687042     -0.09887199337141       h
    6.26130288423874     -1.59060030778676      2.84056129456930       h
$end
