$coord
       -1.96640387242830        0.66111334699410       -1.70688335832629      P
        1.96640387242830       -0.66111334699410       -1.70688335832629      P
       -2.56769074672848        1.75072463816116        1.54908520844763      C
       -3.56264908132618       -2.43295453544201       -1.60818825116279      C
        3.56264908132618        2.43295453544201       -1.60818825116279      C
        2.56769074672848       -1.75072463816116        1.54908520844763      C
       -1.40893966224412        3.40787893493629        1.95645405442345      H
       -2.20246469523555        0.30111498238576        2.97116086564423      H
       -4.54523104398334        2.32764137007545        1.68803308541871      H
       -3.15011661451647       -3.46139409388979       -3.34645618208824      H
       -2.99244709412528       -3.58682367424961        0.00661343157909      H
       -5.60139368288111       -2.12857676615992       -1.50981885393577      H
        3.15011661451647        3.46139409388979       -3.34645618208824      H
        5.60139368288111        2.12857676615992       -1.50981885393577      H
        2.99244709412528        3.58682367424961        0.00661343157909      H
        1.40893966224412       -3.40787893493629        1.95645405442345      H
        4.54523104398334       -2.32764137007545        1.68803308541871      H
        2.20246469523555       -0.30111498238576        2.97116086564423      H
$end
