$coord
   -3.44437925597093     -1.23329196610516     -0.34249963350259       c
   -4.43032496854269     -2.80885301912470      0.53985696164277       h
   -4.94618429802395      0.94235728959062      0.19607609382208       o
   -0.76775037436425     -1.04338771783308      0.69486741687111       c
   -0.86667942714694     -0.78092365523659      2.74099295369277       h
    0.20843490273115     -2.82552796252128      0.34224452047465       h
    0.74988679323008      1.11194320248191     -0.48108836863616       c
   -0.11324561796544      2.92867488403258     -0.01103978006832       h
    0.75052930011526      0.93285007741607     -2.54029270002352       h
   -4.33593125847892      2.29869877283862     -0.84270447169902       h
   -3.38867768847800     -1.59223977586839     -2.38022722738971       h
    3.47422559051373      1.16992377969110      0.41670539928875       c
    4.43479039139470      2.83131808339244     -0.35197472033288       h
    3.52546929405919      1.29418272155900      2.48188882416056       h
    4.66817912771061     -1.09342577610576     -0.43454441398319       o
    6.36777424518823     -1.10075413404909      0.20108764752649       h
$end
