$coord
       -0.17895069004404        1.80229326239911        0.00000000000000      C
        0.12997096006792       -2.26677809619070        1.27472201525868      C
        0.12997096006792       -2.26677809619070       -1.27472201525868      C
       -0.03187372942988        0.22876388185989       -1.99471891911895      N
       -0.03187372942988        0.22876388185989        1.99471891911895      N
        0.23051457012467       -3.81348972799930        2.59775733165011      H
        0.23051457012467       -3.81348972799930       -2.59775733165011      H
       -0.05555573783828        1.06311125942805       -4.59037951302241      C
       -0.05555573783828        1.06311125942805        4.59037951302241      C
        1.63704897929981        0.43452784257902       -5.58568996542178      H
       -1.70964790024883        0.33824516899086       -5.58389827025415      H
       -0.11098179695336        3.11447304013265       -4.60907264487123      H
       -1.70964790024883        0.33824516899086        5.58389827025415      H
        1.63704897929981        0.43452784257902        5.58568996542178      H
       -0.11098179695336        3.11447304013265        4.60907264487123      H
$end
