$coord
    3.86708453573159      0.67015546823137      0.60733908184812       c
    3.86332209100102      0.45355316915388      2.66601051046600       h
    4.65352808100234     -1.61083090156372     -0.58860622669282       o
    1.28393095728809      1.57698401679760     -0.28699081807521       c
    0.91867146224103      3.42650622620610      0.56270375058936       h
    1.35340295911137      1.84331067960971     -2.33284990351213       h
   -0.84863254257789     -0.24257091559560      0.39832214346803       c
   -0.88752499611881     -0.55753534961592      2.43926605123332       h
   -0.55214396095879     -2.07401411509078     -0.50462112816898       h
    3.58610304675896     -2.94617563774923      0.02019550318215       h
    5.30495069407842      2.06170821851343      0.12873381335057       h
   -3.41514897214746      0.73454410675718     -0.42260134482335       c
   -3.80116521903814      2.54690863121475      0.49878943332290       h
   -3.41973722719811      1.04684591665626     -2.46802579324971       h
   -5.25478980360710     -1.10603024941211      0.27329219333792       o
   -6.87920027716173     -0.50089458823493     -0.26411001405823       h
$end
