$coord
       -1.50610814260307       -0.80007359762783        0.65819609015323      N
        0.12711962561789        0.80973659354347       -0.82637548552336      C
        2.92826668164225        0.10034396158529       -0.69791428311140      C
        4.52385381371854        1.48928038373612       -1.63986323453608      O
       -0.19828098540864        3.55358745666087       -0.01893450661442      C
        0.16288392253626        3.51795632041020        2.66552256356706      O
       -2.77222238552608        4.59957604447234       -0.70917369596224      C
       -1.72403046379419       -0.29136606033223        2.48197343337460      H
       -0.43993584749767        0.59439369208314       -2.79595428478553      H
        1.30632196731766        4.62805528691712       -0.92873870251429      H
        0.12059940875621        5.23588584402879        3.25619464829256      H
       -2.97355640586294        6.52950466402134       -0.01835063995477      H
       -4.26539437210598        3.45636658247059        0.12651866037752      H
       -3.02069068134674        4.62258444657136       -2.75217756920878      H
        3.43837307042612       -2.12185491644954        0.44552540879587      N
        1.95377533964891       -3.10793113202035        1.10233293296536      H
        5.97400190330973       -3.12111177830375        0.61547076264494      C
        6.49010525458674       -3.48315074840121        2.57288954089637      H
        6.16226772058690       -4.86219236211020       -0.46456679275595      H
        7.23820808723311       -1.70730129968397       -0.16675931520660      H
       -3.33973742541402       -2.25843865993760       -0.45136151891457      C
       -3.44992834850689       -2.60499077366759       -2.73077768290011      O
       -5.20135102360664       -3.42986261018800        1.36687031084645      C
       -5.43275322612791       -5.41242035379000        0.88681229201771      H
       -7.02391040197636       -2.51005033166526        1.11509207491467      H
       -4.62828619680825       -3.25588249279735        3.33240430589998      H
$end
