$coord
       -0.35873271357587       -1.21962250929074        0.13191755023993      C
        2.11958547305660       -0.66908697172241        0.82977215736478      C
        2.80911749196617        1.81899865749092        1.34568763249919      C
        1.03808210384512        3.75906084334259        1.16760311285197      C
       -1.43170779599278        3.17825976383478        0.46649195013094      C
       -2.15086825646313        0.70024145028343       -0.05401276649113      C
       -3.85213638250126        5.80232820151361        0.21763112078629      Br
        3.50154015502136       -2.16644761034719        0.97154449521718      H
        1.55911613275702        5.69218957299009        1.56731140067409      H
        4.72858567674768        2.26093175703450        1.89032580534856      H
       -4.07640418367171        0.28649790380044       -0.59182721008427      H
       -0.90861903951070       -3.14636307832754       -0.27007666558582      H
$end
