$coord
        0.00000000000000        0.00000000000000        2.19379329306033      SI
        0.00000000000000        0.00000000000000       -2.19379329306033      SI
        2.26205702473107        1.30599923215077        3.17088864440458      H 
        0.00000000000000       -2.61199846430154        3.17088864440458      H 
       -2.26205702473108        1.30599923215077        3.17088864440458      H 
        2.26205702473107       -1.30599923215077       -3.17088864440458      H 
        0.00000000000000        2.61199846430154       -3.17088864440458      H 
       -2.26205702473108       -1.30599923215077       -3.17088864440458      H 
$end
