$coord
       -2.21641564756770       -1.07096170282404        0.00000000000000      N
       -3.92941783978114       -1.91347748566110        0.00000000000000      H
       -2.22198679882852        1.57594561281554        0.00000000000000      C
       -4.21145585933776        2.74065244471008        0.00000000000000      O
        0.29450461048690        2.66483638131139        0.00000000000000      C
        0.48579740502791        4.68968368488807        0.00000000000000      H
        2.33351307370197        1.13454637244875        0.00000000000000      C
        4.24321087796309        1.85231467302780        0.00000000000000      H
        2.11273747397720       -1.43916762935031        0.00000000000000      N
        3.64713092952196       -2.55558285186309        0.00000000000000      H
       -0.17858219020342       -2.69386392831766        0.00000000000000      C
       -0.35903603496049       -4.98492557118541        0.00000000000000      O
$end
