$coord
        0.58851507308333       -0.33715607275001        3.50547515541668      C
       -0.32194171791666        0.95971651524999        4.81314631141667      H
        2.57473899008334        0.15475117825000        3.31829522441667      H
        0.41361352908333       -2.22872974875001        4.29378360241668      H
       -0.82319208491667       -0.25069910274999        1.02035490341668      C
       -3.11335811491667       -0.59765742775000        0.91175323741666      O
        0.64794010208333        0.22323131325000       -1.02440115858334      N
        2.53149024508334        0.44366293825001       -0.77530517558332      H
       -0.40463351591667        0.38173620024999       -3.53725381258333      C
       -2.41713440291667        0.01079258225000       -3.38779542358333      H
       -0.12258646591667        2.25284189425000       -4.34714501658333      H
        0.44654836308332       -1.01249026975000       -4.79090784758333      H
$end
