$coord
        0.00000000000000       -2.42868825522101       -0.50047513395997      C
        0.00000000000000        0.00000000000000        1.00322698471177      C
        2.08387959591010        0.00000000000000        2.58937428086257      F
       -2.08387959591010        0.00000000000000        2.58937428086257      F
        0.00000000000000        2.42868825522101       -0.50047513395997      C
        0.00000000000000       -4.03162102944286        0.79298770365320      H
       -1.67824372704445       -2.52386209299748       -1.69175017145584      H
        1.67824372704445       -2.52386209299748       -1.69175017145584      H
        1.67824372704445        2.52386209299748       -1.69175017145584      H
       -1.67824372704445        2.52386209299748       -1.69175017145584      H
        0.00000000000000        4.03162102944286        0.79298770365320      H
$end
