$coord
        1.03273796155537        0.36628310183568        0.00000000000000      C
        2.25456859935954        2.33008944837252        0.00000000000000      O
        2.04476072098991       -1.92270882978446        0.00000000000000      O
        3.91829335145738       -1.79745711804844        0.00000000000000      H
       -1.79775012952075        0.29121393725417        0.00000000000000      C
       -2.54462933109402        2.19691403741351        0.00000000000000      H
       -2.45399058637371       -0.73216728852150       -1.65677031807501      H
       -2.45399058637371       -0.73216728852150        1.65677031807501      H
$end
