$coord
        0.00000000000000        0.00000000000000        7.28965404563149      C
        0.00000000000000        0.00000000000000        4.81336072309297      C
        0.00000000000000        0.00000000000000        2.41306450056300      C
        0.00000000000000        0.00000000000000        0.00000000000000      C
        0.00000000000000        0.00000000000000       -2.41306450056300      C
        0.00000000000000        0.00000000000000       -4.81336072309297      C
        0.00000000000000        0.00000000000000       -7.28965404563149      C
       -1.23787694307136        1.23787694307136        8.35678095928539      H
        1.23787694307136       -1.23787694307136        8.35678095928539      H
       -1.23787694307136       -1.23787694307136       -8.35678095928539      H
        1.23787694307136        1.23787694307136       -8.35678095928539      H
$end
