$coord
       -2.08459395835594       -6.13900585271186       -5.76592323933898      H
       -0.70327965935593       -5.44343040771187       -4.77944999033897      O
       -1.76785887435594       -4.15250510471186       -2.63883471733899      C
       -3.06277282235593       -5.39552358571186       -1.60313051533897      H
       -2.80172040535594       -2.45583919071186       -3.24295895133898      H
        0.36837733564408       -3.35667553871187       -0.90485862033898      C
       -0.42076486735593       -2.22585235671185        0.63741535766102      H
        1.53885018164407       -5.59334974071186        0.21597717066102      O
        4.17650250764407       -5.62710062471186       -0.31602718233899      C
        5.30230241964407       -4.98588938371186        1.29202229866102      H
        4.91892992864406       -8.25657610571186       -0.79067230533899      N
        3.58450615664407       -9.64890750671186       -2.53524938733897      C
        2.00494996364407       -8.64913039771187       -3.38717981533899      H
        4.17169976864408      -12.07219290671186       -3.11269465833897      C
        3.08134998164407      -13.12152524571187       -4.48768102133899      H
        6.27364671264408      -13.28714139871186       -1.87369184433899      C
        7.01745155464406      -15.47641295771186       -2.21642162133897      O
        7.51980818664407      -11.73489344671186       -0.12391329233897      N
        9.01049510164407      -12.51064637471186        0.80762354466102      H
        6.97890794764406       -9.26397429171185        0.51163500666102      C
        8.22250506364408       -8.07265323271187        2.07041026066102      O
        2.50266788464408       -1.88344610071185       -2.20160314533898      C
        1.89199121464407       -0.94946736071186       -3.93596474733899      H
        4.53716899564408       -3.89314947171186       -2.63411607133898      C
        4.09637151164407       -4.94772825771187       -4.35445515033897      H
        7.00968081264406       -2.90896713671186       -2.88186311733898      O
        7.07931816064407       -1.45714092471187       -1.73961106133899      H
        3.59292129564406       -0.04333562271186       -0.51556316133897      O
        2.84548345464407        2.97524540028814       -0.77964877733898      P
        1.90700376464408        3.53395838528814       -3.38920257833899      O
        5.00769791764406        4.36044214128814        0.41208291866102      O
        0.34636977664407        3.17423657128815        1.03351590966102      O
        0.57804715864408        2.86718198628814        3.72884928566102      C
        2.04927934464408        4.13062802828814        4.44846922666101      H
        1.08207015064406        0.90851992628813        4.18558056166102      H
       -1.96130747835592        3.50518881928814        4.89840448066102      C
       -1.84295677435593        3.20444062828815        6.94218471366102      H
       -2.54966402835592        6.16242002828814        4.47149950566103      O
       -4.82157292735593        6.39640042028814        3.03193534866102      C
       -6.40756325935593        6.94773326928814        4.23415351166102      H
       -4.49055075935593        8.46967625228814        1.22672054966101      N
       -2.67788496035593        8.28751195828815       -0.63285108333898      C
       -1.60079405735594        6.54257129228814       -0.61500299933898      H
       -2.23092432335592       10.15322746828814       -2.32498014333898      C
       -0.79279390035594        9.94675279328814       -3.76328083033897      H
       -3.66515680835593       12.46637925828813       -2.20070136833898      C
       -3.45417305835593       14.31680178328814       -3.61187333833898      O
       -5.42491216935593       12.51884617828813       -0.21886276333898      N
       -6.46756073635594       14.12200429228814       -0.03320247633897      H
       -5.93410809735594       10.65935107928814        1.53506147066103      C
       -7.49454442035594       10.94239404928813        3.23256944666103      O
       -4.18473640235593        1.99258297228814        3.81294624966101      C
       -3.57680966135592        0.19961699928814        2.99380804766102      H
       -5.31066576035594        3.78868948028814        1.82243682566103      C
       -4.25893025735592        3.60862504928813        0.05720182666102      H
       -7.89391155235592        3.32306061828815        1.30225138566102      O
       -8.59496474535593        2.67877271528814        2.89031247966103      H
       -6.11650747335594        1.57158981628814        5.67940706766102      O
       -6.10237005535592       -0.20238913471187        6.13699552366101      H
$eht charge=-1 unpaired=0
$end
