$coord
       -4.42714284287223       -1.94947047577222       -3.76850937458889      C
       -3.92792310597222       -3.96537852627222       -3.65615236528889      H
       -3.56321412237222       -1.18674561957222       -5.50015819138889      H
       -6.48811187777221       -1.82474639377221       -3.98843132818890      H
       -3.54120115287221       -0.51079064717223       -1.42175651398888      C
       -4.12732048657222        1.48101978442779       -1.53895466308889      H
       -4.46331059247223       -1.27291071367222        0.27873868911111      H
       -0.67615706107223       -0.63625995057222       -1.08295989968890      C
        0.31763486012779        0.15875815062777       -2.73354751338888      H
       -0.02018270147222       -2.61194913027222       -0.95701409028888      H
        0.26825722012778        0.72695854552779        1.24070395811111      C
        2.88188224522777        0.58547507022778        1.34077938311110      O
       -1.00256991157222        1.79244317592777        2.81462055691111      O
        4.08500475902778        1.72505135322779        3.36933302531111      C
        2.81657568772778        2.64951778032779        4.70284745001110      H
        6.59259316742779        1.63191808302779        3.56657683391112      C
        7.75955121522778        0.67502990232779        2.16627958651112      H
        7.51563470012778        2.53207961142777        5.16760445691112      H
$end
