$coord
        0.00000000000000        0.00000000000000        2.81737472718945      O
       -2.20723879997591        0.25485500731312        1.25905650598517      C
       -1.38593862851104       -0.42549274243799       -1.42828965656821      C
        1.38593862851104        0.42549274243799       -1.42828965656821      C
        2.20723879997591       -0.25485500731312        1.25905650598517      C
       -3.68304246888266       -0.98319969238493        2.00051851557293      H
       -2.88906252545478        2.21017427440922        1.35742127475881      H
       -2.52918372320483        0.50765146279238       -2.86765196842580      H
       -1.51062012040240       -2.46535576197407       -1.72974203491764      H
        2.52918372320483       -0.50765146279238       -2.86765196842580      H
        1.51062012040240        2.46535576197407       -1.72974203491764      H
        2.88906252545478       -2.21017427440922        1.35742127475881      H
        3.68304246888266        0.98319969238493        2.00051851557293      H
$end
