$coord
       -0.58519402451515        4.33781808093938       -1.10372258175758      N
        1.37543448548485        2.72079088893939       -1.68257777775759      C
        0.61883355248485        0.25107964593938       -1.33913708675757      C
       -1.95741477251515        0.36327078893939       -0.49233764175758      C
       -3.74071517451515       -1.49884441506061        0.16307980224242      C
       -6.11592122051516       -0.73041379706060        0.94200028924242      C
       -6.77196794451516        1.85413798393940        1.08113136524242      C
       -5.05371758051516        3.72057876993938        0.43121302324242      C
       -2.65064185551516        2.94601032193939       -0.36059539475758      C
       -0.48936790951515        6.23095313693938       -1.15591303375759      H
        3.16935703748485        3.46133670993939       -2.30027818175757      H
       -3.29910699751515       -3.49428734706061        0.09593216924242      H
       -8.64052711451515        2.35342815693940        1.74258459524242      H
       -5.55810245451515        5.69905385193939        0.55298129724242      H
       -7.86420500051515       -2.53015481606060        1.67772730924241      O
       -9.72570793351515       -2.98984578106062       -0.21403958475758      C
       -8.85095566251515       -3.70471211506062       -1.94238108675757      H
      -10.78319670751514       -1.27347191406061       -0.65693844475758      H
      -11.00556643451516       -4.40402222606061        0.54758235024242      H
        2.11627888348486       -2.11212475006061       -1.82303355175759      C
        4.95729293748485       -1.66893109306061       -1.99507987475758      C
        5.90855265448485       -0.67808350506062        0.38381680624241      N
        8.42992900648485       -0.58284509506061        0.88740610524242      C
        9.14220074748485        0.59148732693939        3.40144465124242      C
        1.48660895448486       -2.99213990806061       -3.58297127175758      H
        1.74383656748486       -3.47750091106062       -0.31757011375758      H
        5.39669958348485       -0.37668921706061       -3.54762583675758      H
        5.93980116348485       -3.43165237906061       -2.39315254475757      H
        4.68898397148484        0.21450777893938        1.53364137124243      H
       10.01678294248485       -1.41261621806062       -0.57520401675759      O
       10.17302737748486       -0.80354430406060        4.50611232424241      H
        7.51936264748484        1.24428939093940        4.48401386924243      H
       10.40932627448484        2.17313695893940        3.05189069624241      H
$end
