$coord
       -2.26447810872580        0.23797066353380       -0.42843097345004      N
        0.21912492244884        0.78390753054649       -1.42560199877157      C
        2.32652044338436       -0.09152010015889        0.34640633485967      C
        2.04481186776956       -0.18934114606999        2.63852392011972      O
        0.20270172379411        3.68565198374920       -1.56661310201135      C
       -1.38658595002225        4.41961990809734        0.73164640264828      C
       -3.47341077344464        2.42954419835857        0.74604464878738      C
        0.47906536710283       -0.05693999930579       -3.29219544889443      H
       -0.73949754019178        4.26190119989731       -3.30640709608740      H
        2.10051510245744        4.47945595042193       -1.55261028847305      H
       -2.12343927551596        6.33383916561331        0.60575891763821      H
       -0.25672915726771        4.25004813734560        2.44052843394924      H
       -5.11518751581802        3.01110667786800       -0.35968740532000      H
       -4.12139024258680        1.93375377065549        2.63213384096283      H
        4.52968487708332       -0.64769230352856       -0.85075889213701      N
        4.57129347134054       -0.55392178383034       -2.74643811249199      H
        6.79939464582760       -1.33866628855949        0.51131260767483      C
        6.30525414031798       -1.42120283886888        2.50049969707038      H
        7.48669221503640       -3.18071452399202       -0.09059435170874      H
        8.28685376863555        0.05714550942514        0.24390536564139      H
       -3.29739703694261       -2.10734908882049       -0.15563101354876      C
       -5.35833515943643       -2.40615387921833        0.85799231478983      O
       -1.75860165755764       -4.27936602205924       -1.18961962708670      C
        0.02375965682511       -4.45346268101254       -0.17377971430922      H
       -2.84721058029445       -5.99840717873244       -0.94511095733517      H
       -1.33813627300939       -4.01896658674527       -3.18831229353688      H
$end
