$coord
    0.40090381281468     -3.73458503857643     -3.79318735556084       c
    0.07573905254333     -2.35294315197221     -5.28207155190357       h
   -0.34304145893837     -5.52156709756223     -4.48812193626667       h
    3.07964501875151     -3.88406168937640     -3.29639991514089       n
    4.22901849221458     -2.53695402445116     -3.99789645073915       h
   -1.26840623046409     -2.96036536022323     -1.56839531811284       c
   -3.57061851851258     -3.02894203972890     -1.77388741645917       o
    4.34118924494342     -5.94213819648810     -2.33529429869630       c
    6.64162698292798     -5.95073835624741     -2.15507701158651       o
   -0.01140876522361     -2.22561452520780      0.53094967067308       n
    1.88720199963144     -2.20412798510163      0.43973831090062       h
   -1.31377467559354     -1.38189276290808      2.78077779826958       c
   -1.12695425303065      0.65077696980410      3.04127818258842       h
   -3.30007662890388     -1.83957382420038      2.54837055328836       h
   -0.57915161868359     -2.34259475439700      4.44210719601334       h
    2.70550408627520     -8.12943713122838     -1.51937171350866       c
    1.15015400556981     -7.51272326860108     -0.32292788721370       h
    3.88572962124111     -9.46026579239744     -0.50328304399290       h
    1.90249298863180     -9.07046867758468     -3.16561537494664       h
$end
