$coord
       -3.46821636563686       -0.22329184749680        0.00000000000000      C
       -1.14627258652151        0.74923766975672        0.00000000000000      C
        1.14627258652151       -0.74923766975672        0.00000000000000      C
        3.46821636563686        0.22329184749680        0.00000000000000      C
       -3.77208559512555       -2.25167934900604        0.00000000000000      H
       -5.13248670966462        0.96785631444030        0.00000000000000      H
       -0.90304888594157        2.79078879553071        0.00000000000000      H
        0.90304888594157       -2.79078879553071        0.00000000000000      H
        3.77208559512555        2.25167934900604        0.00000000000000      H
        5.13248670966462       -0.96785631444030        0.00000000000000      H
$end
