$coord
       -3.26547103002759       -1.23762376549309       -2.70741069308275      C
       -2.52183068972757       -3.12664097599310       -3.15034391608276      H
       -2.91095402812760       -0.00771456959311       -4.34109440998276      H
       -5.32677454592758       -1.42074247089310       -2.50606942088277      H
       -2.13596866792760       -0.14521470879310       -0.24829437128277      C
        0.87780194407241       -0.14896635469309       -0.33371266568277      C
        1.94777603257242        1.47668933690690        1.87414193921725      C
        0.95636222807240        0.97206963020690        3.63455621471724      H
        1.48407882447241        3.47146849140690        1.50653219801724      H
        4.79761969177240        1.28152912850691        2.36666949631725      C
        5.92511525197241        1.74897369520690        0.68427817211725      H
        5.35803639527242       -0.61648553279309        2.99464370091724      H
        5.35382128137241        2.61368203800690        3.86152188331724      H
       -3.19699157122758        2.55453175650691        0.07138394861724      C
       -2.47526028082758        3.86222163120691       -1.37392475878276      H
       -5.26811937472758        2.51648816330689       -0.11399561848276      H
       -2.76062736852757        3.35393759820690        1.93690112611724      H
       -3.13937791272758       -1.75818162499311        1.96618032491723      C
       -5.20458140682758       -1.55397119559311        2.10106814811724      H
       -2.73399875232758       -3.77757514349311        1.70404256671724      H
       -2.34411218482759       -1.17661432829311        3.79539238661725      H
        1.90088250387243       -2.87175078369311       -0.12092348808276      C
        3.93906462857241       -2.91775588219310       -0.51761535958276      H
        1.61847717097242       -3.67098821519311        1.77557301631723      H
        0.99112397337241       -4.14206874539310       -1.48969362488276      H
        1.83174768077242        0.96622976910690       -2.85429985978275      C
        1.03195395507241        2.84695330270690       -3.23260827688277      H
        3.89852149907241        1.16945961220691       -2.82015696268276      H
        1.37168475247241       -0.26193985639309       -4.46274169588275      H
$end
