$coord
   -0.52537001157143     -3.44216936657143      0.00000000000000      te
    0.41227423042857     -6.40364967357143      0.00000000000000      h
    2.41231864442857     -2.51988859757143      0.00000000000000      h
   -0.52537001157143      2.55819631242857      0.00000000000000      n
    0.28980675842857      3.34893136642857      1.53494883300000      h
    0.28980675842857      3.34893136642857     -1.53494883300000      h
   -2.35346636857143      3.10964859242857      0.00000000000000      h
$redundant
     number_of_atoms             7
     degrees_of_freedom         10
     internal_coordinates       10
     frozen_coordinates          0
# definitions of redundant internals
   1 k  0.2102482984412 bend    6    5    4      val=   0.99392
        0.5048575776104 bend    7    5    4
        0.5048575776104 bend    7    6    4
       -0.3926956024695 bend    3    5    4
       -0.3926956024695 bend    3    6    4
       -0.3709631157723 bend    3    7    4
   2 k  1.0000000000000 stre    4    7           val=   1.90946
   3 k  1.0000000000000 stre    3    4           val=   5.86660
   4 k  1.0000000000000 stre    3    1           val=   3.07906
   5 k  1.0000000000000 stre    1    2           val=   3.10637
   6 k  1.0000000000000 stre    4    5           val=   1.90941
   7 k  0.8527024635584 bend    6    5    4      val=  14.90074
       -0.1937004496597 bend    7    5    4
       -0.1937004496597 bend    7    6    4
        0.1600900124952 bend    3    5    4
        0.1600900124952 bend    3    6    4
       -0.3828853040316 bend    3    7    4
   8 k  0.4025720442191 bend    6    5    4      val=  15.35521
       -0.1328402418414 bend    7    5    4
       -0.1328402418414 bend    7    6    4
       -0.3942456203425 bend    3    5    4
       -0.3942456203425 bend    3    6    4
        0.7012727509249 bend    3    7    4
   9 k  1.0000000000000 bend    3    2    1      val=  89.86108
  10 k  1.0000000000000 bend    4    1    3      val=  77.38004
        10 non zero eigenvalues  of BmBt
           1           3.986677786    1    0
         1
           2           2.878484585    2    0
         2
           3           2.226718518    3    0
         3
           4           2.021953989    4    0
         4
           5           1.043930573    5    0
         5
           6           0.862140431    6    0
         6
           7           0.753683716    7    0
         7
           8           0.402691626    8    0
         8
           9           0.206846859    9    0
         9
          10           0.061266717   10    0
        10
$user-defined bonds
$end
