$coord
       -0.19672936799606        0.10605644931325       -2.29933756160885      C
        1.30264700537530        0.29445694897485        0.00000000000000      N
       -0.19672936799606        0.10605644931325        2.29933756160885      C
        1.04584342400054        0.13792770372937       -3.94549011319713      H
       -1.45443492433156        1.73986752214435       -2.43777899421411      H
       -1.38053212786758       -1.60812022839084       -2.40403796622012      H
        2.66905898701406       -1.04591984256719        0.00000000000000      H
       -1.45443492433156        1.73986752214435        2.43777899421411      H
        1.04584342400054        0.13792770372937        3.94549011319713      H
       -1.38053212786758       -1.60812022839084        2.40403796622012      H
$end
