$coord
        0.58141863975000       -0.30031533458334        3.52064051100001      C
        2.53475409974999        0.32036788841668        3.37790720500000      H
        0.51871529075000       -2.19486511658333        4.31618956400000      H
       -0.44184135224999        0.94005741941667        4.79944139100000      H
       -0.76919724924999       -0.32643956458332        1.00306970500000      C
       -3.00945693425000       -0.88998354458333        0.80896729700001      O
        0.67148903775001        0.28955156541666       -1.02107963700000      N
        2.49099483774999        0.79545948541668       -0.77471233300000      H
       -0.43153711425000        0.33680061841667       -3.52020161699999      C
       -1.38824366725000       -1.44039169358332       -3.90940861400000      H
       -1.81977223425000        1.84586643241667       -3.70301880800000      H
        1.06267664575001        0.62389184441666       -4.89779466400001      H
$end
