$coord
       -3.08629288118876       -2.19561127309794       -0.77217893055321      N
       -1.06879606686991       -0.61608658924481        0.23634288443355      C
       -1.53102984802616        2.13141574530498       -0.56939167294672      C
       -0.40983742362732        3.10958800397463       -2.34867178991297      O
        1.47971484502131       -1.55589129675000       -0.67464620457755      C
        3.67080881782305       -0.22160454696146        0.62879195584725      C
       -2.83661151752224       -2.99270493895024       -2.48021099590058      H
       -1.20083247698939       -0.74777619088370        2.28964206874230      H
        1.58937150127564       -3.58727643425422       -0.32481723884977      H
        3.54409665680710       -0.53132058661176        2.66860726830111      H
        3.50974930263916        1.80833214591191        0.30677605183608      H
       -3.30361007773524        3.31485339209111        0.83839008978212      N
       -4.34880376214546        2.20488174175011        1.99552260527961      H
       -4.18868179160436        5.81154501452242        0.15747382156164      C
       -5.61569230213706        5.74761437268114       -1.32808061177308      H
       -2.59583748873156        6.90533962601391       -0.53230790566848      H
       -4.98328471638591        6.72600829931604        1.81417357766629      H
       -5.35207705391596       -2.42418436069169        0.40031295493727      C
       -5.84409781413938       -1.31026328950065        2.38293392048313      O
       -7.23017418928331       -4.16191765723656       -0.85113016451491      C
       -7.68462505102299       -5.67776148707435        0.46000324484996      H
       -6.54293162706833       -4.97137068473344       -2.60950586255879      H
       -8.95780193409874       -3.11008592668001       -1.21083256960747      H
        1.60633375878006       -1.24066001627663       -2.71011415264373      H
        6.22896524570903       -1.13514352758589       -0.31993549624624      C
        6.36077259797159       -0.80721133290822       -2.35609502036390      H
        6.39494201117645       -3.17620769071747       -0.03322800857001      H
        8.43206186995540        0.18178876655507        0.98995969125295      C
        8.26394746388151        2.21871263547300        0.71486715223123      H
        8.30590057110490       -0.13981983839828        3.02371506696763      H
       10.95680155885510       -0.57943795611461        0.16732903266953      N
       11.15655125465616       -2.46919075399081        0.40005961272417      H
       11.12834218297360       -0.27087148385594       -1.71428160151083      H
$end
