$coord
    2.45078299068315     -2.01680540870854      1.26210467833896       n
    2.69788100463380     -2.58607916846835      3.05906961739115       h
    0.19379325733311     -0.56777194392502      0.64751671354127       c
   -0.28395171836885     -1.03321228196707     -1.30024736791907       h
   -1.93962215141351     -1.32249771558706      2.41063715211165       c
    0.77757690286546      2.26585490061875      0.85022126163990       c
   -1.44004241920031     -0.75263487529118      4.32636391899705       h
   -2.13566740683340     -3.37150890014813      2.34700431947772       h
   -4.43744928479755     -0.08882158984403      1.71631001378912       c
    0.08838594059371      3.55039796174235      2.65734217941572       o
   -5.85796619780401     -0.46008338485691      3.16401322822213       h
   -4.25299857520183      1.95828910467576      1.61651968625291       h
   -5.49426729755606     -1.05246371319990     -0.73713656749438       c
   -7.57861427485333      0.25672205493983     -1.43011798820266       o
   -4.66092848710862     -2.78638807748151     -1.97505997314623       o
    4.28597354387891     -2.48427822985667     -0.46254803246008       c
    6.44537488523083     -4.11145821757769      0.43249073829198       c
    4.18962903996542     -1.66158984574221     -2.63598940833164       o
    6.47681742882348     -5.82401641021595     -0.70346391593596       h
    6.31203074228033     -4.62080060580479      2.41797013219335       h
    8.20675528371179     -3.10888387646351      0.09823170394076       h
    2.12463979751700      3.15384158981045     -1.12756362162924       n
    3.07860678629444      5.71542280633203     -1.16551130719146       c
    2.82316741688331      1.84085822318898     -2.33512065144491       h
    3.04285649140750      6.44415531078937     -3.08513597314696       h
    1.86818905326725      6.86387306460809      0.02756628092498       h
    5.00479267026136      5.82759513249900     -0.44281139207528       h
   -8.13439868832390     -0.50999291043981     -2.99749816064226       h
$end
