$coord
    6.85112548801256     -2.29683443158305      3.01171272067752      o
    6.57522547246005     -0.83985558232976      1.27127495133605      c
    6.71317548023631     -1.57873850069297     -1.13812586941355      o
    6.28042819556834     -0.12742882984145     -2.23416702708787      h
    6.06688914243524      1.96827745267722      1.66433798719167      c
    7.55599333596518      3.05109052741410      0.73270300316849      h
    6.11413229578327      2.33677404879186      3.67878604595172      h
    3.63103215581074      2.77708023799551      0.69301875435615      n
    2.21751700763765      3.32510081683268      1.88354621872654      h
    3.20395404954454      3.03030353994096     -1.78819165948246      c
    4.75352947935997      2.42181172481832     -3.43603284826179      o
    0.68494911302751      4.23594881338272     -2.48361087676548      c
    0.59802171086713      4.30208922806997     -4.53018427980219      h
    0.66605185168830      6.15969001771456     -1.74094850613443      h
   -1.52414073752643      2.92069942417353     -1.54819644047446      n
   -2.63529970427213      1.89457813345429     -2.71604719123779      h
   -2.30648735696983      3.07187751488723      0.86309410640906      c
   -1.09139345285846      4.13012414988313      2.55628872240250      o
   -4.81793338895117      1.79820210062431      1.41300441138014      c
   -6.28058141660622      1.49773564533083     -0.90946900720907      n
   -7.00623625203198      3.18904053519035     -1.44615122924271      h
   -7.77913424080577      0.35067188204063     -0.58065665990678      h
   -5.73445056390298      2.99061929112862      2.83029901182108      h
   -4.31337651119420     -0.78883297671389      2.64321612456288      c
   -3.44221276345650     -0.43923364193846      4.47814020060041      h
   -6.14452113496389     -1.67889398579080      2.99470518547223      h
   -2.65041751334350     -2.50092485404654      1.10686877768490      c
   -0.11251531548726     -2.83540637975060      1.77394210295910      c
    0.62447787674203     -1.89621249119174      3.43690110080980      h
    1.46729573247091     -4.39820989250348      0.35853722865209      c
    3.40804447200804     -4.66655100352030      0.92923452109630      h
    0.52810184391205     -5.62275242728445     -1.77496357654501      c
    1.75453410482694     -6.82650797459229     -2.88045336488894      h
   -1.99657227100674     -5.31472706745528     -2.45715471089058      c
   -2.74490382003956     -6.28604630029081     -4.09365754286638      h
   -3.57449359283099     -3.77648999444339     -1.01718339684259      c
   -5.53980877210909     -3.57806875038165     -1.54441698820662      h
$user-defined bonds
$redundant
     number_of_atoms            37
     degrees_of_freedom        105
     internal_coordinates      105
     frozen_coordinates          0
# definitions of redundant internals
   1 k  1.0000000000000 stre    2    1           val=   2.28649
   2 k  0.7071086752687 bend    3    1    2      val=  -0.17222
       -0.7071048870993 bend    5    1    2
   3 k  1.0000000000000 outp    1    5    3    2 val=  -0.38692
   4 k  1.0000000000000 tors    4    3    2    5 val=  -5.49573
   5 k  1.0000000000000 stre    3    4           val=   1.86946
   6 k  1.0000000000000 bend    2    4    3      val= 108.64855
   7 k  1.0000000000000 stre    5    7           val=   2.04842
   8 k  1.0000000000000 stre    5    6           val=   2.06346
   9 k  0.0263720132993 bend    6    7    5      val=   0.25169
       -0.5042333700239 bend    8    7    5
       -0.5044494197457 bend    8    6    5
        0.4923281643859 bend    2    7    5
        0.4981937243077 bend    2    6    5
  10 k -0.0019473260797 bend    6    7    5      val=   0.50188
        0.5280522860436 bend    8    7    5
       -0.5214453436370 bend    8    6    5
        0.4800155248124 bend    2    7    5
       -0.4678000007094 bend    2    6    5
  11 k  0.9035311181399 bend    6    7    5      val=   3.47199
       -0.1957533940260 bend    8    7    5
       -0.2041121617467 bend    8    6    5
       -0.2260899311356 bend    2    7    5
       -0.2292023031000 bend    2    6    5
  12 k -0.0021318240927 bend    6    7    5      val=   0.12746
        0.4760531602869 bend    8    7    5
       -0.4717960273516 bend    8    6    5
       -0.5257605204039 bend    2    7    5
        0.5237873878462 bend    2    6    5
  13 k  1.0000000000000 stre    8    9           val=   1.92762
  14 k  0.7071442686487 bend   10    9    8      val=  -2.04747
       -0.7070692917369 bend    5    9    8
  15 k  1.0000000000000 outp    9    5   10    8 val=   4.63126
  16 k  1.0000000000000 stre   10   11           val=   2.34240
  17 k  0.7071714790201 bend    8   11   10      val=   1.17434
       -0.7070420774329 bend   12   11   10
  18 k  1.0000000000000 outp   11   12    8   10 val=   1.99662
  19 k  1.0000000000000 stre   12   13           val=   2.04949
  20 k  1.0000000000000 stre   12   14           val=   2.06220
  21 k  0.0430362677609 bend   14   13   12      val=   0.59052
       -0.5096197451158 bend   15   13   12
       -0.5004000679570 bend   15   14   12
        0.4897807668829 bend   10   13   12
        0.4981467328263 bend   10   14   12
  22 k -0.0059045690046 bend   14   13   12      val=   0.30768
        0.5320426316226 bend   15   13   12
       -0.5334588393902 bend   15   14   12
        0.4732936335040 bend   10   13   12
       -0.4564105359893 bend   10   14   12
  23 k  0.9071111451802 bend   14   13   12      val=   4.94872
       -0.1789061549202 bend   15   13   12
       -0.1959169352419 bend   15   14   12
       -0.2311160365274 bend   10   13   12
       -0.2309629627597 bend   10   14   12
  24 k -0.0065766490601 bend   14   13   12      val=   0.54597
        0.4671632058486 bend   15   13   12
       -0.4625102947645 bend   15   14   12
       -0.5303256291480 bend   10   13   12
        0.5353076135215 bend   10   14   12
  25 k  1.0000000000000 stre   15   16           val=   1.91088
  26 k -0.7071027950159 bend   17   16   15      val=   2.79094
        0.7071107673347 bend   12   16   15
  27 k  1.0000000000000 outp   16   12   17   15 val=  -2.87216
  28 k  1.0000000000000 stre   17   18           val=   2.33736
  29 k  0.7071163780784 bend   15   18   17      val=   1.27208
       -0.7070971841645 bend   19   18   17
  30 k  1.0000000000000 outp   18   19   15   17 val=   0.77909
  31 k  1.0000000000000 tors   22   20   19   17 val=  76.82112
        1.0000000000000 tors   22   20   19   24
        1.0000000000000 tors   21   20   19   17
        1.0000000000000 tors   21   20   19   24
  32 k  1.0000000000000 stre   20   22           val=   1.91560
  33 k  1.0000000000000 stre   20   21           val=   1.91706
  34 k  0.8593176682237 bend   21   22   20      val=   7.55612
       -0.3638702488020 bend   19   22   20
       -0.3594044895592 bend   19   21   20
  35 k  0.4277128658599 bend   21   22   20      val= 108.62354
        0.8965797513601 bend   19   22   20
        0.1149193361843 bend   19   21   20
  36 k  0.2804190604371 bend   21   22   20      val=  71.20646
       -0.2524741402360 bend   19   22   20
        0.9260788082316 bend   19   21   20
  37 k  1.0000000000000 stre   19   23           val=   2.06654
  38 k -0.7992666171454 bend   20   23   19      val=  -0.52537
        0.3869494304479 bend   17   23   19
        0.4598293302879 bend   24   23   19
  39 k -0.0371925917078 bend   20   23   19      val=  -0.21769
        0.7318218196969 bend   17   23   19
       -0.6804803710157 bend   24   23   19
  40 k  1.0000000000000 stre   24   25           val=   2.06109
  41 k  1.0000000000000 stre   24   26           val=   2.06612
  42 k  0.0697074773565 bend   26   25   24      val=   1.10960
       -0.5005292874196 bend   27   25   24
       -0.5085944257853 bend   27   26   24
        0.4932287126750 bend   19   25   24
        0.4926138925050 bend   19   26   24
  43 k  0.0037444524808 bend   26   25   24      val=   0.34601
        0.5396994217250 bend   27   25   24
       -0.5310516455327 bend   27   26   24
        0.4613883784222 bend   19   25   24
       -0.4624018028720 bend   19   26   24
  44 k  0.9048492614127 bend   26   25   24      val=   3.30856
       -0.1790156920177 bend   27   25   24
       -0.1730934654592 bend   27   26   24
       -0.2430245090695 bend   19   25   24
       -0.2453139546361 bend   19   26   24
  45 k -0.0027530389495 bend   26   25   24      val=   0.33679
       -0.4622519581329 bend   27   25   24
        0.4615307803035 bend   27   26   24
        0.5386597207191 bend   19   25   24
       -0.5321189642234 bend   19   26   24
  46 k  1.0000000000000 stre   28   29           val=   2.04711
  47 k  0.7071072395943 bend   30   29   28      val=   0.01459
       -0.7071063227785 bend   27   29   28
  48 k  1.0000000000000 outp   29   27   30   28 val=   1.10660
  49 k  1.0000000000000 stre   30   31           val=   2.04064
  50 k  0.7071068956224 bend   32   31   30      val=   0.21987
       -0.7071066667507 bend   28   31   30
  51 k  1.0000000000000 outp   31   28   32   30 val=   0.44637
  52 k  1.0000000000000 stre   32   33           val=   2.04335
  53 k -0.7071065694487 bend   30   33   32      val=   0.19728
        0.7071069929243 bend   34   33   32
  54 k  1.0000000000000 outp   33   34   30   32 val=  -0.67423
  55 k  1.0000000000000 stre   34   35           val=   2.04490
  56 k -0.7071065877141 bend   36   35   34      val=   0.21969
        0.7071069746590 bend   32   35   34
  57 k  1.0000000000000 outp   35   32   36   34 val=   0.62566
  58 k  1.0000000000000 stre   36   37           val=   2.04446
  59 k  0.7071067857791 bend   34   37   36      val=  -0.14461
       -0.7071067765940 bend   27   37   36
  60 k  1.0000000000000 outp   37   27   34   36 val=  -0.33622
  61 k  1.0000000000000 tors    3    2    5    8 val=  63.46497
  62 k  1.0000000000000 stre    2    3           val=   2.52392
  63 k  1.0000000000000 bend    5    3    2      val= 115.16811
  64 k  1.0000000000000 stre   19   20           val=   2.76107
  65 k  0.7200023395793 bend   17   20   19      val=   2.03283
       -0.6939716355878 bend   24   20   19
  66 k  0.6939716355878 bend   17   20   19      val= 110.53763
        0.7200023395793 bend   24   20   19
  67 k  1.0000000000000 tors    2    5    8   10 val= -74.04054
  68 k  1.0000000000000 stre    5    2           val=   2.88071
  69 k  1.0000000000000 bend    8    2    5      val= 113.30554
  70 k  1.0000000000000 tors    5    8   10   12 val= 188.08823
  71 k  1.0000000000000 stre    8    5           val=   2.74427
  72 k  1.0000000000000 bend   10    5    8      val= 121.76041
  73 k  1.0000000000000 tors    8   10   12   15 val= -58.56920
  74 k  1.0000000000000 stre   10    8           val=   2.53040
  75 k  1.0000000000000 bend   12    8   10      val= 115.25144
  76 k  1.0000000000000 tors   10   12   15   17 val=  77.44906
  77 k  1.0000000000000 stre   12   10           val=   2.87795
  78 k  1.0000000000000 bend   15   10   12      val= 115.00739
  79 k  1.0000000000000 tors   12   15   17   19 val= 173.47963
  80 k  1.0000000000000 stre   15   12           val=   2.73587
  81 k  1.0000000000000 bend   17   12   15      val= 123.00919
  82 k  1.0000000000000 tors   15   17   19   24 val= 100.59283
  83 k  1.0000000000000 stre   17   15           val=   2.53954
  84 k  1.0000000000000 bend   19   15   17      val= 115.16442
  85 k  1.0000000000000 tors   17   19   24   27 val= -56.10558
  86 k  1.0000000000000 stre   19   17           val=   2.86915
  87 k  1.0000000000000 bend   24   17   19      val= 108.90796
  88 k  1.0000000000000 tors   19   24   27   28 val=  13.44952
        1.0000000000000 tors   19   24   27   36
  89 k  1.0000000000000 stre   24   19           val=   2.90874
  90 k  1.0000000000000 bend   27   19   24      val= 114.15256
  91 k  1.0000000000000 stre   27   24           val=   2.83850
  92 k  0.7071071226472 bend   36   24   27      val=   0.63806
       -0.7071064397257 bend   28   24   27
  93 k  1.0000000000000 outp   24   28   36   27 val=   0.42350
  94 k  1.0000000000000 stre   27   36           val=   2.64435
  95 k  1.0000000000000 stre   36   34           val=   2.63240
  96 k  1.0000000000000 stre   34   32           val=   2.63330
  97 k  1.0000000000000 stre   32   30           val=   2.63314
  98 k  1.0000000000000 stre   30   28           val=   2.63468
  99 k  1.0000000000000 stre   28   27           val=   2.64534
 100 k -0.5000000000000 bend   27   34   36      val=  -0.63155
       -0.5000000000000 bend   36   32   34
        1.0000000000000 bend   34   30   32
       -0.5000000000000 bend   32   28   30
       -0.5000000000000 bend   30   27   28
        1.0000000000000 bend   28   36   27
 101 k  0.8660254037844 bend   27   34   36      val=  -0.11759
       -0.8660254037844 bend   36   32   34
        0.8660254037844 bend   32   28   30
       -0.8660254037844 bend   30   27   28
 102 k -1.0000000000000 bend   27   34   36      val=  -0.53584
        1.0000000000000 bend   36   32   34
       -1.0000000000000 bend   34   30   32
        1.0000000000000 bend   32   28   30
       -1.0000000000000 bend   30   27   28
        1.0000000000000 bend   28   36   27
 103 k -0.5000000000000 tors   36   34   32   30 val=   0.62102
       -0.5000000000000 tors   34   32   30   28
        1.0000000000000 tors   32   30   28   27
       -0.5000000000000 tors   30   28   27   36
       -0.5000000000000 tors   28   27   36   34
        1.0000000000000 tors   27   36   34   32
 104 k  0.8660254037844 tors   36   34   32   30 val=   0.62386
       -0.8660254037844 tors   34   32   30   28
        0.8660254037844 tors   30   28   27   36
       -0.8660254037844 tors   28   27   36   34
 105 k -1.0000000000000 tors   36   34   32   30 val=  -0.10397
        1.0000000000000 tors   34   32   30   28
       -1.0000000000000 tors   32   30   28   27
        1.0000000000000 tors   30   28   27   36
       -1.0000000000000 tors   28   27   36   34
        1.0000000000000 tors   27   36   34   32
       105 non zero eigenvalues  of BmBt
           1          10.967222018    1    0
         1
           2           6.221196635    2    0
         2
           3           5.832525903    3    0
         3
           4           5.576411283    4    0
         4
           5           5.137255729    5    0
         5
           6           4.994773286    6    0
         6
           7           4.552225945    7    0
         7
           8           4.503899485    8    0
         8
           9           4.446200777    9    0
         9
          10           4.379654105   10    0
        10
          11           4.263139668   11    0
        11
          12           4.069854501   12    0
        12
          13           3.914479582   13    0
        13
          14           3.836242290   14    0
        14
          15           3.625072900   15    0
        15
          16           3.538668445   16    0
        16
          17           3.504012800   17    0
        17
          18           3.390220921   18    0
        18
          19           3.342622318   19    0
        19
          20           3.273717601   20    0
        20
          21           3.159001806   21    0
        21
          22           3.107430192   22    0
        22
          23           3.010199150   23    0
        23
          24           2.969010642   24    0
        24
          25           2.830625916   25    0
        25
          26           2.815963944   26    0
        26
          27           2.620052356   27    0
        27
          28           2.507699238   28    0
        28
          29           2.402661553   29    0
        29
          30           2.317359118   30    0
        30
          31           2.297018338   31    0
        31
          32           2.112630796   32    0
        32
          33           2.031337702   33    0
        33
          34           1.985009698   34    0
        34
          35           1.926395459   35    0
        35
          36           1.907386904   36    0
        36
          37           1.839505273   37    0
        37
          38           1.802964019   38    0
        38
          39           1.733731892   39    0
        39
          40           1.488348599   40    0
        40
          41           1.436454129   41    0
        41
          42           1.342743593   42    0
        42
          43           1.268829639   43    0
        43
          44           1.153076713   44    0
        44
          45           1.120893257   45    0
        45
          46           1.060127673   46    0
        46
          47           1.031858729   47    0
        47
          48           0.909447809   48    0
        48
          49           0.873450635   49    0
        49
          50           0.758910494   50    0
        50
          51           0.757185635   51    0
        51
          52           0.756058471   52    0
        52
          53           0.721041358   53    0
        53
          54           0.646101298   54    0
        54
          55           0.642752126   55    0
        55
          56           0.613296193   56    0
        56
          57           0.576306280   57    0
        57
          58           0.522155683   58    0
        58
          59           0.496218868   59    0
        59
          60           0.486960125   60    0
        60
          61           0.461215968   61    0
        61
          62           0.456487070   62    0
        62
          63           0.416541764   63    0
        63
          64           0.389683568   64    0
        64
          65           0.367921217   65    0
        65
          66           0.365516882   66    0
        66
          67           0.359589203   67    0
        67
          68           0.354658395   68    0
        68
          69           0.344677036   69    0
        69
          70           0.340480214   70    0
        70
          71           0.328327971   71    0
        71
          72           0.319042878   72    0
        72
          73           0.293743335   73    0
        73
          74           0.288073275   74    0
        74
          75           0.277329248   75    0
        75
          76           0.272460958   76    0
        76
          77           0.272118418   77    0
        77
          78           0.266999196   78    0
        78
          79           0.265210250   79    0
        79
          80           0.253351419   80    0
        80
          81           0.219335601   81    0
        81
          82           0.168580701   82    0
        82
          83           0.153041687   83    0
        83
          84           0.133532786   84    0
        84
          85           0.126572847   85    0
        85
          86           0.111781977   86    0
        86
          87           0.095940165   87    0
        87
          88           0.089956462   88    0
        88
          89           0.083928156   89    0
        89
          90           0.076721243   90    0
        90
          91           0.075420313   91    0
        91
          92           0.064915883   92    0
        92
          93           0.059793346   93    0
        93
          94           0.053894527   94    0
        94
          95           0.045205291   95    0
        95
          96           0.035974780   96    0
        96
          97           0.029338392   97    0
        97
          98           0.022208305   98    0
        98
          99           0.017052751   99    0
        99
         100           0.013692560  100    0
       100
         101           0.008336396  101    0
       101
         102           0.004830809  102    0
       102
         103           0.003083508  103    0
       103
         104           0.001339804  104    0
       104
         105           0.000874789  105    0
       105
$end
