$coord
        0.52943351413571        0.44669336478719        0.89217273376988      C
        1.38376968315864        0.81507174961551        2.74566692007744      H
        2.24161636619673       -1.52017521059023       -0.35343475463736      C
        3.81271132051972       -0.56136138317384       -2.01485357099163      O
        3.38102310001260        1.25697358169241       -2.11259329281430      H
        2.21898653170406       -3.74037159397513        0.15033892510734      O
        0.66388593333483        2.75715487216971       -0.57137845172214      N
       -0.73698058986563        2.82621052988677       -1.88011857092929      H
        0.51179261766172        4.30896834909366        0.53173483826953      H
       -2.11741556306813       -0.58695714704830        1.37207607265020      C
       -2.06176237421243       -2.28755789308973        2.52955507810060      H
       -3.21301020787263        0.82051239703562        2.40473973264969      H
       -3.89142915609199       -1.19842532971916       -1.50868803258977      S
       -2.72262117561319       -3.33673628668451       -2.18521762694011      H
$end
