$coord
     0.048282499     0.057183108     0.173514640     C 
     0.048282499     0.057183108     2.785682877     N 
     2.460933466     0.057183108     3.599550067     C 
     3.991384751    -0.221116838     1.583647072     N 
     2.540755491    -0.118599203    -0.586344180     C 
    -2.061048549     0.828021237     4.403571784     C 
     6.721736451     0.210496578     1.725659980     C 
     3.058786077     0.070940314     5.557211706     H 
     3.368228708    -0.207680886    -2.461916123     H 
    -1.684652926     0.148551360    -0.921487085     H 
    -3.836824062     0.378984547     3.432611673     H 
    -1.962159188    -0.217412975     6.192197434     H 
    -1.859660450     2.870361499     4.747464119     H 
     7.499472079    -0.877758825     3.310818833     H 
     7.584906591    -0.429156772    -0.047375431     H 
     7.008294500     2.247696785     2.037956097     H 
$end
