$coord
       -2.95096064269230       -1.09020575569231       -1.48979880061537      N
       -1.07937700969231       -1.49123419469230       -1.54284808261538      H
       -3.84855700869230       -2.77120457469232       -1.34460136261539      H
       -3.48448936069230        0.42488586930768        0.75563909438462      C
       -5.49864271269231        0.82986986130769        0.84972373438461      H
       -2.92703356769231       -0.43240903269232        2.55460514338461      H
       -2.51548180369231        2.23226081730770        0.59609325538462      H
        3.05441989130770       -1.09706957269231       -1.35596335861537      O
        3.58737197830768       -0.39796777669231       -2.94307633961538      H
        3.78369131930768        0.62557489730769        0.57049165238462      C
        3.17296391230769       -0.18631313069231        2.35262901138463      H
        5.82658950030768        0.88840454330768        0.64426649238461      H
        2.87950550430770        2.46540804930769        0.35283956038462      H
$end
