$coord
   -0.35346655715600      2.09805094714897      0.75185144229675       n
    0.37594818603958     -0.30133824881456     -0.38268873106418       c
   -1.51072980458822     -2.30182739749198      0.52710670548584       c
   -1.11074127098702     -3.64818751398475      2.37204676397615       o
    3.09714815624698     -0.99866155935508      0.25132150152083       c
    4.90633999835512      1.12278893522341     -0.50783460517415       c
    3.76367206622877     -3.47427475679073     -1.06758444446671       c
    7.63635002731961      0.63584817068831      0.27130119053223       c
    0.26749465988631      2.48983922197094      2.50665961515916       h
    0.17932648157168     -0.05208573169882     -2.42129108401832       h
    3.20424246388463     -1.29805582554813      2.29531567422379       h
    4.27802986085093      2.89774320462731      0.32988811273434       h
    4.79598818154745      1.38111334501936     -2.55623078634483       h
    2.45457125879016     -4.96725234027001     -0.54007317955753       h
    3.70219542780668     -3.22550324090901     -3.11539176208617       h
    5.65592241272074     -4.09816124279783     -0.56286484600249       h
    7.75996217763882      0.25870847485129      2.29333198636543       h
    8.81816419365813      2.26933235284558     -0.13892473528902       h
    8.44063073772064     -0.97554815306100     -0.71986881293394       h
   -3.66289992184786     -2.36181746390332     -0.85404915337089       n
   -3.94938174864267     -0.88103758841114     -2.03007561580378       h
   -5.78821265930840     -3.88212995826512     -0.04271062031820       c
   -7.02405750408961     -4.22865361207623     -1.64411418625566       h
   -5.07977130440577     -5.66847798483668      0.67564125526376       h
   -6.86461013615554     -2.96826983880090      1.45866251983655       h
   -2.17937736707027      3.57368270931167     -0.28088446539016       c
   -3.25554774743059      3.01610178401591     -2.26588015572999       o
   -2.78042107308267      5.97275055419907      1.13275561971608       c
   -4.78501711718516      5.98429317728495      1.58348671095030       h
   -2.41072313185373      7.56728987496013     -0.10975744056920       h
   -1.68900703981687      6.19300642098842      2.85918991300524       h
$end
