$coord
        8.00295881484411       -1.66576505220480        4.27144668630603      C
        7.94942948433889       -0.40610543616877        6.60092042318262      C
        5.92944425787782        1.20500943568828        7.16266155129235      C
        3.99727116802641        1.56185735108336        5.40422655353003      C
        4.05085966785805        0.35501433702425        3.02310953743685      C
        6.08431885075393       -1.29744127964979        2.50634986921535      C
        1.94388640253355        0.77962894668644        1.28968808319513      C
        1.85414909479157        0.57807139912953       -1.28563519934049      C
       -0.53428778161824        0.77009893013176       -2.65619911920502      C
       -2.87421784014905        0.02213278725921       -1.87095233865583      C
       -3.45258568813858       -1.42526660540063        0.36261041258975      C
       -5.77760527315453       -1.87539035320021        1.36820959161226      C
      -12.81196115107124       -1.17702571922213        0.54244347000528      C
      -10.44208357073366       -2.13515891596260        1.18123332073513      C
       -8.20878566499121       -0.75904528519599        0.67736721861799      C
       -8.46098195414942        1.66526215858713       -0.41392454513566      C
      -10.83486551035045        2.62590245044085       -1.04319632912677      C
      -13.02047344673919        1.20724575803539       -0.58642450065125      C
        8.37085149588322        1.65025213105850       -4.11332390220663      C
        6.24591928573671        1.89273231633218       -2.57227786565834      C
        4.14551417942181        0.29652082462601       -2.89703728590657      C
        4.21381724098340       -1.51888442604272       -4.83499476419354      C
        6.34871066541310       -1.77430631711742       -6.37098019692900      C
        8.43561494557819       -0.19297080302190       -6.01239414156988      C
        9.54588612134850       -2.95498604572407        3.83667294918554      H
        9.45457815847645       -0.69873474865473        7.97143926236907      H
        5.85382775270762        2.17303878441442        8.97606336115775      H
        2.41737478648268        2.80292551272249        5.85326185164395      H
        6.13873251124041       -2.30192854247599        0.71911303145719      H
        0.19645021168968        1.35886403414423        2.21259662515102      H
       -0.39298154668949        1.55129152300600       -4.55844032889586      H
       -4.44957071850764        0.42545121284279       -3.13461101148250      H
       -1.85129005418078       -2.35959233152784        1.26308152361847      H
       -5.87437929998690       -3.27748329229152        2.87729206887430      H
      -14.50117818595121       -2.28430969331723        0.93225661374147      H
      -10.28829986479881       -3.98909169574143        2.06250030890751      H
       -6.78937094644324        2.82157557463133       -0.69815641594137      H
      -10.98333400996751        4.50418155666262       -1.86923322183397      H
      -14.86867950289061        1.96448438017986       -1.07592499266904      H
        9.97833101967470        2.90417209909756       -3.83969205507020      H
        6.19565038316344        3.31456935172890       -1.09025762254336      H
        2.58770038602996       -2.74793670098374       -5.11094996259658      H
        6.38004694064953       -3.20533249353749       -7.84833423824193      H
       10.09560818500825       -0.38352711807206       -7.21160427597103      H
$end
