$coord
       -2.27634104501522        1.31424121959651        0.00000000000000      C
       -2.27634104501522       -1.31424140856912        0.00000000000000      C
       -0.00000000000000       -2.62853931994964        0.00000000000000      C
        2.27634123398785       -1.31424121959651        0.00000000000000      C
        2.27634142296044        1.31424121959651        0.00000000000000      C
       -0.00000000000000        2.62853931994964        0.00000000000000      C
       -5.06960816991372       -2.92697299667730        0.00000000000000      Cl
       -0.00000000000000       -5.85371336806765        0.00000000000000      Cl
        5.06960816991372       -2.92697337462253        0.00000000000000      Cl
        5.06960835888633        2.92697318564992        0.00000000000000      Cl
       -0.00000056691784        5.85371336806765        0.00000000000000      Cl
       -5.06960798094111        2.92697318564992        0.00000000000000      Cl
$end
