$coord
       -2.55920488600000        1.47755785499999        0.45401233800000      B
        0.00000000000000        2.78988751700000       -0.36724745900000      N
        2.55920488600000        1.47755785499999        0.45401233800000      B
        2.41611294500000       -1.39494281399999       -0.36724745900000      N
        0.00000000000000       -2.95511570900000        0.45401233800000      B
       -2.41611294500000       -1.39494281399999       -0.36724745900000      N
       -4.31319563799999        2.49022421800000       -0.62796539500000      H
       -2.72357703200001        1.57245800400001        2.72527022699999      H
        0.00000000000000        3.15780771900001       -2.25111718900000      H
        0.00000000000000        4.52182705700000        0.45448288000000      H
        2.72357703200001        1.57245800400001        2.72527022699999      H
        4.31319563799999        2.49022421800000       -0.62796539500000      H
        2.73474153399999       -1.57890386000001       -2.25111718900000      H
        3.91601680900000       -2.26091352800001        0.45448288000000      H
        0.00000000000000       -3.14491600800000        2.72527022699999      H
        0.00000000000000       -4.98045032700001       -0.62796539500000      H
       -2.73474153399999       -1.57890386000001       -2.25111718900000      H
       -3.91601680900000       -2.26091352800001        0.45448288000000      H
$end
