$coord
        3.05965059040606        0.92711126419304       -1.24618139596146      C
        4.42426975489846        3.09238201440036       -0.43897274950345      C
        2.78434546769391        4.34255713684301        1.64839760463571      C
        0.58991013880902        2.81299698044970        1.87059315085072      C
        0.85981133724551        0.87278095779559        0.15069512660305      C
       -4.42313055671188       -3.09881762221406        0.43753111694422      C
       -3.05863618652175       -0.93339833168888        1.24455367345892      C
       -0.85883072357068       -0.87900385925435       -0.15238829554174      C
       -0.58887238731609       -2.81929737559748       -1.87221383123458      C
       -2.78324210088990       -4.34891649420148       -1.64992273165766      C
        3.55684037395778       -0.93831016210952       -3.07695585395276      C
        1.57859558135064       -2.98714498391439       -3.40636729346465      C
       -1.57755773956679        2.98084257801091        3.40471983937511      C
       -3.55573161753999        0.93198513210392        3.07541241099391      C
       -2.77971379273971       -6.40034907658480       -3.27706585234273      C
       -0.66234013195139       -6.71745504931520       -4.89949563850383      C
        1.44935328543297       -5.12609221455739       -5.00168736976154      C
        5.89464703759194       -0.48270380713838       -4.28695717742538      C
        7.34588411179515        1.61955866816077       -3.59521896674897      C
        6.68823290060070        3.42024142268207       -1.71272843385362      C
       -6.68690109933577       -3.42687733505378        1.71157090063725      C
       -7.34444999159541       -1.62623065512378        3.59412257879645      C
       -5.89330823599262        0.47613024929234        4.28573483074153      C
       -1.44829405475855        5.11975274817988        5.00010655854426      C
        0.66345123286587        6.71103832719636        4.89799827882098      C
        2.78088581664809        6.39390097489488        3.27562818179707      C
       -4.30485407685122       -7.75921784294465       -3.37014413080093      H
       -0.68519230712556       -8.32980355943922       -6.15665166697270      H
        2.95002540764173       -5.58117727948626       -6.31446618108649      H
        6.60343488204001       -1.71878021791520       -5.75394431757366      H
        9.11796558425592        1.90608828677671       -4.57543098505018      H
        7.96705528982882        4.97177681635176       -1.33936403098177      H
       -7.96562912913872       -4.97853876279024        1.33840210208948      H
       -9.11640718140242       -1.91288009093748        4.57452799830806      H
       -6.60202388568328        1.71209152311079        5.75285255537917      H
       -2.94899866358920        5.57488488763454        6.31282874200898      H
        0.68633687493933        8.32336196560516        6.15518656111492      H
        4.30609490787370        7.75268058794729        3.36883852545787      H
$end
