$coord
       -3.42594342929938       -0.25460121899776        1.12973704922206      C
       -2.72674231912822        0.54469960342499       -1.15371030059920      C
       -0.47176724435742        0.29233205187912       -2.34312150704758      O
        1.55181511067469       -0.98099672577431       -1.06414972825235      C
        2.97518659841314        0.74693076183962        0.74051580111838      C
       -2.19216309060499       -1.23537531318830        2.42820817705306      H
       -5.34311287933039        0.09219054412748        1.74156620316124      H
       -4.03206639589062        1.53898677574933       -2.38042311181499      H
        0.81802528537422       -2.65462673165781       -0.09641775550172      H
        2.79551630560781       -1.62030237246075       -2.57772767689826      H
        1.76298076400672        1.43587164327210        2.25757534912148      H
        4.55314872633281       -0.27958594096495        1.59090202926991      H
        3.73512256820166        2.37447692275125       -0.27295452883200      H
$end
