$coord
    0.58478557839735      2.81300210182206      0.81057043469976       c
    0.01643173564328      1.38095195359442     -1.16764004565951       c
   -0.01643173564328     -1.38095195359442     -1.16764004565951       c
   -0.58478557839735     -2.81300210182206      0.81057043469976       c
   -0.41550428935868      2.29059600512603     -2.94732024486792       h
    0.55158346818778      4.84684101727292      0.69384772064981       h
    1.12227528011346      1.98907716151381      2.59830596949482       h
    0.41550428935868     -2.29059600512603     -2.94732024486792       h
   -1.12227528011346     -1.98907716151381      2.59830596949482       h
   -0.55158346818778     -4.84684101727292      0.69384772064981       h
$end
