$coord
     2.036671083     2.053943179     3.710458085     C 
     0.261519180    -0.051211574     2.851842184     C 
     0.105956936    -0.067557704    -0.011659609     N 
     1.917089223    -0.068389184    -0.729717691     H 
    -0.806761820    -1.649296153    -0.690127932     H 
    -0.800431238     1.500631409    -0.730605862     H 
    -1.654020468     0.171379250     3.611285265     H 
     1.000213069    -1.910966511     3.367812968     H 
     2.144574438     2.044759111     5.780369449     H 
     3.940683402     1.766761520     2.941963216     H 
     1.354215439     3.927852163     3.122885583     H 
$end
