$coord
   -3.56949710845947     -0.33956876397133      0.00000000000000      c
    3.56949710845947      0.33956876397133      0.00000000000000      c
   -2.21180224418640     -2.20453619956970      0.00000000000000      o
   -2.82189106941223      2.02897882461548      0.00000000000000      o
    2.82189106941223     -2.02897882461548      0.00000000000000      o
    2.21180224418640      2.20453619956970      0.00000000000000      o
   -0.94265800714493      2.09229588508606      0.00000000000000      h
   -5.63041782379150     -0.48911607265472      0.00000000000000      h
    5.63041782379150      0.48911607265472      0.00000000000000      h
    0.94265800714493     -2.09229588508606      0.00000000000000      h
$user-defined bonds
$redundant
     number_of_atoms            10
     degrees_of_freedom          9
     internal_coordinates        9
     frozen_coordinates          0
# definitions of redundant internals
   1 k  1.0000000000000 stre    5   10           val=   1.88030
   2 k  1.0000000000000 stre    1    8           val=   2.06634
   3 k  1.0000000000000 stre    5    2           val=   2.48373
   4 k  1.0000000000000 stre   10    3           val=   3.15646
   5 k  1.0000000000000 stre    2    6           val=   2.30682
   6 k -0.5000000000000 bend    1   10    3      val=   4.84778
       -0.5000000000000 bend   10    2    5
        1.0000000000000 bend    5    6    2
       -0.5000000000000 bend    2    7    6
       -0.5000000000000 bend    7    1    4
        1.0000000000000 bend    4    3    1
   7 k -0.7071067811865 bend    3    8    1      val=  -5.11813
        0.7071067811865 bend    4    8    1
   8 k  0.8660254037844 bend    1   10    3      val=  10.30206
       -0.8660254037844 bend   10    2    5
        0.8660254037844 bend    2    7    6
       -0.8660254037844 bend    7    1    4
   9 k  1.0000000000000 linc    3    5   10    2 val=   0.00000
         9 non zero eigenvalues  of BmBt
           1           3.677025590    1    0
         1
           2           3.267486311    2    0
         2
           3           3.147820785    3    0
         3
           4           1.956181884    4    0
         4
           5           1.398800100    5    0
         5
           6           0.629783254    6    0
         6
           7           0.413097833    7    0
         7
           8           0.276494550    8    0
         8
           9           0.187785387    9    0
         9
$end
