$coord
    0.00000000000000      0.00000000000000     -8.64307238850877      c
    0.00000000000000      0.00000000000000     -6.36059775523638      c
    0.00000000000000      0.00000000000000     -3.79954466849228      c
    0.00000000000000      0.00000000000000     -1.50101399458744      c
    0.00000000000000      0.00000000000000      1.05804345168503      c
    0.00000000000000      0.00000000000000      3.34494126403150      c
    0.00000000000000      0.00000000000000      6.08416533393667      c
    0.00000000000000      0.00000000000000    -10.65055067606174      h
   -0.96443901871313     -1.67045738121301      6.82254314441114      h
   -0.96443901871313      1.67045738121301      6.82254314441114      h
    1.92887803742626      0.00000000000000      6.82254314441114      h
$redundant
     number_of_atoms            11
     degrees_of_freedom          9
     internal_coordinates        9
     frozen_coordinates          0
# definitions of redundant internals
   1 k  1.0000000000000 stre    8    1           val=   2.00748
   2 k  1.0000000000000 stre    2    3           val=   2.56105
   3 k  1.0000000000000 stre    3    4           val=   2.29853
   4 k  1.0000000000000 stre    5    6           val=   2.28690
   5 k  1.0000000000000 stre    7    6           val=   2.73922
   6 k  1.0000000000000 stre    1    2           val=   2.28247
   7 k  1.0000000000000 stre    4    5           val=   2.55906
   8 k -0.3975937786401 bend   11    6    7      val=   1.32563
       -0.3975937786401 bend    9    6    7
        0.4186317242160 bend    9   11    7
       -0.3975937786401 bend   10    6    7
        0.4186317242160 bend   10   11    7
        0.4186317242160 bend   10    9    7
   9 k  1.0000000000000 stre    7    9           val=   2.06537
         9 non zero eigenvalues  of BmBt
           1           3.959343573    1    0
         1
           2           3.667943460    2    0
         2
           3           3.129696531    3    0
         3
           4           2.426810689    4    0
         4
           5           1.667896812    5    0
         5
           6           1.000000000    6    0
         6
           7           0.832040258    7    0
         7
           8           0.398209105    8    0
         8
           9           0.089204333    9    0
         9
$user-defined bonds
$end
