$coord
   -4.43298417355556     -1.12608407261111     -2.07618596922222      o
   -2.69461895955556     -1.44737732861111     -1.58779843722222      h
   -5.97007969355556     -2.11686828661111     -0.13552849922222      c
   -7.92654668455556     -1.73426717561111     -0.63279679422222      h
   -5.75383834155556     -4.15901047661111      0.07988380377778      h
   -5.59677894855556     -1.23686745861111      1.69769402677778      h
   -0.30909584455556      2.88031398538889      0.69170919477778      c
    0.64784935744444      4.69718930638889      0.62581377577778      h
   -1.08491174455556      2.60415722438889      2.57742261677778      h
   -1.87690285855556      2.86233650438889     -0.63394404322222      h
    1.42119468744444      0.69779608238889      0.09471411877778      c
    0.61958276244444     -1.41852845061111     -0.44401187322222      o
    3.92723008344444      1.19238325238889      0.20658469577778      n
    4.49039195344444      2.91284295738889      0.76913191377778      h
    5.78370829844445     -0.77314211761111     -0.21434009222222      c
    5.10991291344444     -2.00323529261111     -1.71133748122222      h
    7.56074848844444      0.08389366238889     -0.77844919022222      h
    6.08513870444444     -1.91553231561111      1.47143823377778      h
$user-defined bonds
$end
