$coord
       -8.65984438409654       -0.00373163652544        7.56764150079399      N
      -10.26546153125965        1.95226719184052        6.50730482927506      C
       -9.83047681108750       -2.46815372203972        7.27665202222160      C
       -8.14587478074819        0.50751865091772       10.21384768138734      C
       -9.88178476532145        0.53602705935843       11.35926549258718      H
       -6.89190165184471       -0.93982637371166       10.96613820625847      H
       -7.21379949104661        2.33262181923708       10.39647459432168      H
      -12.11103043359814        2.05509852908762        7.46099480648459      H
       -9.33681042531084        3.77963803151934        6.68412839325531      H
      -10.58381991341461        1.57703939144246        4.50955439172914      H
      -11.65361844368090       -2.59310430367226        8.27002813794786      H
      -10.14794324250774       -2.85085727901946        5.28020549570735      H
       -8.57915118849620       -3.92011723733787        8.02425602628314      H
$end
