$coord
   -2.99863974807927      0.25444032757584     -0.50634889545128      o
   -0.77364955823113      0.08372861032922      1.01243781310719      c
    1.65025588662695      0.17307244625878     -0.53269810987687      c
   -3.00874875881094     -1.14794729725883     -1.66889253579502      h
   -0.86859892647526      1.69623253283286      2.29407676773990      h
   -0.81616451618021     -1.63288212716602      2.17772286554995      h
    1.72710275603965      1.89256333859841     -1.67030546241501      h
    3.30661101678737      0.13050515372160      0.70212421284640      h
    1.78183184832281     -1.44971298489190     -1.80811665570529      h
$redundant
     number_of_atoms             9
     degrees_of_freedom         21
     internal_coordinates       21
     frozen_coordinates          0
# definitions of redundant internals
   1 k  1.0000000000000 tors    4    1    2    3 val=  59.97034
   2 k  1.0000000000000 stre    1    4           val=   1.82162
   3 k  1.0000000000000 bend    2    4    1      val= 108.35879
   4 k  1.0000000000000 stre    2    5           val=   2.06199
   5 k  1.0000000000000 stre    2    6           val=   2.07520
   6 k  0.0361661844109 bend    6    5    2      val=   0.96812
        0.4734167288218 bend    1    5    2
        0.5267296514139 bend    1    6    2
       -0.5007991878746 bend    3    5    2
       -0.4963110473507 bend    3    6    2
   7 k  0.0336365423740 bend    6    5    2      val=   1.74687
        0.5243078261663 bend    1    5    2
       -0.4844852989568 bend    1    6    2
        0.4865251440607 bend    3    5    2
       -0.5025307609783 bend    3    6    2
   8 k  0.9034432006605 bend    6    5    2      val=   2.39780
       -0.2548222092120 bend    1    5    2
       -0.2045060166634 bend    1    6    2
       -0.1952477701809 bend    3    5    2
       -0.1972602906327 bend    3    6    2
   9 k -0.0209535682538 bend    6    5    2      val=   2.24591
       -0.4967478380451 bend    1    5    2
        0.4915191169503 bend    1    6    2
        0.5259120733266 bend    3    5    2
       -0.4843841266770 bend    3    6    2
  10 k  1.0000000000000 tors    7    3    2    1 val=  56.94314
        1.0000000000000 tors    8    3    2    1
        1.0000000000000 tors    9    3    2    1
  11 k  1.0000000000000 stre    3    7           val=   2.06318
  12 k  1.0000000000000 stre    3    8           val=   2.06642
  13 k  1.0000000000000 stre    3    9           val=   2.06820
  14 k  0.4243280909942 bend    8    7    3      val=   1.25571
        0.4222543320349 bend    9    7    3
        0.4073690840568 bend    9    8    3
       -0.3960999684349 bend    2    7    3
       -0.3992969635362 bend    2    8    3
       -0.3992043706453 bend    2    9    3
  15 k  0.3343265296159 bend    8    7    3      val=   0.11319
       -0.6855540391169 bend    9    7    3
        0.3599075953071 bend    9    8    3
       -0.2321077368019 bend    2    7    3
        0.4370450366854 bend    2    8    3
       -0.2093456192786 bend    2    9    3
  16 k -0.6441005178623 bend    8    7    3      val=  -0.04505
        0.0248755888718 bend    9    7    3
        0.6353501073493 bend    9    8    3
       -0.3023603984644 bend    2    7    3
       -0.0088759765180 bend    2    8    3
        0.2989069680359 bend    2    9    3
  17 k -0.1942890249585 bend    8    7    3      val=   0.03425
        0.4371642010231 bend    9    7    3
       -0.2448614608459 bend    9    8    3
       -0.3832313482362 bend    2    7    3
        0.6879167567218 bend    2    8    3
       -0.3018051866143 bend    2    9    3
  18 k  0.3118348717772 bend    8    7    3      val=   0.59371
       -0.0251746691825 bend    9    7    3
       -0.2877536911152 bend    9    8    3
       -0.6117783394167 bend    2    7    3
       -0.0472228255287 bend    2    8    3
        0.6654474661417 bend    2    9    3
  19 k  1.0000000000000 stre    2    1           val=   2.69934
  20 k  1.0000000000000 stre    2    3           val=   2.87589
  21 k  1.0000000000000 bend    3    1    2      val= 112.98343
        21 non zero eigenvalues  of BmBt
           1           5.354607960    1    0
         1
           2           3.956478442    2    0
         2
           3           3.562381316    3    0
         3
           4           2.987227579    4    0
         4
           5           2.840642802    5    0
         5
           6           2.295797124    6    0
         6
           7           2.151118527    7    0
         7
           8           1.199542274    8    0
         8
           9           0.967727909    9    0
         9
          10           0.863330327   10    0
        10
          11           0.769321452   11    0
        11
          12           0.693786000   12    0
        12
          13           0.688799288   13    0
        13
          14           0.562339662   14    0
        14
          15           0.461965323   15    0
        15
          16           0.403386224   16    0
        16
          17           0.300915801   17    0
        17
          18           0.279628241   18    0
        18
          19           0.262636108   19    0
        19
          20           0.162001665   20    0
        20
          21           0.084973004   21    0
        21
$user-defined bonds
$end
