$coord
        0.00000000000000        0.00000000000000        1.16988089736130      C
        0.00000000000000        2.39660993610000       -0.43419651223969      C
        0.00000000000000       -2.39660993610000       -0.43419651223969      C
        1.65747965341053        0.00000000000000        2.41193191849176      H
       -1.65747965341053        0.00000000000000        2.41193191849176      H
        0.00000000000000        4.09670630840000        0.74167837562951      H
       -1.67030786508461        2.46581361629999       -1.65217711528111      H
        1.67030786508461        2.46581361629999       -1.65217711528111      H
        0.00000000000000       -4.09670630840000        0.74167837562951      H
       -1.67030786508461       -2.46581361629999       -1.65217711528111      H
        1.67030786508461       -2.46581361629999       -1.65217711528111      H
$end
