$coord
        3.51970940880615        0.22178392813386       -0.65693305447957      C
        5.45395559965645        0.82826696404378       -0.24968573448590      H
        3.19666828529390       -2.37301981191889        0.01224920479336      O
        1.64951548523002        1.98997421450909        0.63756525134362      C
        1.75728656658849        1.69772239887994        2.68395912927614      H
        2.28180462121062        3.92740270416716        0.29825925500561      H
       -1.08966522110131        1.74731259205911       -0.25554766495014      C
       -1.18889663006527        2.07185415812089       -2.29186552314212      H
       -2.22539062696559        3.22098906062411        0.63644275402068      H
        3.56023458572589       -2.52044679617594        1.78563434830791      H
        3.26218698004717        0.29434941163667       -2.69956448768152      H
       -2.33688824825811       -0.77014843682687        0.34000708473333      C
       -1.47363489459009       -2.29128159776704       -0.74660622866338      H
       -2.09465937309255       -1.20978377301207        2.34979129829344      H
       -4.95538348483884       -0.50312446507174       -0.26551219084884      O
       -5.71918811103762       -2.14345210184368       -0.13081062237061      H
$end
