$coord
   -2.18294129861388      5.17635425576036      2.53512139200503      na
   -2.72683247182739     -3.39194667454037     -0.23834227870370      h
   -0.75855366175094      4.74691008582543     -1.39927620499620      o
    2.92739319491602      2.44443575873615      3.14458209862877      h
    1.23919567811335     -4.41897159427163      0.43226401019214      mg
    3.20937545665750     -3.21142881515834     -6.05888536934730      h
    0.72746311456760      1.71619994623856     -1.05009965494641      al
   -2.72808139383107     -0.90803839524278     -3.09682306663388      h
    4.30751115261870     -3.28792293589283     -1.12225460514131      h
   -1.42549717482863     -0.69918554185533      3.08847148976639      mg
    1.27708807641867      2.08872674593635      2.44160017407866      o
   -4.19981191531758      1.67962269920133      5.53173981599153      cl
    2.61978965708327     -1.73857224072923     -3.50050404806289      al
   -1.18491506495268      5.29299905806450     -3.08723184000056      h
    0.40552851269042     -3.78948940166016      3.71336381217627      h
   -1.50671186194339     -1.69969295041205     -1.33372572500655      b
$user-defined bonds
$end
