$coord
       -1.88214685474422        3.12672393461289       -1.91833294881473      C
       -2.31374518568626        0.56932259904530       -0.74880468880323      C
       -3.67251269934365       -1.01460880690724       -1.70235898367643      O
       -0.87787986936893        0.02895956874416        1.68613596828452      C
        1.76089175067244       -0.87376543952451        1.02017153467067      C
        3.75075579414799        0.48438129909824        1.18333842583378      N
        1.95075045654470       -3.53087439504156        0.06368816429149      C
       -2.67803846376157        4.57768079280008       -0.69236272661144      H
       -2.77008059862558        3.21822371807677       -3.76275762197978      H
        0.13582894365675        3.49892042532118       -2.08080026336344      H
       -1.89493519840330       -1.43829220891428        2.70604648453308      H
       -0.75629224436247        1.73156785454066        2.83589599219251      H
        3.31561365978896        2.22696995377037        1.88206466346825      H
        1.45592982604610       -4.84596126708254        1.56971882295026      H
        3.86149525731599       -3.91085769125301       -0.57277386493574      H
        0.61436542612306       -3.84839033728650       -1.46886895803978      H
$end
