$coord
        1.17777025330614        0.83291214475547       -3.68527501929128      C
       -1.17777025330614       -0.83291214475547       -3.68527501929128      C
        3.62749473682778       -0.68922110871548       -3.68527312956461      C
       -3.62749473682778        0.68922110871548       -3.68527312956461      C
        1.12935545618700        2.07601969745250       -2.02621028205570      H
        1.12935356646035        2.07602158717917       -5.34433786680019      H
       -1.12935545618700       -2.07601969745250       -2.02621028205570      H
       -1.12935356646035       -2.07602158717917       -5.34433786680019      H
        5.28629491233048        0.54441324421734       -3.68527312956461      H
        3.73936655530759       -1.90348954280066       -2.01472830284820      H
        3.73936844503426       -1.90349143252733       -5.35581606655437      H
       -5.28629491233048       -0.54441324421734       -3.68527312956461      H
       -3.73936655530759        1.90348954280066       -2.01472830284820      H
       -3.73936844503426        1.90349143252733       -5.35581606655437      H
        1.17777025330614       -0.83291214475547        3.68527501929128      C
       -1.17777025330614        0.83291214475547        3.68527501929128      C
        3.62749473682778        0.68922110871548        3.68527312956461      C
       -3.62749473682778       -0.68922110871548        3.68527312956461      C
        1.12935545618700       -2.07601969745250        2.02621028205570      H
        1.12935356646035       -2.07602158717917        5.34433786680019      H
       -1.12935545618700        2.07601969745250        2.02621028205570      H
       -1.12935356646035        2.07602158717917        5.34433786680019      H
        5.28629491233048       -0.54441324421734        3.68527312956461      H
        3.73936655530759        1.90348954280066        2.01472830284820      H
        3.73936844503426        1.90349143252733        5.35581606655437      H
       -5.28629491233048        0.54441324421734        3.68527312956461      H
       -3.73936655530759       -1.90348954280066        2.01472830284820      H
       -3.73936844503426       -1.90349143252733        5.35581606655437      H
$end
