$coord
        0.56526377338144        2.33796371225531       -1.53832035656485      C
       -0.53538081661134       -0.12172731800430       -2.67308147921204      C
        0.01503212198735       -2.68538014722122       -1.41352977530025      C
        0.16545287808685       -2.29732010010212        1.57505517221529      C
       -0.33849059898104        0.41042019849178        2.73283419829356      C
       -0.60381614553968        2.90587433783465        1.05192456745343      C
       -0.12954309098625        3.63135019502599       -4.10303992647225      C
        0.03990607722412        0.94282249796578       -5.35783775407625      C
       -3.40515029696344       -0.87639922343879       -2.51189860669547      C
       -2.50589781203260       -3.67235127344563       -2.47994571291893      C
        2.58107976367979       -4.07107889709428       -1.36897053146784      C
        2.80307923728701       -3.58701590455045        1.52687547300274      C
       -1.90227090409672       -3.36510481934981        3.36095636984832      C
       -2.69140952694223       -0.64497691580475        4.12534353019688      C
        1.65271057171244        1.79630098969651        4.37986752450581      C
        0.95771742653621        4.34744256687086        3.09705145955836      C
       -3.08705646061283        3.88166096122177        0.64894250977529      O
        3.47626395141389        2.23018516789008       -1.35996182107855      C
        1.16270938155517        5.10099138530554       -4.79139568448972      H
       -2.07241827443174        4.33826139779050       -4.10127640783343      H
       -1.34780480031591        0.49214342139851       -6.82846969603033      H
        1.93757571840319        0.52043071151999       -6.06948801096819      H
       -4.60300812433677       -0.24820438151826       -4.08071051750548      H
       -4.28551905973895       -0.33079259280187       -0.73266793250057      H
       -3.58324961838953       -5.05263973707300       -1.37003140652907      H
       -2.24667204432245       -4.40887991229800       -4.40343321433338      H
        4.05102009204445       -3.18320198521344       -2.52904059629003      H
        2.45128020302924       -6.07592111622822       -1.88270525040588      H
        2.87435607346442       -5.30503326785991        2.68744773427585      H
        4.38304065014218       -2.37293951177828        2.09443266350753      H
       -1.05872393688939       -4.42487324771527        4.93160191222355      H
       -3.37629187435842       -4.53687205486148        2.49929660965399      H
       -4.48091051131357       -0.04936124954773        3.26510562552827      H
       -2.76394644566090       -0.24871074053297        6.16069763062515      H
        3.59738492443029        1.19695353340000        4.00803236837536      H
        1.31635903581459        1.68536500016877        6.42320597584883      H
       -0.30636322455666        5.49765127874221        4.27265951046409      H
        2.51513492775821        5.54703209083610        2.44802053154584      H
       -3.88438212723552        4.01599011284132        2.28804736798274      H
        4.13489152179802        0.99250836350856        0.14860509007082      H
        4.31348251839488        1.55316645071373       -3.12354559319659      H
        4.21456484617219        4.13427002296179       -1.00665355108240      H
$end
