$coord
        2.57084484140491        3.08315634981145       -0.39676403709600      N
        2.93770238011934        0.67726468260861        0.88853947210021      C
        3.28732000440231       -1.41371234266487       -1.07591282029556      C
        4.37570760472070       -3.52924023884369       -0.28918181624348      O
        2.78558318402189        4.53585958747660        0.83221688626063      H
        2.51141188594695       -1.22749206683945       -3.18329997760826      O
       -0.78310437145466        2.67631687037379       -1.64841257562098      H
        4.56160279024757        0.70879041030405        2.18737827507710      H
        0.54969788536357        0.07999612877861        2.45853820828476      C
       -1.72929972423648       -0.21465607682669        0.82474518147249      C
        0.25518333144256        1.61009816397524        3.82049799821961      H
        0.80658715770225       -1.63582157821258        3.57518879196464      H
       -3.65492793230681       -1.90691968132183        0.83014790325087      C
       -2.16701722258742        1.37278239203464       -1.17741140517038      N
       -4.05018760915810       -3.47775358543233        2.06335437166597      H
       -6.77690583213064       -2.21146419361619       -1.67814493697004      H
       -4.23113559017999        0.68712754016969       -2.38088918218351      C
       -5.18099733790555       -1.29243817352692       -1.17518914741548      N
       -5.00603028838045        1.56136146750963       -4.04981302898890      H
        3.84446040985218        3.33568811419590       -1.80467235621619      H
        5.09350443311582       -3.41894376995361        1.37908419551242      H
$eht charge=1 unpaired=0
$end
