$coord
     0.000000000     0.000000000     3.390442437     BR
     0.000000000     0.000000000    -0.184531743     C 
     0.000000000     2.281086353    -1.466041864     C 
     0.000000000     2.267038130    -4.087518891     C 
     0.000000000     0.000000000    -5.400870896     C 
     0.000000000    -2.267038130    -4.087518891     C 
     0.000000000    -2.281086353    -1.466041864     C 
     0.000000000     4.042176806    -0.430041164     H 
     0.000000000     4.043068757    -5.102224269     H 
     0.000000000     0.000000000    -7.445817089     H 
     0.000000000    -4.043068757    -5.102224269     H 
     0.000000000    -4.042176806    -0.430041164     H 
$end
