$coord
    0.28896922015656      0.64822882444944      2.13256409867805      c
    2.00950109657615      1.67180872037312      0.00000000000000      c
    2.15186365477170      3.73529764031988      0.00000000000000      h
    0.28896922015656      0.64822882444944     -2.13256409867805      c
    3.90960046974247      0.84064835223471      0.00000000000000      h
   -2.25707085195087      1.67257216994518     -1.26668000309764      c
    0.83509644645772      1.07788274784513     -4.07755392873606      h
    1.99112539450017     -3.15329651000100      2.22562368822262      h
   -3.83502663106193      2.08862950999692     -2.51092895069941      h
   -2.25707085195087      1.67257216994518      1.26668000309764      c
    1.99112539450017     -3.15329651000100     -2.22562368822262      h
    0.28896922015656     -2.24198905460980     -1.47499591157636      c
   -1.34754540880336     -3.21590504408976      2.28016119973152      h
    0.83509644645772      1.07788274784513      4.07755392873606      h
   -3.83502663106193      2.08862950999692      2.51092895069941      h
   -1.34754540880336     -3.21590504408976     -2.28016119973152      h
    0.28896922015656     -2.24198905460980      1.47499591157636      c
$user-defined bonds
$redundant
     number_of_atoms            17
     degrees_of_freedom         24
     internal_coordinates       30
     frozen_coordinates          0
# definitions of redundant internals
   1 k  1.0000000000000 stre    2    5           val=   2.07393
   2 k  1.0000000000000 stre    6    9           val=   2.05212
   3 k  1.0000000000000 stre    1   14           val=   2.06539
   4 k  1.0000000000000 stre   12   16           val=   2.06760
   5 k  1.0000000000000 stre   12   11           val=   2.07154
   6 k  1.0000000000000 stre    2    3           val=   2.06839
   7 k -0.8541554902052 bend    5    3    2      val=  12.70280
        0.2588883565634 bend    4    3    2
        0.2611245260639 bend    4    5    2
        0.2588883565634 bend    1    3    2
        0.2611245260639 bend    1    5    2
   8 k -0.8781844779707 bend   11   16   12      val=   6.39662
        0.2041484736935 bend   17   16   12
        0.2406756456032 bend   17   11   12
        0.2373348685888 bend    4   16   12
        0.2699311340052 bend    4   11   12
   9 k  0.7076306585198 bend   10    9    6      val=   1.37897
       -0.7065825154381 bend    4    9    6
  10 k -0.0003141169639 bend    5    3    2      val=   0.12844
        0.5018885105065 bend    4    3    2
       -0.4981042799323 bend    4    5    2
        0.5018885105065 bend    1    3    2
       -0.4981042799323 bend    1    5    2
  11 k  0.0317446208522 bend   11   16   12      val=   0.41741
       -0.5147089616789 bend   17   16   12
       -0.4918523354469 bend   17   11   12
        0.5042009986922 bend    4   16   12
        0.4877802751728 bend    4   11   12
  12 k -0.7710205199064 bend   10   14    1      val=   0.93739
        0.1824737925523 bend    2   14    1
        0.6101070995447 bend   17   14    1
  13 k -0.2284297334042 bend   10   14    1      val=   5.17096
        0.8150573267283 bend    2   14    1
       -0.5324485055321 bend   17   14    1
  14 k  1.0000000000000 outp    9    4   10    6 val=   5.67670
  15 k  0.0358190116756 bend   11   16   12      val=   0.43409
       -0.5096453138736 bend   17   16   12
        0.5081857393836 bend   17   11   12
       -0.4957351804496 bend    4   16   12
        0.4847396596123 bend    4   11   12
  16 k -0.0003045816663 bend   11   16   12      val=   0.10632
        0.4810734923980 bend   17   16   12
       -0.4997599976612 bend   17   11   12
       -0.4989556393679 bend    4   16   12
        0.5194722483663 bend    4   11   12
  17 k  1.0000000000000 stre    1   10           val=   2.87773
  18 k  1.0000000000000 stre    1    2           val=   2.92503
  19 k  1.0000000000000 stre    1   17           val=   2.96408
  20 k  1.0000000000000 stre    6   10           val=   2.53336
  21 k  1.0000000000000 stre   12   17           val=   2.94999
  22 k -0.6782051673118 bend    2   10    1      val=   8.60097
        0.0679608094247 bend   17   10    1
        0.7317233626269 bend   17    2    1
  23 k  0.5613475886331 bend    2   10    1      val= 102.68364
        0.6905138679584 bend   17   10    1
        0.4561573006024 bend   17    2    1
  24 k  0.4742643100291 bend    2   10    1      val=  12.81009
       -0.7201193835326 bend   17   10    1
        0.5064597098419 bend   17    2    1
  25 k  1.0000000000000 bend    1    4    2      val=  93.61786
  26 k  1.0000000000000 bend    4   10    6      val= 107.51112
  27 k  1.0000000000000 bend    4   17   12      val= 102.81747
  28 k  1.0000000000000 tors    6   10    1    2 val= -18.44702
        1.0000000000000 tors    6   10    1   17
  29 k  1.0000000000000 tors    4    2    1   10 val=   4.01277
        1.0000000000000 tors    4    2    1   17
  30 k  1.0000000000000 tors   12   17    1    2 val=  15.22707
        1.0000000000000 tors   12   17    1   10
        24 non zero eigenvalues  of BmBt
           1           3.041407604    1    0
         1
           2           2.634333648    2    0
         2
           3           2.298887331    3    0
         3
           4           2.283799169    4    0
         4
           5           2.104906860    5    0
         5
           6           2.046695350    6    0
         6
           7           1.390088851    7    0
         7
           8           1.328868791    8    0
         8
           9           1.073476103    9    0
         9
          10           0.942513969   10    0
        10
          11           0.799067721   11    0
        11
          12           0.774751777   12    0
        12
          13           0.712016813   13    0
        13
          14           0.425523495   14    0
        14
          15           0.378218194   15    0
        15
          16           0.239603083   16    0
        16
          17           1.079910461   17    0
        17
          18           0.810037128   18    0
        18
          19           0.583575080   19    0
        19
          20           0.500544705   20    0
        20
          21           0.470510446   21    0
        21
          22           0.431345978    0    0
         0.000000000         0.000000000         0.000000000         0.000000000
         0.000000000         0.000000000         0.000000000         0.000000000
         0.000000000         0.000000000         0.000000000         0.000000000
         0.000000000         0.000000000         0.000000000         0.000000000
         0.000000000         0.000000000         0.000000000         0.000000000
         0.000000000        -0.009554314         0.648133048         0.273292887
        -0.579159680        -0.298744992        -0.283670161         0.000000000
         0.000000000         0.000000000
          23           0.091818818    0    0
         0.000000000         0.000000000         0.000000000         0.000000000
         0.000000000         0.000000000         0.000000000         0.000000000
         0.000000000         0.000000000         0.000000000         0.000000000
         0.000000000         0.000000000         0.000000000         0.000000000
         0.000000000         0.000000000         0.000000000         0.000000000
         0.000000000         0.180576688         0.361132041        -0.914528647
        -0.020176386        -0.010407483        -0.009882315         0.000000000
         0.000000000         0.000000000
          24           0.152242906    0    0
         0.000000000         0.000000000         0.000000000         0.000000000
         0.000000000         0.000000000         0.000000000         0.000000000
         0.000000000         0.000000000         0.000000000         0.000000000
         0.000000000         0.000000000         0.000000000         0.000000000
         0.000000000         0.000000000         0.000000000         0.000000000
         0.000000000         0.000000000         0.000000000         0.000000000
         0.000000000         0.000000000         0.000000000         0.227829163
        -0.943055126         0.242365223
$end
