$coord
        3.19784392175000        1.58462139475000        0.25065909408332      C
        2.40413123075000        3.47731838375000        0.36837497108333      H
        4.28487245075000        1.42217720875000       -1.48809087991668      H
        4.48193380874999        1.28103276574999        1.82315259408334      H
        1.22222256975001       -0.47541545924999        0.28349134608334      C
        1.77418170474999       -2.69552986624999        0.62946709108333      O
       -1.19051514025001        0.32305815075000       -0.12144641491666      N
       -1.48274750425000        2.16958254475001       -0.43854764191668      H
       -3.28778133824999       -1.41975250225000       -0.29862981591668      C
       -2.54984639525000       -3.28949852525001        0.11149885508333      H
       -4.75182266325000       -0.95490140624999        1.06860187608332      H
       -4.10247264525000       -1.42269268925001       -2.18853107491666      H
$end
