$coord
       -4.09519815605387       -1.69628661684280       -0.94991357761849      S
       -4.09519815605387        1.69628661684280        0.94991357761849      S
       -1.69628661684280       -4.09519815605387        0.94991357761849      S
        1.69628661684280       -4.09519815605387       -0.94991357761849      S
        4.09519815605387       -1.69628661684280        0.94991357761849      S
        4.09519815605387        1.69628661684280       -0.94991357761849      S
        1.69628661684280        4.09519815605387        0.94991357761849      S
       -1.69628661684280        4.09519815605387       -0.94991357761849      S
$end
