$coord
        1.20689628287341        0.59234314989665       -2.12024875424233      C
       -0.97172255320259       -1.28377963854466       -1.44607365906016      C
       -0.97172255320259       -1.28377963854466        1.44607365906016      C
        1.20689628287341        0.59234314989665        2.12024875424233      C
        3.59523759801013       -0.71919844162662       -1.25879457459455      C
        3.59523759801013       -0.71919844162662        1.25879457459455      C
        0.90289740507641        2.54658976984411        0.00000000000000      C
       -3.54292391785958       -0.28081128870708       -2.15332635049431      C
       -3.54292391785958       -0.28081128870708        2.15332635049431      C
       -4.90597326823601        0.26559345440563        0.00000000000000      O
       -4.40391814382237        0.06580001732451        4.19472397603953      O
       -4.40391814382237        0.06580001732451       -4.19472397603953      O
        1.14767645651067        1.25712005901990       -4.06465293204371      H
       -0.70692620114988       -3.11849285561987       -2.34274641011780      H
       -0.70692620114988       -3.11849285561987        2.34274641011780      H
        1.14767645651067        1.25712005901990        4.06465293204371      H
        4.92768098661138       -1.64819283232442       -2.50139636331787      H
        4.92768098661138       -1.64819283232442        2.50139636331787      H
       -0.92080780238638        3.51917705833173        0.00000000000000      H
        2.41988264960359        3.93906337858174        0.00000000000000      H
$end
