$coord
       -2.28195227062084        1.31748575772083        0.00000000000000      C
       -2.28195227062084       -1.31748575772083        0.00000000000000      C
        0.00000000000000       -2.63497151544164        0.00000000000000      C
        2.28195227062084       -1.31748575772083        0.00000000000000      C
        2.28195227062084        1.31748575772083        0.00000000000000      C
        0.00000000000000        2.63497151544164        0.00000000000000      C
       -4.05153220618263        2.33915320986999        0.00000000000000      H
       -4.05153220618263       -2.33915320986999        0.00000000000000      H
        0.00000000000000       -4.67830641973995        0.00000000000000      H
        4.05153220618263       -2.33915320986999        0.00000000000000      H
        4.05153220618263        2.33915320986999        0.00000000000000      H
        0.00000000000000        4.67830641973995        0.00000000000000      H
$end
