$coord
        0.00000000000000        0.00000000000000       -2.60201473900000      Al
        0.00000000000000        0.00000000000000        2.60201473900000      Al
        0.00000000000000        2.20727176599999        0.00000000000000      F
        0.00000000000000       -2.20727176599999        0.00000000000000      F
        2.72407214100000        0.00000000000000       -4.05543890299999      F
       -2.72407214100000        0.00000000000000       -4.05543890299999      F
       -2.72407214100000        0.00000000000000        4.05543890299999      F
        2.72407214100000        0.00000000000000        4.05543890299999      F
$end
