$coord
        0.00000000000000       -2.22138810159858        0.08545036328913      C
        0.00000000000000        0.00000000000000        1.56643626146559      O
        0.00000000000000        2.22138810159858        0.08545036328913      C
        0.00000000000000       -3.82250268596016        1.37987217481289      H
       -1.68468542702526       -2.33416542203400       -1.12427033441740      H
        1.68468542702526       -2.33416542203400       -1.12427033441740      H
        0.00000000000000        3.82250268596016        1.37987217481289      H
       -1.68468542702526        2.33416542203400       -1.12427033441740      H
        1.68468542702526        2.33416542203400       -1.12427033441740      H
$end
