$coord
       -0.57081441200000        2.65617050599999        0.00000000000000      H
        2.65617050599999        0.57081441200000        0.00000000000000      H
        0.57081441200000       -2.65617050599999        0.00000000000000      H
       -2.65617050599999       -0.57081441200000        0.00000000000000      H
        2.36129010400000        2.36129010400000        0.00000000000000      F
       -2.36129010400000        2.36129010400000        0.00000000000000      F
        2.36129010400000       -2.36129010400000        0.00000000000000      F
       -2.36129010400000       -2.36129010400000        0.00000000000000      F
$end
