$coord
       -4.45639856257000       -2.08586955762000       -3.61007157695500      C
       -3.81534492806999       -4.06317086081999       -3.68238142675501      H
       -3.81473023607000       -1.15857148272000       -5.35779736755501      H
       -6.53390564047001       -2.09707966112000       -3.62956084815501      H
       -3.42166993357000       -0.73627216592001       -1.26993203925501      C
       -4.14876655117000        1.21748930608000       -1.21415905745499      H
       -4.14922282207000       -1.66545223742000        0.44903705724500      H
       -0.52800473867001       -0.67704229252001       -1.16543667245500      C
        0.20165500292999        0.25152110208000       -2.88659462115499      H
        0.20126072343000       -2.63243759652000       -1.22090001135500      H
        0.52801442863000        0.67122426438000        1.16878875364500      C
       -0.20088554777000       -0.25713866702000        2.89036153204500      H
       -0.20200354837001        2.62636687677999        1.22387962364500      H
        3.42169626523000        0.73193083608000        1.27243741024499      C
        4.14831863433000        1.65374548518000       -0.45090413705500      H
        4.14974482363000       -1.22167556552000        1.22523559784501      H
        4.45637627072999        2.09295477458001        3.60597608264500      C
        3.81488906632999        1.17447489078000        5.35842786294499      H
        6.53388437763000        2.10449795897999        3.62532985314499      H
        3.81509291592999        4.07050459228000        3.66826398474500      H
$end
