$coord
    0.00000000000000     -0.00000000000000     -2.61833240183108      sn
    0.00000000000000      0.00000000000000      2.61833240183108      sn
    3.34176977885706     -1.92937168139288     -4.10539704575659      c
   -0.00000000000000      3.85874336278576     -4.10539704575659      c
   -3.34176977885706     -1.92937168139288     -4.10539704575659      c
    3.34176977885706      1.92937168139288      4.10539704575659      c
   -0.00000000000000     -3.85874336278576      4.10539704575659      c
   -3.34176977885706      1.92937168139288      4.10539704575659      c
    3.34146019931010     -1.92919294555811     -6.16880451777304      h
    5.08133521683977     -1.01241690923388     -3.48261007972572      h
    3.41744637103735     -3.89435692831081     -3.48261007972572      h
   -0.00000000000000     -3.85838589111621      6.16880451777304      h
   -1.66388884580242     -4.90677383754469      3.48261007972572      h
    1.66388884580242     -4.90677383754469      3.48261007972572      h
   -3.34146019931010      1.92919294555811      6.16880451777304      h
   -3.41744637103735      3.89435692831081      3.48261007972572      h
   -5.08133521683977      1.01241690923388      3.48261007972572      h
   -3.41744637103735     -3.89435692831081     -3.48261007972572      h
   -5.08133521683977     -1.01241690923388     -3.48261007972572      h
   -3.34146019931010     -1.92919294555811     -6.16880451777304      h
    3.34146019931010      1.92919294555811      6.16880451777304      h
    5.08133521683977      1.01241690923388      3.48261007972572      h
    3.41744637103735      3.89435692831081      3.48261007972572      h
   -1.66388884580242      4.90677383754469     -3.48261007972572      h
    1.66388884580242      4.90677383754469     -3.48261007972572      h
   -0.00000000000000      3.85838589111621     -6.16880451777304      h
$user-defined bonds
$end
