$coord
    0.18777074746805      2.86249667485892      0.00000000000000       p
    2.00994295055530      2.66847849279555      1.95484042624648       h
    2.00994295055530      2.66847849279555     -1.95484042624648       h
   -0.18777074746805      5.98497242244958      0.00000000000000       o
   -1.94854763822397      6.39349908703520      0.00000000000000       h
   -0.18777074746805     -2.86249667485892      0.00000000000000       p
   -2.00994295055530     -2.66847849279555      1.95484042624648       h
   -2.00994295055530     -2.66847849279555     -1.95484042624648       h
    0.18777074746805     -5.98497242244958      0.00000000000000       o
    1.94854763822397     -6.39349908703520      0.00000000000000       h
$end
