$coord
   -0.92511875691107      0.01665250221078     -2.99699006386388      c
    1.58932018203912     -0.01609186359204     -2.44769926664912      c
    2.91352989391824     -0.04326539457429      0.00000000000000      c
    1.58932018203912     -0.01609186359204      2.44769926664912      c
   -0.92511875691107      0.01665250221078      2.99699006386388      c
   -2.98723620347812      0.03581080498376      1.30755159153474      c
   -2.98723620347812      0.03581080498376     -1.30755159153474      c
   -1.41541770461346      0.02866210147571     -4.98754551198723      h
    2.86167722823653     -0.02718075775269     -4.06039253311009      h
    4.29416238362000      1.52730509100755      0.00000000000000      h
    4.22642941544278     -1.67192470024989      0.00000000000000      h
    2.86167722823653     -0.02718075775269      4.06039253311009      h
   -1.41541770461346      0.02866210147571      4.98754551198723      h
   -4.84028559176354      0.05608971458281      2.18753370513227      h
   -4.84028559176354      0.05608971458281     -2.18753370513227      h
$user-defined bonds
$end
