$coord
        0.08596201503396       -0.00565080067057        2.87742321703870      C
       -0.14365249819097        0.47951909446370        0.10984131178306      C
       -2.55443863815282       -0.27453678139212       -0.92671934135761      N
        1.50181607119598        1.41200426711718       -1.13209695749370      O
       -3.31124636691142        1.27123689370549       -1.76830184558860      H
       -2.20019314825595       -1.47219517142129       -2.37894253061993      H
       -1.35160393759073        1.07376956467616        3.87159709700083      H
       -0.31587053031813       -1.98227224533262        3.27196465601299      H
        1.94841162101359        0.52115676678374        3.54559580681051      H
$end
