$coord
       -3.68107772349817        1.05386945739833        0.00000000000000      N
       -0.08264274912803        3.78097373138627        0.00000000000000      N
        2.30064861333257       -2.50643003411085        0.00000000000000      N
        3.84731789589716        1.40096356441506        0.00000000000000      N
       -3.42709692520809       -3.29542643065899        0.00000000000000      N
        4.33632525601399       -1.12470778119783        0.00000000000000      C
        1.29213898218763        1.66820957837759        0.00000000000000      C
       -2.28063550759299       -1.05084431705054        0.00000000000000      C
       -2.53049740012385        3.29108566685969        0.00000000000000      C
        0.36494423279914       -0.78401751979310        0.00000000000000      C
        5.14470167700787        2.79966494568688        0.00000000000000      H
       -5.32521518348826       -3.40455990949826        0.00000000000000      H
       -2.43043798697254       -4.91311570822102        0.00000000000000      H
       -3.77839905120870        4.92075152212628        0.00000000000000      H
        6.24992586998225       -1.83641676571953        0.00000000000000      H
$end
