$coord
   -4.18140580665000     -1.90223694397222     -3.46836326975000      c
   -3.55772563735000     -3.87523966407222     -3.67306760035000      h
   -3.25434524225000     -0.79249377867222     -4.95988790805000      h
   -6.23151607585000     -1.84984124367222     -3.80259179215000      h
   -3.52042722595000     -0.86260584387222     -0.83682218525000      c
   -4.17539838135000      1.10637908452778     -0.66604968245000      h
   -4.57107876465000     -1.95995072147222      0.59479486795000      h
   -0.74398061705000     -0.99056341917222     -0.26168610465000      c
    0.10767514375000     -2.88247966177222     -0.31265643585000      h
    0.74287495165000      0.98732525712778      0.26449315195000      c
   -0.10861267805000      2.87942033022778      0.31527681515000      h
    3.51940108615000      0.85921181002778      0.83846110255000      c
    4.56976872825000      1.95162878512778     -0.59728879475000      h
    4.17279037405000     -1.11075323997222      0.67287805155000      h
    4.18264981045000      1.90633786112778      3.46624636135000      c
    3.25250500245000      0.80443343682778      4.96170914145000      h
    6.23257906435000      1.84966201872778      3.80078968565000      h
    3.56424626805000      3.88176593292778      3.66376459565000      h
$redundant
     number_of_atoms            18
     degrees_of_freedom         48
     internal_coordinates       48
     frozen_coordinates          0
# definitions of redundant internals
   1 k  1.0000000000000 tors    3    1    5    8 val=  57.96474
        1.0000000000000 tors    4    1    5    8
        1.0000000000000 tors    2    1    5    8
   2 k  1.0000000000000 stre    1    3           val=   2.07741
   3 k  1.0000000000000 stre    1    4           val=   2.07784
   4 k  1.0000000000000 stre    1    2           val=   2.07933
   5 k  0.4269288346618 bend    4    3    1      val=   1.42968
        0.4127619216866 bend    2    3    1
        0.4187654617031 bend    2    4    1
       -0.3969654502952 bend    5    3    1
       -0.3944295148879 bend    5    4    1
       -0.3985456602220 bend    5    2    1
   6 k -0.3653854199236 bend    4    3    1      val=   0.12996
        0.6892715320492 bend    2    3    1
       -0.3105906958952 bend    2    4    1
        0.2024851851126 bend    5    3    1
       -0.4455633292805 bend    5    4    1
        0.2353821128455 bend    5    2    1
   7 k -0.6218144844063 bend    4    3    1      val=  -0.00946
       -0.0302448783737 bend    2    3    1
        0.6595497295217 bend    2    4    1
       -0.3078055512899 bend    5    3    1
        0.0151882096217 bend    5    4    1
        0.2871431863830 bend    5    2    1
   8 k  0.2321737290940 bend    4    3    1      val=   0.11286
       -0.4438831081440 bend    2    3    1
        0.2097595254026 bend    2    4    1
        0.3269018760392 bend    5    3    1
       -0.6841066019136 bend    5    4    1
        0.3608287793207 bend    5    2    1
   9 k  0.2928837803916 bend    4    3    1      val=   0.27499
        0.0091805658571 bend    2    3    1
       -0.3025439222084 bend    2    4    1
       -0.6508556113707 bend    5    3    1
        0.0226147142365 bend    5    4    1
        0.6312507674262 bend    5    2    1
  10 k  1.0000000000000 stre    5    6           val=   2.08208
  11 k  1.0000000000000 stre    5    7           val=   2.08748
  12 k  0.0097809390244 bend    7    6    5      val=   0.06178
       -0.5042214342829 bend    8    6    5
       -0.4993696144611 bend    8    7    5
        0.5064819318529 bend    1    6    5
        0.4896642924505 bend    1    7    5
  13 k  0.0276203863371 bend    7    6    5      val=   0.61323
       -0.5160750940928 bend    8    6    5
        0.5065073713920 bend    8    7    5
       -0.4873750940486 bend    1    6    5
        0.4886915304590 bend    1    7    5
  14 k  0.9050383276792 bend    7    6    5      val=   2.03135
       -0.1958118535854 bend    8    6    5
       -0.2178664306228 bend    8    7    5
       -0.2016924271493 bend    1    6    5
       -0.2332760739240 bend    1    7    5
  15 k -0.0044026346785 bend    7    6    5      val=   0.44515
       -0.4810539850072 bend    8    6    5
        0.4955343948960 bend    8    7    5
        0.5076900896817 bend    1    6    5
       -0.5150379759111 bend    1    7    5
  16 k  1.0000000000000 stre    8    9           val=   2.07539
  17 k  0.7071145515957 bend   10    9    8      val=   1.26123
       -0.7070990106920 bend    5    9    8
  18 k  1.0000000000000 outp    9    5   10    8 val=   0.80226
  19 k  1.0000000000000 stre   10   11           val=   2.07548
  20 k  0.7071139575695 bend    8   11   10      val=   1.26300
       -0.7070996047308 bend   12   11   10
  21 k  1.0000000000000 outp   11   12    8   10 val=  -0.77094
  22 k  1.0000000000000 stre   12   14           val=   2.08209
  23 k  1.0000000000000 stre   12   13           val=   2.08759
  24 k  0.0094205912668 bend   13   14   12      val=   0.05563
       -0.5042312428089 bend   10   14   12
       -0.4993140827316 bend   10   13   12
        0.5065816552231 bend   15   14   12
        0.4896147256904 bend   15   13   12
  25 k  0.0279107820167 bend   13   14   12      val=   0.61808
       -0.5159850865474 bend   10   14   12
        0.5063012315960 bend   10   13   12
       -0.4875295976549 bend   15   14   12
        0.4888295541420 bend   15   13   12
  26 k  0.9050420963592 bend   13   14   12      val=   2.03349
       -0.1958470284540 bend   10   14   12
       -0.2181554432892 bend   10   13   12
       -0.2013466281396 bend   15   14   12
       -0.2332605478075 bend   15   13   12
  27 k -0.0044291384046 bend   13   14   12      val=   0.44787
       -0.4811394550137 bend   10   14   12
        0.4957521289432 bend   10   13   12
        0.5075021383019 bend   15   14   12
       -0.5149336013793 bend   15   13   12
  28 k  1.0000000000000 tors   16   15   12   10 val=  61.91236
        1.0000000000000 tors   17   15   12   10
        1.0000000000000 tors   18   15   12   10
  29 k  1.0000000000000 stre   15   16           val=   2.07744
  30 k  1.0000000000000 stre   15   17           val=   2.07782
  31 k  1.0000000000000 stre   15   18           val=   2.07936
  32 k  0.4269312524049 bend   17   16   15      val=   1.42931
        0.4128425127641 bend   18   16   15
        0.4186734174963 bend   18   17   15
       -0.3969486959660 bend   12   16   15
       -0.3944662176247 bend   12   17   15
       -0.3985366617770 bend   12   18   15
  33 k -0.3640278776099 bend   17   16   15      val=   0.12636
        0.6892854547576 bend   18   16   15
       -0.3121656454947 bend   18   17   15
        0.2034780490679 bend   12   16   15
       -0.4455745233848 bend   12   17   15
        0.2344822031907 bend   12   18   15
  34 k -0.6227223222529 bend   17   16   15      val=  -0.00545
       -0.0283666544143 bend   18   16   15
        0.6587406747910 bend   18   17   15
       -0.3074716918962 bend   12   16   15
        0.0143162976575 bend   12   17   15
        0.2876267858965 bend   12   18   15
  35 k  0.2313521236592 bend   17   16   15      val=   0.11488
       -0.4438928825037 bend   18   16   15
        0.2106222340483 bend   18   17   15
        0.3281657174383 bend   12   16   15
       -0.6841615185773 bend   12   17   15
        0.3595884545723 bend   12   18   15
  36 k  0.2932802326935 bend   17   16   15      val=   0.27378
        0.0084731143768 bend   18   16   15
       -0.3022572086608 bend   18   17   15
       -0.6500651070326 bend   12   16   15
        0.0210305986045 bend   12   17   15
        0.6320827175280 bend   12   18   15
  37 k  1.0000000000000 tors    1    5    8   10 val= 120.04306
  38 k  1.0000000000000 stre    5    1           val=   2.90564
  39 k  1.0000000000000 bend    8    1    5      val= 112.94926
  40 k  1.0000000000000 tors   15   12   10    8 val= 239.75946
  41 k  1.0000000000000 stre   12   15           val=   2.90545
  42 k  1.0000000000000 bend   10   15   12      val= 112.95218
  43 k  1.0000000000000 tors    5    8   10   12 val= 180.02822
  44 k  1.0000000000000 stre    8    5           val=   2.83828
  45 k  1.0000000000000 bend   10    5    8      val= 125.58030
  46 k  1.0000000000000 stre   10   12           val=   2.83812
  47 k  1.0000000000000 bend    8   12   10      val= 125.57459
  48 k  1.0000000000000 stre    8   10           val=   2.52975
        48 non zero eigenvalues  of BmBt
           1           5.336959714    1    0
         1
           2           5.199136116    2    0
         2
           3           4.969962751    3    0
         3
           4           4.341219114    4    0
         4
           5           4.182248106    5    0
         5
           6           3.673820538    6    0
         6
           7           3.584437151    7    0
         7
           8           3.320951031    8    0
         8
           9           3.188048146    9    0
         9
          10           3.028469804   10    0
        10
          11           2.904783586   11    0
        11
          12           2.588746113   12    0
        12
          13           2.560734656   13    0
        13
          14           2.351638508   14    0
        14
          15           2.149826029   15    0
        15
          16           1.842029047   16    0
        16
          17           1.428493124   17    0
        17
          18           1.112782858   18    0
        18
          19           0.878444982   19    0
        19
          20           0.873606594   20    0
        20
          21           0.770913645   21    0
        21
          22           0.768829926   22    0
        22
          23           0.734352795   23    0
        23
          24           0.699904590   24    0
        24
          25           0.683531566   25    0
        25
          26           0.681969645   26    0
        26
          27           0.680427141   27    0
        27
          28           0.629234931   28    0
        28
          29           0.542304139   29    0
        29
          30           0.455174164   30    0
        30
          31           0.417595375   31    0
        31
          32           0.389787992   32    0
        32
          33           0.341718585   33    0
        33
          34           0.327417558   34    0
        34
          35           0.309278289   35    0
        35
          36           0.287166149   36    0
        36
          37           0.264995079   37    0
        37
          38           0.263057208   38    0
        38
          39           0.259722899   39    0
        39
          40           0.167091702   40    0
        40
          41           0.166965393   41    0
        41
          42           0.111642083   42    0
        42
          43           0.089446227   43    0
        43
          44           0.080579208   44    0
        44
          45           0.033013968   45    0
        45
          46           0.029262526   46    0
        46
          47           0.021640061   47    0
        47
          48           0.012526187   48    0
        48
$user-defined bonds
$end
