$coord
       -2.23136237993333       -0.89725621133332       -0.25356267893333      C
       -2.86089529893332       -0.44996068733333       -2.16706966693334      H
       -3.75219193593333       -1.92356349233334        0.67804672906666      H
        0.25099387206667       -2.40061811033332       -0.34381825593334      C
        0.34537612506667       -3.64357156633332       -1.98057385093333      H
        0.40271547406667       -3.59371103533333        1.32742761606667      H
        2.38509019806666       -0.39239529033333       -0.34269180193332      C
        3.55911073106667       -0.50706168833332       -2.02808855993333      H
        3.62741400106668       -0.67563317033333        1.27378958006668      H
        1.04305712506667        2.18078553466667       -0.13885304393333      C
        0.70316500706667        2.95272307766667       -2.02101847493333      H
        2.13982377306667        3.56860691766668        0.91178409006667      H
       -1.49305429093332        1.54872427166667        1.08911331706667      C
       -2.89082520293332        3.04635435966667        0.89091639606667      H
       -1.22841719793333        1.18657709066668        3.10459860506667      H
$end
