$coord
       -4.50285186003030       -4.72770989745454       -0.58413789624242      N
       -2.10793975103029       -5.55076493445456        0.01278307975759      C
       -0.61163392503030       -3.52926835145454        0.68795194075758      C
       -2.19085903803029       -1.32042622245454        0.50475812375758      C
       -1.79467798403030        1.26963222054545        0.98303265375758      C
       -3.79447106503029        2.92845259154544        0.63715421675758      C
       -6.19081558603029        2.06658636254545       -0.16076746524242      C
       -6.63656037303030       -0.47289167445454       -0.61778446824242      C
       -4.61567984003030       -2.14644623945456       -0.28564622824242      C
       -5.95647822503031       -5.84511432445456       -1.06822333424242      H
       -1.64128892503031       -7.53297222545456       -0.06606384724241      H
        0.01314539196970        1.97967786354546        1.61884608175758      H
       -7.67952471403029        3.44774362454546       -0.38667097924241      H
       -8.48135812803030       -1.12460903545455       -1.21507772024241      H
       -3.55674542503030        5.47273053254545        1.14232899675757      O
       -1.80582547803031        6.73728225254545       -0.48664504324242      C
       -2.44519725903029        6.62447317054545       -2.44732835424243      H
        0.08870986496970        5.94543037154545       -0.34765380624241      H
       -1.78330939303030        8.70179036954544        0.11222424075758      H
        2.12394097796971       -3.67035529345455        1.40967231175757      C
        3.91341133496970       -3.00211416845455       -0.78040672724243      C
        3.65039549196970       -0.41299302945456       -1.65060286924243      N
        4.87465636496971        1.64566312554545       -0.68188964224243      C
        7.19060438296969        1.14298089454544        0.92820792375759      C
        2.56567765596970       -5.58748042145456        2.04085402075759      H
        2.50706024496970       -2.40653867645455        2.99861628575757      H
        3.52912988596971       -4.25642357345455       -2.37119318424243      H
        5.86747493696970       -3.31392462545454       -0.21767278424242      H
        2.02593411896971        0.03417850054545       -2.54651251324241      H
        4.16086906396970        3.80010949154545       -1.14307349124241      O
        8.58752951996970        0.03519517354545       -0.10246185924242      H
        6.69795470696969        0.11181222354545        2.64244450975757      H
        7.99872302596970        2.95629392454545        1.44093782775757      H
$end
