$coord
       -2.74506797455727       -2.29667676923081        0.00000000000000      C
       -1.51589891171052       -3.94252811792288        0.00000000000000      H
       -3.96864149262511       -2.34911831916722       -1.64971044799743      H
       -3.96864149262511       -2.34911831916722        1.64971044799743      H
       -1.31775228965182        0.16835208501996        0.00000000000000      C
       -2.40838333258856        2.22137420522056        0.00000000000000      O
        1.23646715359914       -0.02961925944732        0.00000000000000      N
        1.99473096329882       -1.76734756815640        0.00000000000000      H
        2.87848099642474        2.15613480631372        0.00000000000000      C
        1.67467393174697        3.81590370954264        0.00000000000000      H
        4.07198019858456        2.18522079595692        1.67459435880013      H
        4.07198019858456        2.18522079595692       -1.67459435880013      H
$end
