$coord
    1.74796224766529     -2.46540130579202     -0.01108444894225      h
    0.49023445484593      3.00285508043919     -4.24166509685101      b
    1.72676061244275      0.47303274699649      2.84576000369214      c
   -1.76447271124602      0.36677971666465      3.86532658343247      si
   -2.72959974594335     -2.33613000671033      2.24932292815969      n
    4.58179870910052     -0.74357959179408      0.17263495762094      h
    2.32012933285707      2.45217987313074      3.06690075244411      h
   -4.76760943738786     -5.37367547108355      0.76477596804281      h
   -2.02263802608789      3.07373512039521     -4.45677646359359      h
    2.52077188267503     -0.55245612309763      0.22041236236107      c
   -4.54474339494448      0.16477189451264     -0.39353128248210      al
   -4.23775185098846     -3.37879141035877      0.68805515687465      c
   -1.57376456425170      1.50369296606211     -2.58214563598389      b
    1.52540043111133      1.16798339658969     -2.03354819810265      b
    3.98420314183915      3.20958805139438     -4.49456977225629      si
    2.74331891831264     -0.56458493734866      4.34013218558386      h
$user-defined bonds
$end
