$coord
        0.00000000000000       -3.89550736976083       -1.64958387746809      Si
        0.00000000000000        0.00000000000000       -3.83571445745437      Si
        0.00000000000000        3.89550736976083       -1.64958387746809      Si
        0.00000000000000        3.85629647985267        2.78350425520842      Si
        0.00000000000000       -3.85629647985267        2.78350425520842      Si
        2.26388405031975       -5.33939154202767       -2.49107481596814      H
       -2.26388405031975       -5.33939154202767       -2.49107481596814      H
       -2.26156440490905        0.00000000000000       -5.50889815878092      H
        2.26156440490905        0.00000000000000       -5.50889815878092      H
        2.26388405031975        5.33939154202767       -2.49107481596814      H
       -2.26388405031975        5.33939154202767       -2.49107481596814      H
        0.00000000000000        6.50144068959161        3.72709844356908      H
       -2.27917118186372        2.55638512106313        3.77466903587001      H
        2.27917118186372        2.55638512106313        3.77466903587001      H
        0.00000000000000       -6.50144068959161        3.72709844356908      H
        2.27917118186372       -2.55638512106313        3.77466903587001      H
       -2.27917118186372       -2.55638512106313        3.77466903587001      H
$end
