$coord
    2.41146119040735     -1.46127492208341      0.00000000000000      c
    2.32690886140985      1.11314949791617      0.00000000000000      c
   -2.23351208858327      2.02814790291602      0.00000000000000      c
   -2.82391565058472     -0.37616029708360      0.00000000000000      n
   -2.01517581358779     -2.52921249708325      0.00000000000000      c
    2.68370976340908     -2.51493966308441     -1.73304757480033      h
    2.68370976340908     -2.51493966308441      1.73304757480033      h
    2.54236553301673      2.17360105802754     -1.73773133042513      h
    2.54236553301673      2.17360105802754      1.73773133042513      h
   -2.45723811215804      3.06007920780564      1.75556214189984      h
   -2.45723811215804      3.06007920780564     -1.75556214189984      h
   -3.20344086759698     -4.21213089007948      0.00000000000000      h
$user-defined bonds
$redundant
     number_of_atoms            12
     degrees_of_freedom         18
     internal_coordinates       18
     frozen_coordinates          0
# definitions of redundant internals
   1 k  1.0000000000000 stre    6    5           val=   5.00831
   2 k -0.5226988063904 bend    4   12    5      val=  62.42082
        0.5226988063904 bend    1   12    5
        0.4762204928372 bend    6   12    5
        0.4762204928372 bend    7   12    5
   3 k  1.0000000000000 stre    2    3           val=   4.65131
   4 k  1.0000000000000 stre    4    5           val=   2.29993
   5 k  1.0000000000000 stre    5   12           val=   2.06014
   6 k  1.0000000000000 stre    1    2           val=   2.57581
   7 k  1.0000000000000 stre    1    5           val=   4.55364
   8 k  1.0000000000000 stre    3    4           val=   2.47574
   9 k  0.7246475808569 bend    9    8    2      val=  13.91577
       -0.4170468177858 bend    1    8    2
       -0.4170468177858 bend    1    9    2
        0.2520216132672 bend    3    8    2
        0.2520216132672 bend    3    9    2
  10 k  0.7256631106131 bend   11   10    3      val=   3.93113
       -0.4624018585075 bend    4   10    3
       -0.4624018585075 bend    4   11    3
        0.1512978724121 bend    2   10    3
        0.1512978724121 bend    2   11    3
  11 k  1.0000000000000 stre    1    6           val=   2.04641
  12 k  1.0000000000000 stre    2    9           val=   2.04712
  13 k  1.0000000000000 stre    3   10           val=   2.04864
  14 k -0.8090169943749 bend    5    2    1      val= -13.15703
        0.3090169943749 bend    1    3    2
        0.3090169943750 bend    2    4    3
       -0.8090169943750 bend    3    5    4
        1.0000000000000 bend    4    1    5
  15 k  2.0000000000000 tors    6    5    1    7 val=  32.12345
       -1.0000000000000 tors    4    5    1    7
       -1.0000000000000 tors    4    5    1    6
        2.0000000000000 tors    6    5    1    7
       -1.0000000000000 tors    2    5    1    7
       -1.0000000000000 tors    2    5    1    6
  16 k -0.4131565430830 bend   11   10    3      val=  27.59108
       -0.1170024394246 bend    4   10    3
       -0.1170024394246 bend    4   11    3
        0.6332150224233 bend    2   10    3
        0.6332150224233 bend    2   11    3
  17 k  0.5877852522925 bend    5    2    1      val= -11.72014
       -0.9510565162952 bend    1    3    2
        0.9510565162952 bend    2    4    3
       -0.5877852522925 bend    3    5    4
  18 k -0.4157358286950 bend    9    8    2      val=  42.16901
        0.0270977009342 bend    1    8    2
        0.0270977009342 bend    1    9    2
        0.6425321587078 bend    3    8    2
        0.6425321587078 bend    3    9    2
        18 non zero eigenvalues  of BmBt
           1           5.442333906    1    0
         1
           2           3.975731486    2    0
         2
           3           3.710761468    3    0
         3
           4           3.106717099    4    0
         4
           5           2.732048749    5    0
         5
           6           2.324359442    6    0
         6
           7           1.448616292    7    0
         7
           8           1.339518888    8    0
         8
           9           1.159611569    9    0
         9
          10           1.077202544   10    0
        10
          11           0.885165148   11    0
        11
          12           0.859256824   12    0
        12
          13           0.707381987   13    0
        13
          14           0.617636709   14    0
        14
          15           0.334420239   15    0
        15
          16           0.281230816   16    0
        16
          17           0.195893210   17    0
        17
          18           0.181346157   18    0
        18
$end
