$coord
        2.65384489573615       -1.82581709391886        0.16209005858145      N
        2.64375083207776        0.04879673248038       -1.82825190040321      C
        2.80550622819938        2.77091171351028       -0.86520497121251      C
        2.51552165951580        4.55207674647145       -2.32219936203002      O
        0.29764795697383       -0.24577979530298       -3.51382231166456      C
       -2.08329626456849       -0.18393102273102       -1.96988487733469      C
       -3.24721174964478       -2.42418985349794       -1.17834144325469      C
       -3.12639622506120        2.10887734881721       -1.16432763950323      C
       -5.37414462414758       -2.39832969927558        0.37069126590764      C
       -5.25427996863231        2.15545387089351        0.38022311181797      C
       -6.37906197520119       -0.09771298028362        1.16103168906060      C
       -8.46657721800195       -0.16776039194982        2.67845993286184      O
        0.96287807246615       -2.27200239016044        0.92452388586261      H
        4.35000774101991       -0.27195717705556       -2.94030724495517      H
        0.32942195216338        1.28956069242816       -4.88235454187099      H
        0.44015925553130       -2.03457174622113       -4.52617834673382      H
       -2.50226356078619       -4.22128892293241       -1.81969295947416      H
       -2.26644614081023        3.86544229051882       -1.76303550895748      H
       -6.28011293174405       -4.13160059242955        0.96093355127441      H
       -6.04648902008922        3.94864614053865        0.97339187234143      H
       -8.97037461412022        1.54477630302624        3.03063340256668      H
        3.28850586151602        3.02048486621097        1.62670348571816      N
        3.56130460133097        1.41662212386472        2.60862748397690      H
        3.63462690409670        5.46053529983798        2.80346119129760      C
        3.11631642748890        6.88498322365435        1.42083629776952      H
        2.43025349517636        5.64461610845561        4.45957160126896      H
        5.59445285986250        5.75329104527281        3.35922202258173      H
        4.60086969892078       -3.51678182769017        0.43714798356923      C
        6.59772320298782       -3.32007492686550       -0.70333046232866      O
        4.09775788972837       -5.62847853650429        2.29008201184565      C
        4.05022400500194       -7.40406675317941        1.25414020528900      H
        2.33360091714391       -5.40045546524789        3.31937780047264      H
        5.66156753141609       -5.72705988810017        3.61780951532149      H
$end
