$coord
        0.06383683399999        4.74919321900000        1.29089790269999      C
        1.32088256300000        3.45487453400000       -0.95477309630000      C
        1.32088256300000        0.57662720900000       -0.75746113630000      C
       -1.32088256300000       -0.57662720900000       -0.75746113630000      C
       -1.32088256300000       -3.45487453400000       -0.95477309630000      C
       -0.06383683399999       -4.74919321900000        1.29089790269999      C
        0.94558298100001        4.15692852700000        3.05705848970001      H
       -1.93854139200000        4.29265998600000        1.40493908670000      H
        0.22875511100000        6.79609338900000        1.15954682770000      H
        3.26712269800000        4.11800773000000       -1.11563791130000      H
        0.36675235100001        4.01275566200000       -2.69886735329999      H
        2.33014174999999        0.02724606900000        0.95775243870000      H
        2.38423704699999       -0.21372989900000       -2.34345524830000      H
       -2.38423704699999        0.21372989900000       -2.34345524830000      H
       -2.33014174999999       -0.02724606900000        0.95775243870000      H
       -0.36675235100001       -4.01275566200000       -2.69886735329999      H
       -3.26712269800000       -4.11800773000000       -1.11563791130000      H
       -0.22875511100000       -6.79609338900000        1.15954682770000      H
       -0.94558298100001       -4.15692852700000        3.05705848970001      H
        1.93854139200000       -4.29265998600000        1.40493908670000      H
$end
