$coord
       -1.44203999999999        0.00000062500001       -0.00000175000000      C
        1.44203999999999        0.00000062500001       -0.00000175000000      C
        2.18888999999999       -0.83836137500001       -1.72739175000000      H
       -2.18888999999999       -1.91490937499999       -0.14105075000001      H
        2.18888999999999       -1.07678937500000        1.58973825000000      H
        2.18888999999999        1.91515062500001        0.13766125000001      H
       -2.18888999999999        0.83529762500001        1.72887825000000      H
       -2.18888999999999        1.07961062500001       -1.58783175000000      H
$end
