$coord
       -7.05742110464463        0.49022481654343        1.84416578068484      C
       -5.66771707343837        0.78961526161219        4.06398625090112      C
       -4.68213154266754       -1.75386181591786        4.69230507227654      C
       -6.85748921362102       -2.14390941556782        0.95546480799354      C
       -5.21502845399027       -3.46428411927385        2.57757019361126      C
       -6.56078180171573       -2.12499269005980       -1.69433223019753      C
       -6.80452944977427        2.10987582585978       -0.30350230016129      C
       -6.60802760065445        0.51138294621767       -2.55380972207943      C
       -5.22925506820909        4.22806984821131       -0.06582558627725      C
       -4.02454785548041        2.96611583893084        4.36269507175374      C
       -3.81625203659265        4.65720133065945        2.26545149817447      C
       -1.83814738089683        2.67606838883567        5.90605575838676      C
       -2.50647605087553       -2.01625425789392        6.06589824333690      C
       -1.30049138328103        0.21114117952607        7.05961942305502      C
       -0.52704424051658       -3.79021142150888        5.24047720684925      C
       -3.25300952508279       -5.04811858227577        1.57290012965181      C
       -0.83095642227610       -5.21934950176575        2.96146635675347      C
       -4.80949889505142       -3.83001377818278       -2.73830481826873      C
       -3.23291172074173       -5.34750657070054       -1.11275295012985      C
       -3.33738598588875       -3.10332942035749       -4.94350466636751      C
       -5.04501943141784        1.23825589871101       -4.54057688236841      C
       -3.45480657579958       -0.61275673769849       -5.83388277100175      C
       -3.69190862396660        5.02556715752376       -2.17236245503283      C
       -3.63467864597740        3.59214657990455       -4.40703900724282      C
       -1.41805389162443        5.76046350923210        1.59554755249138      C
       -1.37067600082901        6.04524731615672       -1.15030464297948      C
        0.52704424051658        3.79021142150888        5.24047720684925      C
        0.83095642227610        5.21934950176575        2.96146635675347      C
        1.30049138328103       -0.21114117952607        7.05961942305502      C
        1.83814738089683       -2.67606838883567        5.90605575838676      C
        2.50647605087553        2.01625425789392        6.06589824333690      C
        4.02454785548041       -2.96611583893084        4.36269507175374      C
        1.41805389162443       -5.76046350923210        1.59554755249138      C
        3.81625203659265       -4.65720133065945        2.26545149817447      C
       -0.87706214943887       -5.79751914897187       -2.46434536263330      C
       -0.93356288211338       -4.39973294806786       -4.82530928874220      C
        1.37067600082901       -6.04524731615672       -1.15030464297948      C
        1.26792270927120       -3.24284903458412       -5.72752350403716      C
       -1.15384372208115        0.64742300771583       -6.63022753634575      C
       -1.26792270927120        3.24284903458412       -5.72752350403716      C
        1.15384372208115       -0.64742300771583       -6.63022753634575      C
        0.87706214943887        5.79751914897187       -2.46434536263330      C
        0.93356288211338        4.39973294806786       -4.82530928874220      C
        3.25300952508279        5.04811858227577        1.57290012965181      C
        3.23291172074173        5.34750657070054       -1.11275295012985      C
        4.68213154266754        1.75386181591786        4.69230507227654      C
        5.66771707343837       -0.78961526161219        4.06398625090112      C
        5.21502845399027        3.46428411927385        2.57757019361126      C
        7.05742110464463       -0.49022481654343        1.84416578068484      C
        6.85748921362102        2.14390941556782        0.95546480799354      C
        5.22925506820909       -4.22806984821131       -0.06582558627725      C
        3.69190862396660       -5.02556715752376       -2.17236245503283      C
        3.63467864597740       -3.59214657990455       -4.40703900724282      C
        6.80452944977427       -2.10987582585978       -0.30350230016129      C
        3.45480657579958        0.61275673769849       -5.83388277100175      C
        3.33738598588875        3.10332942035749       -4.94350466636751      C
        4.80949889505142        3.83001377818278       -2.73830481826873      C
        6.56078180171573        2.12499269005980       -1.69433223019753      C
        5.04501943141784       -1.23825589871101       -4.54057688236841      C
        6.60802760065445       -0.51138294621767       -2.55380972207943      C
$end
