$coord
    1.85348562928722      0.22959982785031     -0.13719628089565       n
   -0.14475765687371      0.86858833756085      1.64884071003628       c
   -2.77577782022113     -0.06645524739541      0.89637304511822       c
   -4.58670468518547      0.31754254849294      2.28647871128085       o
   -0.09037983079501      3.76444176639348      1.66053688705637       c
    0.63390433191714      4.38027710650824     -1.06594057502062       c
    2.65378375061979      2.40909785332788     -1.65429069051451       c
    0.23090197420209      0.10320818687689      3.52089218337821       h
   -1.89154763333627      4.54398565525227      2.26418388164129       h
    1.38375039438699      4.41042510447179      2.94691934860684       h
   -0.99532688543885      4.12219845818028     -2.30009453665256       h
    1.32528422802407      6.29997610579658     -1.30651580330719       h
    2.76898753028312      1.90366540105769     -3.64432839284905       h
    4.53365176356374      3.01572352583721     -1.05863913241559       h
   -2.90155721970647     -1.27289588241633     -1.35447483837376       n
   -1.27170055764746     -1.46574292897781     -2.31583030654429       h
   -5.24739616883575     -2.26317950245269     -2.34759758827651       c
   -5.09307694330069     -4.27953834189070     -2.71952853553178       h
   -6.69233031832740     -1.94312887822713     -0.92622736114764       h
   -5.78631400368658     -1.29973460517622     -4.08348469411866       h
    3.36416944101009     -1.86853014954706     -0.03659646803709       c
    5.23125024515924     -2.06034959755694     -1.39344853252343       o
    2.57789065594353     -3.90014322504399      1.80768015041895       c
    3.61017319088873     -5.60989127634991      1.34597528777588       h
    0.55431105079430     -4.26209145117366      1.74905377051532       h
    3.06663681766593     -3.33442689377920      3.72745676317501       h
$end
