$coord
        0.03899559618108        2.85139461287431       -2.40025678277015      C
       -2.32997552065977        1.79738350638320       -2.86035838723183      C
       -2.52580062060485       -0.46991256943771       -4.18506756424903      C
       -0.35381886868604       -1.68067399731705       -5.05505791306494      C
        2.01538964600436       -0.61696920863220       -4.60614719986914      C
        2.21232065052859        1.65107281931808       -3.28096094727516      C
       -3.74233451991208        0.76134278305939        3.77024754881859      C
       -1.46119717269071        1.98624726065568        4.15829047560693      C
        0.77882888407580        0.80562134512834        3.36091575026513      C
        3.38747056813113        1.47573407420091        3.42640337347985      C
        4.69945844502322       -0.48007194272109        2.32267245650292      C
        0.61951133103243       -1.60611168614456        2.18386039137841      C
       -1.67572823672423       -2.85023884049483        1.80368241667747      C
       -3.85045996813902       -1.63411406746934        2.61050233244895      C
       -4.01262727885375        2.72589894064834       -2.16712704300881      H
       -1.40490428118833        3.81991692313126        5.06330022215844      H
       -4.36387745051510       -1.29367105237076       -4.53325787186622      H
       -0.50764129071364       -3.43655304184982       -6.09152784943580      H
        4.21167262883058        3.16880555876664        4.19777068495752      H
        3.70064123959414       -1.54400746098587       -5.30185595154761      H
        4.04731162876955        2.47498794325759       -2.92202439904213      H
       -5.48031107096798        1.64862497576646        4.37977990508080      H
       -1.75973275809415       -4.68359975091049        0.90173026919364      H
        0.19234351308218        4.59882708319594       -1.35232999920845      H
       -5.66405454783568       -2.53857092133590        2.34442076086997      H
        3.49464114994875       -3.89220408669540        0.61808702349664      H
        6.69830449910036       -0.70203958026001        2.00934061408043      H
        3.03557380528324       -2.33711961976120        1.60496768355370      N
$end
