$coord
       -2.12855591181515       -0.05768546907557        0.00340079276814      C
        0.42478325824547        0.93899356921052       -0.00774319825829      N
        0.68442145246583        2.83073038448184        0.00427558130214      H
        2.56082460350712       -0.48311397272051       -0.00493039922504      C
        4.69903630515144        0.34667610336147        0.00326507548854      O
       -3.19104260031315        0.56784841043331       -1.65345054669701      H
       -3.15692422072416        0.50578369363573        1.70406685055648      H
       -2.04037734570360       -2.11622512012073       -0.03615211737323      H
        2.14783445918623       -2.53300759920607       -0.01273203856172      H
$end
