$coord
     1.209963206     0.048900439     0.926398483     C 
    -0.877475366     2.084373437     0.300610052     C 
    -0.920434507    -1.856990267     0.570763390     C 
    -2.683080204    -0.127265487     0.044399112     C 
    -0.524372506     3.161161983    -1.423218784     H 
    -1.270750022     3.403509892     1.837783092     H 
     3.364488940    -0.105095221    -0.878830300     C 
     2.843971475    -0.214085168    -2.862978339     H 
     5.788610544    -0.137815827    -0.236657945     C 
     6.372700281    -0.043291733     1.723488685     H 
     7.271406719    -0.260307865    -1.637937010     H 
    -0.943664909    -3.898236377     0.696450955     H 
    -5.419467689    -0.197506602    -0.563455819     C 
    -5.790666566     0.667766804    -2.402272591     H 
    -6.133334359    -2.129301672    -0.600522794     H 
    -6.511610259     0.871301632     0.827108500     H 
     1.910696280     0.189883447     2.862745903     H 
$end
