$coord
       -0.89180928468704       -0.89180928468704       -3.51321172714232      C
        0.89180928468704        0.89180928468704       -3.51321172714232      C
       -0.89180928468704        0.89180928468704        3.51321172714232      C
        0.89180928468704       -0.89180928468704        3.51321172714232      C
       -1.64493906497955       -1.64493906497955       -5.25969123840331      H
        1.64493906497955        1.64493906497955       -5.25969123840331      H
       -1.64863908290863       -1.64863908290863       -1.76902031898499      H
        1.64863908290863        1.64863908290863       -1.76902031898499      H
       -1.64863908290863        1.64863908290863        1.76902031898499      H
        1.64863908290863       -1.64863908290863        1.76902031898499      H
       -1.64493906497955        1.64493906497955        5.25969123840331      H
        1.64493906497955       -1.64493906497955        5.25969123840331      H
$end
