$coord
    1.77895463012031      1.27155266271372     -0.26800099182896       n
    2.69131648885045     -1.19254340640759      0.55186445848477       c
    5.17982237227110     -1.84461119888567     -0.79187314629336       c
    5.30576825990939     -3.46388519948070     -2.44716545670443       o
    0.69362560770611     -3.20996051019545      0.02846107103399       c
    0.19408619356463      1.32983799350696     -1.32347360157018       h
    3.04688600611600     -1.05012973415177      2.58117666849608       h
    0.64151932743209     -3.56143542248793     -2.00094992502442       h
    1.32431126138429     -4.96893694623115      0.89318072175182       h
    2.55487717692842      3.44226966847505      0.83904981613031       c
    4.31897702038708      3.51391586757882      2.35965240426410       o
    7.16140975353154     -0.46953361853862      0.04222421819709       n
    6.75266464608678      0.99223267261082      1.21351908909171       h
    9.61262491096841     -0.65443172768328     -1.15299269338887       c
    9.80949629685853      0.67201993073209     -2.71788009441775       h
   11.08312668689243     -0.27901485716354      0.23010955533534       h
    9.83145096827094     -2.55711336107626     -1.88849381004926       h
    1.11989911865991      5.78476852957421      0.08513004398986       c
    2.44237800025087      7.14790509372523     -0.69935387679783       h
    0.30093078347018      6.61159792398309      1.77941996656584       h
   -0.37362607628521      5.41061984331705     -1.27593462268462       h
   -1.84677480542116     -2.44675658099597      0.98195544172308       c
   -2.79628438629888     -2.73457287708718      3.39154380568855       c
   -3.71532346337473     -1.06897123284281     -0.40033312265719       c
   -1.97493594423590     -3.66702260100113      5.00578465252469       h
   -5.75368689470877     -0.56087510249254      1.27437256511581       c
   -3.86689093681904     -0.20452776912926     -2.91042198508642       c
   -6.22947239589291     -1.59583338455393      5.10926777966566       h
   -5.98809188874096      1.14022918111436     -3.65699880931646       c
   -2.37837685180502     -0.61964340878232     -4.25555342866013       h
   -5.13211929362152     -1.60749434044429      3.55995465153391       n
   -7.89584025799772      0.78346281262504      0.52041856897180       c
   -7.97851134741028      1.63271629272975     -1.95833884475229       c
   -9.43601608520481      1.15651039819209      1.81333748633012       h
   -9.60889536673386      2.68211522028287     -2.60326579492377       h
   -6.13428911996988      1.80876810785010     -5.58276336031421       h
$end
