$coord
       -0.42313424759282        0.00398543241427        0.24075866823415      C
       -0.43379419270842        0.00239050355810        2.87346464533418      C
        1.82560016629231       -0.00396842487905        4.22491551735030      C
        4.11283208095657       -0.00876077035206        2.92130495211432      C
        4.14623865953373       -0.00721497437536        0.28841567157941      C
        1.87494658480034       -0.00084848703368       -1.04364661031328      C
       -3.53234600745676        0.00882313131444        4.62262161009899      Br
        1.78869003546478       -0.00516651124731        6.26680806763428      H
        5.86714610833804       -0.01369673501115        3.96994421887070      H
        5.92516636979601       -0.01093962458328       -0.71565062488059      H
        1.88383018735104        0.00038739385725       -3.08746668125283      H
       -2.19024739007231        0.00891005871655       -0.78291920603292      H
       -8.39765421462632        0.00612521466796        7.40314412338058      N
       -9.95822784968593       -2.03236960802913        6.44287034032407      C
       -7.84434429264354       -0.38440180850192       10.05908239355831      C
       -9.64257555535325        2.41965508569749        7.03146711838624      C
       -9.56610211820763       -0.41706194525658       11.22861122048764      H
       -6.85886723215273       -2.17382883715854       10.30501513194431      H
       -6.62520070609529        1.12613376828501       10.74153053028409      H
      -11.45939227457990        2.53546695175140        8.04101740008388      H
       -8.42736637861366        3.93671777654742        7.70615792933652      H
       -9.99496979488763        2.71539911522023        5.02599903931360      H
      -11.79170061504783       -2.15228784896977        7.42133462713574      H
      -10.31162175434461       -1.74737623047637        4.43599819473471      H
       -8.97760360590437       -3.82561577320028        6.67971727546318      H
$end
