$coord
       -1.07241674582340        7.54387308296377        1.29865456947987      C
       -1.07241674582340        7.54387308296377       -1.29865456947987      C
        1.57994597353830        7.29847041275802       -2.18374956676438      C
        1.57994597353830        7.29847041275802        2.18374956676438      C
        3.14329051402655        6.90186716418047        0.00000000000000      C
        1.58959718284416        5.64889899163447        4.24053731637301      C
       -2.60681351654507        5.81692852608273        2.67807792360538      C
       -1.07962283848594        5.02094696610145        4.79880625767371      C
       -4.16521132093528        3.98974854874333        1.38344865976118      C
       -2.60681351654507        5.81692852608273       -2.67807792360538      C
       -4.16521132093528        3.98974854874333       -1.38344865976118      C
        1.58959718284416        5.64889899163447       -4.24053731637301      C
       -1.07962283848594        5.02094696610145       -4.79880625767371      C
        3.43323950939019        3.60814632415385       -4.35329368424265      C
        4.79460048319235        4.78406299233017        0.00000000000000      C
        4.94161607407030        3.17427843212622       -2.18739333669383      C
        3.43323950939019        3.60814632415385        4.35329368424265      C
        4.94161607407030        3.17427843212622        2.18739333669383      C
        2.80733972643749        1.43264786860349        5.83801201157473      C
       -1.63596936139166        2.82651893490535        6.06752302986593      C
        0.40564237558898        1.28755582995620        7.01065094977355      C
       -4.69867987441322        1.61888189078026        2.73840988704173      C
       -3.56575995596582        1.13981987547639        5.12640502267328      C
       -5.44226972222329       -0.57020671922737        1.33042199960934      C
       -4.69867987441322        1.61888189078026       -2.73840988704173      C
       -5.44226972222329       -0.57020671922737       -1.33042199960934      C
       -1.63596936139166        2.82651893490535       -6.06752302986593      C
       -3.56575995596582        1.13981987547639       -5.12640502267328      C
        2.80733972643749        1.43264786860349       -5.83801201157473      C
        0.40564237558898        1.28755582995620       -7.01065094977355      C
        3.56575995596582       -1.13981987547639       -5.12640502267328      C
        5.44226972222329        0.57020671922737       -1.33042199960934      C
        5.44226972222329        0.57020671922737        1.33042199960934      C
        4.69867987441322       -1.61888189078026       -2.73840988704173      C
        3.56575995596582       -1.13981987547639        5.12640502267328      C
        4.69867987441322       -1.61888189078026        2.73840988704173      C
       -0.40564237558898       -1.28755582995620        7.01065094977355      C
       -2.80733972643749       -1.43264786860349        5.83801201157473      C
        1.63596936139166       -2.82651893490535        6.06752302986593      C
       -4.94161607407030       -3.17427843212622        2.18739333669383      C
       -3.43323950939019       -3.60814632415385        4.35329368424265      C
       -4.94161607407030       -3.17427843212622       -2.18739333669383      C
       -4.79460048319235       -4.78406299233017        0.00000000000000      C
       -2.80733972643749       -1.43264786860349       -5.83801201157473      C
       -0.40564237558898       -1.28755582995620       -7.01065094977355      C
        1.63596936139166       -2.82651893490535       -6.06752302986593      C
       -3.43323950939019       -3.60814632415385       -4.35329368424265      C
        1.07962283848594       -5.02094696610145       -4.79880625767371      C
       -1.58959718284416       -5.64889899163447       -4.24053731637301      C
        4.16521132093528       -3.98974854874333       -1.38344865976118      C
        4.16521132093528       -3.98974854874333        1.38344865976118      C
        2.60681351654507       -5.81692852608273       -2.67807792360538      C
        1.07962283848594       -5.02094696610145        4.79880625767371      C
       -1.58959718284416       -5.64889899163447        4.24053731637301      C
        2.60681351654507       -5.81692852608273        2.67807792360538      C
       -3.14329051402655       -6.90186716418047        0.00000000000000      C
       -1.57994597353830       -7.29847041275802       -2.18374956676438      C
        1.07241674582340       -7.54387308296377       -1.29865456947987      C
       -1.57994597353830       -7.29847041275802        2.18374956676438      C
        1.07241674582340       -7.54387308296377        1.29865456947987      C
$end
