$coord
        2.34722127075273       -0.81577965375768       -0.29034130250881      C
        2.03043136128805       -1.39290957364548       -2.24061237096598      H
        5.01859860343613       -0.76204340144293        0.02894682490355      O
        1.13655121618434        1.75258114851761        0.20461198676434      C
        1.29109679878401        2.19225616895157        2.22132393632762      H
        2.26753907863347        3.15615444673096       -0.79834126100339      H
       -1.62732632097767        2.00170374461592       -0.62189186279746      C
       -1.78729352785258        1.69878442496660       -2.65762768534052      H
       -2.22568164479005        3.94477117705451       -0.25664181638107      H
        5.35301587826835       -0.25178144076727        1.73999746219871      H
        1.53059690941367       -2.26848205197377        0.93998946274611      H
       -3.50083104473863        0.24149566142599        0.68815699937325      C
       -3.16194645732824        0.22559550574389        2.73094905929648      H
       -5.41228146924791        0.94085306758884        0.38721622298507      H
       -3.51884202451115       -2.26496338191435       -0.30491298071950      O
       -2.01722217561916       -3.10918908315033        0.25828965756894      H
$end
