$coord
    3.56013854393087     -4.28703155833427     -1.14677229842383      c
    3.55928419592902     -4.28713566220210     -3.15337258940135      h
    3.56013854393087     -4.28703155833427      1.14677229842383      c
    3.55928419592902     -4.28713566220210      3.15337258940135      h
   -1.27375970957231      0.63937321627731     -4.78132191549692      c
   -1.24758695994096     -1.42091165909392     -4.79714169762937      h
   -3.24365565363528      1.23322454707817     -4.87874510234082      h
   -0.33075611572566      1.30079261397673     -6.48696784973006      h
   -0.01511467032411      1.65250892323906     -2.39970119225899      c
   -0.01788068905022      3.71675211172567     -2.43116731579504      h
    1.96448689445245      1.07059404910327     -2.35264513341353      h
   -1.30798775755533      0.73496067833668      0.00000000000000      c
   -3.27978483021964      1.35724410234454      0.00000000000000      h
   -1.34100703406666     -1.33052021786338      0.00000000000000      h
   -0.01511467032411      1.65250892323906      2.39970119225899      c
   -0.01788068905022      3.71675211172567      2.43116731579504      h
    1.96448689445245      1.07059404910327      2.35264513341353      h
   -1.27375970957231      0.63937321627731      4.78132191549692      c
   -1.24758695994096     -1.42091165909392      4.79714169762937      h
   -0.33075611572566      1.30079261397673      6.48696784973006      h
   -3.24365565363528      1.23322454707817      4.87874510234082      h
$user-defined bonds
$end
