$coord
        2.27676358764608        1.31449007020860        0.00000000000000      C
        2.27676358764608       -1.31449007020860        0.00000000000000      C
        0.00000000000000       -2.62898014041719        0.00000000000000      C
       -2.27676358764608       -1.31449007020860        0.00000000000000      C
       -2.27676358764608        1.31449007020860        0.00000000000000      C
        0.00000000000000        2.62898014041719        0.00000000000000      C
        4.04782675419029        2.33701386616474        0.00000000000000      H
        4.04782675419029       -2.33701386616474        0.00000000000000      H
        0.00000000000000       -4.67402773232947        0.00000000000000      H
       -4.04782675419029       -2.33701386616474        0.00000000000000      H
       -4.04782675419029        2.33701386616474        0.00000000000000      H
        0.00000000000000        4.67402773232947        0.00000000000000      H
$end
