$coord
   -1.24377049751201      1.79051551090915      0.04327094899082       c
   -2.82512734058111      3.10606914530495      0.09103566672563       h
    1.22614880132285      4.53053525564348      0.06157105686168       h
    2.76849602783079      0.59234410498367     -0.04365078394353       h
    0.98286545897515     -1.99943418353032     -0.10108900975258       h
    3.28772662873311     -1.45888747184905     -0.18080332721610       o
    1.05515126301029      2.62597666234082      0.03316658335828       n
    4.08374541631920     -1.99277478863803      1.37026687512124       h
   -2.02883643243189     -1.35565929211403     -0.02646939394333       s
$end
