$coord
       -4.32716640460390        3.06748517846786        0.70410174276320      O
       -6.46255693593491        3.55881397328738        0.05025650042643      C
       -7.55859809360924        5.82648533399288        0.42442227494286      O
       -6.31326857135513        6.85827580311388        1.28235793974309      H
       -8.24645840635658        1.77680222899963       -1.30845658986293      C
       -8.64897007288181        2.55536939617518       -3.16794710564145      H
      -10.00768316317117        1.71633099271416       -0.25020995486704      H
       -7.21277821110166       -0.71952599391035       -1.52388536912997      N
       -5.78225552772326       -0.99353628332891       -2.77488406978583      H
       -7.05404121585227       -2.12737196368167        0.63796132807596      C
       -8.26913511996363       -1.66816851313879        2.55036417560426      O
       -5.09061576270808       -4.22118852006642        0.49245241576401      C
       -5.15675617739532       -5.18872830063410       -1.32168467280038      H
       -5.41564865774253       -5.54966599221304        2.01935113197239      H
       -2.61507452727124       -3.07790420904405        0.77780106198613      N
       -1.98390599854153       -2.55822952221571        2.50879020065800      H
       -1.49446692985593       -1.85714112653092       -1.15916822528315      C
       -2.25413683569228       -1.94028907642346       -3.36258889743535      O
        0.87713936821524       -0.41339036021508       -0.43918256825915      C
        0.77887360925132        0.32171310588026        2.21588264990019      N
        2.49852439111967        0.96988916981525        2.75823405033559      H
       -0.46834563913670        1.76546387219610        2.41997307236368      H
        0.97540512717914        1.18153849681444       -1.74876277906660      H
        3.17126689479565       -2.12548223754775       -0.90972437560556      C
        3.01819907794801       -3.76954397405923        0.32426678984504      H
        3.08811894490311       -2.77365830148274       -2.86559092421405      H
        5.59956497688445       -0.74598215978523       -0.41650585465212      C
        6.89024792635265       -1.03699998440910        1.86817304125870      C
        6.17026226932865       -2.35413909975221        3.26090120195866      H
        9.08799942010307        0.32927201041595        2.36139156221214      C
       10.06876728360822        0.07415898233659        4.13773412809811      H
       10.02530358252801        2.00923854347195        0.56615173498694      C
       11.73361600759283        3.06559545233392        0.94031750950335      H
        8.75540762053292        2.31348445103328       -1.72419633932561      C
        9.48106245595870        3.60416740050148       -3.13204230909693      H
        6.55954585291644        0.94721245620820       -2.20607650347554      C
        5.58255744167915        1.17964877068052       -3.98997797389718      H
$end
