$coord
       -1.18434938207172       -8.76480283865281        0.00000000000000      C
        0.31129194025368       -8.02813675842100       -2.16674826766465      C
        2.82863051488624       -7.45814206646574       -1.39563455872911      C
        0.31129194025368       -8.02813675842100        2.16674826766465      C
        2.82863051488624       -7.45814206646574        1.39563455872911      C
       -1.00803226469508       -6.15831038657771        3.60985917192069      C
       -3.37006785449396       -7.21371317213631        0.00000000000000      C
       -3.37388547922760       -5.69171772916170        2.26107262477936      C
       -1.00803226469508       -6.15831038657771       -3.60985917192069      C
       -3.37388547922760       -5.69171772916170       -2.26107262477936      C
        0.29206662246815       -4.05658967384439       -4.71108422572210      C
        4.05083111139967       -5.24018940155920       -2.22996962235819      C
        2.91253397724115       -3.52158458404781       -4.02527936846646      C
        4.05083111139967       -5.24018940155920        2.22996962235819      C
        5.22353543412269       -4.12951401633985        0.00000000000000      C
        0.29206662246815       -4.05658967384439        4.71108422572210      C
        2.91253397724115       -3.52158458404781        4.02527936846646      C
       -1.25856762005033       -1.96265916812130        5.37770269355054      C
       -4.58206392988978       -3.27840555458265        2.33357026711398      C
       -3.77570758446637       -1.65314035789812        4.28372322768786      C
       -4.58206392988978       -3.27840555458265       -2.33357026711398      C
       -5.52256267382870       -2.13487520184433        0.00000000000000      C
       -1.25856762005033       -1.96265916812130       -5.37770269355054      C
       -3.77570758446637       -1.65314035789812       -4.28372322768786      C
       -0.28816207033237        0.48201244471513       -5.88770236023894      C
        3.80314187257313       -0.90405802108282       -4.10775892218023      C
        2.27687508162038        1.09180231238500       -5.27846920588784      C
        5.92041427548964       -1.66052918707770        0.00000000000000      C
        5.54668011462704       -0.09782866525553       -2.20874516329667      C
        3.80314187257313       -0.90405802108282        4.10775892218023      C
        5.54668011462704       -0.09782866525553        2.20874516329667      C
       -0.28816207033237        0.48201244471513        5.88770236023894      C
        2.27687508162038        1.09180231238500        5.27846920588784      C
       -4.38446377194153        0.98386947046956        4.29215556363801      C
       -2.32718922888107        2.31799854583378        5.47204651484440      C
       -6.04968496003457        0.49111468857941        0.00000000000000      C
       -5.60312264373669        2.05651808568945        2.19981072711302      C
       -4.38446377194153        0.98386947046956       -4.29215556363801      C
       -2.32718922888107        2.31799854583378       -5.47204651484440      C
       -5.60312264373669        2.05651808568945       -2.19981072711302      C
       -1.80667096859181        4.80010638925314       -4.81188524121202      C
        2.79414357987894        3.68969651055547       -4.71401254533762      C
        0.78081915338144        5.54104948664150       -4.68398498605868      C
        5.72254464259485        2.48276546811360       -1.38141758211356      C
        5.72254464259485        2.48276546811360        1.38141758211356      C
        4.47831853211219        4.38456657304316       -2.69551820608579      C
        2.79414357987894        3.68969651055547        4.71401254533762      C
        4.47831853211219        4.38456657304316        2.69551820608579      C
       -1.80667096859181        4.80010638925314        4.81188524121202      C
        0.78081915338144        5.54104948664150        4.68398498605868      C
       -4.93919325619534        4.59326981688518        1.37579148947073      C
       -4.93919325619534        4.59326981688518       -1.37579148947073      C
       -3.13940599298780        6.00874914562615       -2.69766776956194      C
       -3.13940599298780        6.00874914562615        2.69766776956194      C
        1.10038639334364        7.25741951402812       -2.63137069661453      C
        3.36922881609094        6.53944244730534       -1.31950580763013      C
        3.36922881609094        6.53944244730534        1.31950580763013      C
        1.10038639334364        7.25741951402812        2.63137069661453      C
       -1.28966986658105        7.52765564226394       -1.33140843665070      C
       -1.28966986658105        7.52765564226394        1.33140843665070      C
$end
