$coord
   -1.22219908473251     -5.03075710137511     -4.96159425874717       c
   -2.23546437903478     -2.69269230962667     -5.77189748617174       c
   -0.11267907807080     -1.17164248560896     -6.69389505537926       c
    1.53959351758710     -4.88090389773602     -5.02314868601889       c
    2.22916762258739     -2.52945890010369     -6.09408256374581       c
    2.51107526633775     -5.74542091126911     -2.69358048090912       c
   -1.95909249901809     -6.21772885640143     -2.68776201414597       c
    0.37316025103605     -6.82934760102269     -1.29599648070134       c
   -4.02704493959242     -5.19929988544105     -1.38191023371640       c
   -4.24987728778480     -1.52318464763003     -4.37127499531489       c
   -5.20164409070889     -2.91176977199301     -2.25257717197635       c
   -4.40061658400759      1.25301522672670     -4.30940422788854       c
   -0.18525930143744      1.42375122694246     -6.47152039885626       c
   -2.39340409874170      2.69160080381231     -5.41726467706034       c
    2.06407283282351      2.83031293806236     -5.71897306020369       c
    4.25282223699029     -1.22414984901948     -5.00440543736986       c
    4.22133146276666      1.51847167065461     -4.93002014760108       c
    4.43189003972595     -4.31001952271740     -1.39187192502591       c
    5.39468660716985     -2.14510202173029     -2.69022130373531       c
    4.43189003972595     -4.31001952271740      1.39187192502591       c
    0.37316025103605     -6.82934760102269      1.29599648070134       c
    2.51107526633775     -5.74542091126911      2.69358048090912       c
   -4.02704493959242     -5.19929988544105      1.38191023371640       c
   -1.95909249901809     -6.21772885640143      2.68776201414597       c
   -6.09925720081549     -1.59763796753959      0.00000000000000       c
   -5.20164409070889     -2.91176977199301      2.25257717197635       c
   -5.72982197793259      2.43016116175246     -2.25381343081248       c
   -6.40730164670980      0.96810820965822      0.00000000000000       c
   -5.02330439945224      4.84588254817832     -1.38571633112065       c
   -1.52565300790480      5.02803759649727     -4.30415815917103       c
    1.22519751318755      5.04055533137412     -4.35282011887374       c
   -2.80913931263383      6.08665386134483     -2.23740512777325       c
    2.57118197441905      5.87809499257936     -2.23118944057696       c
    5.55171113251062      2.32149642890575     -2.68449052026472       c
    6.28808033676695      0.05321298714854     -1.31105627517215       c
    4.76334422398182      4.47537736235898     -1.37429236972951       c
    5.39468660716985     -2.14510202173029      2.69022130373531       c
    6.28808033676695      0.05321298714854      1.31105627517215       c
    4.25282223699029     -1.22414984901948      5.00440543736986       c
    1.53959351758710     -4.88090389773602      5.02314868601889       c
   -1.22219908473251     -5.03075710137511      4.96159425874717       c
    2.22916762258739     -2.52945890010369      6.09408256374581       c
   -4.24987728778480     -1.52318464763003      4.37127499531489       c
   -2.23546437903478     -2.69269230962667      5.77189748617174       c
   -0.11267907807080     -1.17164248560896      6.69389505537926       c
   -5.72982197793259      2.43016116175246      2.25381343081248       c
   -5.02330439945224      4.84588254817832      1.38571633112065       c
   -4.40061658400759      1.25301522672670      4.30940422788854       c
   -1.40117013349016      6.92152560719565      0.00000000000000       c
    1.22349883836670      6.77771159033204      0.00000000000000       c
   -2.80913931263383      6.08665386134483      2.23740512777325       c
    4.76334422398182      4.47537736235898      1.37429236972951       c
    5.55171113251062      2.32149642890575      2.68449052026472       c
    4.22133146276666      1.51847167065461      4.93002014760108       c
    2.57118197441905      5.87809499257936      2.23118944057696       c
   -0.18525930143744      1.42375122694246      6.47152039885626       c
   -2.39340409874170      2.69160080381231      5.41726467706034       c
   -1.52565300790480      5.02803759649727      4.30415815917103       c
    2.06407283282351      2.83031293806236      5.71897306020369       c
    1.22519751318755      5.04055533137412      4.35282011887374       c
$end

