$coord
        1.11667829029586        2.19264324167211        0.00000000000000      N
        1.96184671867434        3.90581822426850        0.00000000000000      H
        2.73437443510902        0.08631945416859        0.00000000000000      C
        5.01990794668370        0.37299802415011        0.00000000000000      O
        1.38469698604028       -2.29884269462229        0.00000000000000      C
        2.45538682327710       -4.02800124397440        0.00000000000000      H
       -1.16675306799966       -2.30605599317329        0.00000000000000      C
       -2.25705575695338       -4.03130917843768        0.00000000000000      H
       -2.56135499224427       -0.13120507472834        0.00000000000000      N
       -4.50084974081772       -0.17172506682148        0.00000000000000      H
       -1.47897455876701        2.22087089230600        0.00000000000000      C
       -2.70790308329824        4.18848941519221        0.00000000000000      O
$end
