$coord
       -2.36290557345833       -2.28395579358332       -0.52759927945833      C
        0.07948707554168       -2.84622651558333        0.44699783154168      O
        1.98922308654168       -1.11908004658334       -0.40098232245832      C
        1.31492959054168        1.54103135841666        0.55660327554168      C
       -3.24271913145834        0.31573864041667        0.38627647654168      C
       -1.30322870545833        2.30711927341667       -0.37313085345833      C
        2.06630693954167       -1.10714473458333       -2.48177013245833      H
       -1.84856565545832        4.72130774941667        0.69070134054166      O
       -5.58987351145833        1.03690020341666       -0.71685745345834      O
       -4.08080865645833       -4.06298842258333        0.39930582154167      O
        3.20209929454166        3.26753499441667       -0.30691009645833      O
       -6.86356561745833       -0.18197167458334       -0.20756666145834      H
        4.53451329054166       -2.07248576958334        0.59942191854167      C
       -3.58353159645833       -5.73328567958332       -0.17465480845833      H
        2.64429772254167        4.96495331441667        0.12177349054168      H
       -3.54158346245832        5.20485303141668        0.17152096254166      H
        4.70459355054166       -4.08683632758334        0.16971422754167      H
       -1.26786592545833        2.45084178641668       -2.44935702145832      H
       -3.39736870845834        0.24448647841666        2.45683170954168      H
       -2.29119199645832       -2.33127189558334       -2.61292283945834      H
        1.29670303854167        1.50900039441667        2.63639560454166      H
        6.60666542454168       -0.85251950658333       -0.58632908245833      O
        6.33701120154168        0.96382949741667       -0.46547029245833      H
        4.59737832554168       -1.84983035558333        2.66800818454167      H
$end
