$coord
   -2.93191346389749      1.85228903307825      5.31082959691099       c
   -3.52800138935099      2.75828416416503      2.88673421995546       c
   -6.05648438870422      2.67661179740196      2.08902712770312       c
   -7.91404046853406      1.70658856491522      3.66141814813038       c
   -7.31637927325722      0.85939120116428      6.07749288104101       c
   -4.81781847731142      0.95563408450956      6.89239424169869       c
   -1.12228945364306      3.98166352279637      0.89723857974624       p
    1.52022722132582      5.51336401817785      2.29066429324454       c
    1.23919920346610      6.93737892675058      4.51255473553361       c
    3.32361345434888      8.05393032499297      5.64368429862413       c
    5.70908010136284      7.84080252319226      4.55823737728015       c
    5.99402417093420      6.47236353446486      2.32984977991104       c
    3.93492265006277      5.29422602707361      1.21664663184229       c
   -1.35834737378618      3.69652682626034     -2.42923127945044       c
   -0.10026675306897      5.40196475051592     -4.02887230757916       c
   -0.26835770574202      5.14392812223945     -6.63071149528965       c
   -1.72188813156353      3.22915194466265     -7.70054333963420       c
   -2.99371305283679      1.55071943502332     -6.12506497206420       c
   -2.80023213889275      1.75205013514581     -3.52108002846578       c
   -6.56301788263010      3.40222066636264      0.24784365331544       h
   -9.84987049434211      1.64893155004510      3.00463797644273       h
   -8.77495098414809      0.12832045918794      7.30681181459977       h
   -4.32360240865730      0.27840598296142      8.75798927666894       h
   -0.98851798645949      1.84226965973969      5.94332998076957       h
   -0.61369364463284      7.16801973435271      5.34331536674834       h
    3.07504742815379      9.12882155239794      7.36543893059478       h
    7.32331162567317      8.73602161143164      5.43572767313601       h
    7.83983580142051      6.28451681180782      1.46924141375340       h
    4.19292685648507      4.17726657805181     -0.47432505726131       h
   -3.75535563171802      0.39991917439050     -2.32481333486381       h
   -4.12360593751950      0.04897966141955     -6.93061062019831       h
   -1.86566234628295      3.04478828350029     -9.73026365048607       h
    0.72296003748195      6.46862961235195     -7.83224261642281       h
    0.99708768068678      6.92786985287722     -3.22744256627215       h
$end
