$coord
       -2.34615971967753       -0.32487631307947        0.36295506410253      F
        1.23470648296579        2.76472739537673        2.08715883633936      H
        0.11018468901374       -3.08598457265941       -1.56537087783620      H
        0.00099062312951       -3.45088739451521        2.05584324530526      H
        3.74680704395101       -1.35058106165553       -3.70978888902153      F
       -3.87316731190805       -0.57667961683030       -5.44301329318868      H
        0.14758906961964       -1.85868623991030        0.35622957758408      B
        3.21383803887858        0.76442871069754        1.57574470089075      Si
        2.54882601862487        0.04048780648019       -1.95191520913566      B
        0.39009007110804       -0.79801092246434        6.48773967147243      O
       -3.90459172949879        1.07524270743640       -4.68003134495453      O
       -0.17076402953611        0.85174102149429        5.91242096734190      H
       -2.20173933951191        2.04693764708250       -2.14699446407170      Al
       -2.36753646444432        4.78334707524572       -1.06495600626916      H
        2.43785524253901       -2.47888809178607        4.76512876180487      Si
        1.03307131474654        1.59768184908728       -3.04115074036373      H
$end
