$coord
        0.00000000000000        0.00000000000000       -3.51330614397087      C
        0.00000000000000        0.00000000000000        3.51330614397087      C
        1.67925094271155       -0.96951598381145       -2.82437170530087      H
        0.00000000000000        1.93903196762291       -2.82437170530087      H
        0.00000000000000        0.00000000000000       -5.57145067309275      H
       -1.67925094271155       -0.96951598381145       -2.82437170530087      H
        0.00000000000000        0.00000000000000        5.57145067309275      H
       -1.67925094271155        0.96951598381145        2.82437170530087      H
        1.67925094271155        0.96951598381145        2.82437170530087      H
        0.00000000000000       -1.93903196762291        2.82437170530087      H
$end
