$coord
        0.14957251218419        0.50241015127986        0.34418024417605      P
        0.07619076229223       -1.75625774575154        1.78956354610168      H
        3.33475306047608        0.12597857270162       -0.98012857559185      C
       -1.19365639987697       -0.57879338625213       -1.70388412286279      H
        3.74662416811972       -0.14284967037606       -3.57167827625350      C
        6.18771318415018       -0.22327875814804       -4.53822073757814      C
        8.25366720329105       -0.05418053699898       -2.92640978198658      C
        7.86343241451848        0.20648286883887       -0.34052481041192      C
        5.42551690495299        0.31670399106926        0.62185833202428      C
        2.15486388407080       -0.30439103781200       -4.84521918241059      H
        6.47300329451831       -0.43609504771095       -6.55191959807237      H
       10.15332666443529       -0.12138185649560       -3.67812708587876      H
        9.45985495313548        0.34815795402509        0.92874652437603      H
        5.14582764737188        0.56219509220792        2.63484169931129      H
$end
