$coord
       -2.44364985951515        5.73993664227273       -0.71225267154544      N
        0.05011759448486        5.82583602727273        0.02729537445455      C
        0.86553246948485        3.45017833627274        0.71120043845455      C
       -1.26827430851515        1.79212141427273        0.38715022545454      C
       -1.64508189251515       -0.80398982072727        0.78707671645454      C
       -4.01630250551515       -1.83173619772728        0.31621747045455      C
       -6.02342016451516       -0.31082424972727       -0.57506423454545      C
       -5.68246068351514        2.26089818127272       -0.98997058254546      C
       -3.30721117351515        3.29320257827274       -0.49773664654546      C
       -3.48400637851515        7.23601381127273       -1.23486584354544      H
        1.06914288648485        7.59069081327274        0.03226346345455      H
       -0.15225127151515       -2.04243119772727        1.42978575345456      H
       -7.85508054451515       -1.12643187672727       -0.94487416154545      H
       -7.23201331951516        3.40970607527274       -1.67051760354545      H
       -4.24690387851515       -4.36686408572726        0.78244310745454      O
       -6.58594623851515       -5.51373500972727        0.16605606345455      C
       -8.13172887051516       -4.74471857672727        1.29817011745456      H
       -7.02963689351515       -5.29429057872727       -1.83778292054544      H
       -6.36162253551515       -7.50760379972728        0.59538480145454      H
        3.48016868848485        2.77237519727274        1.56167539945455      C
        5.14548404848485        1.77197882427272       -0.59966279754546      C
        4.21404188748486       -0.55011836172728       -1.71959000854544      N
        4.76581542048484       -2.95711715772728       -0.94240240054545      C
        6.99601334248485       -3.26374976672726        0.83256808945455      C
        4.39799348448484        4.44021901127274        2.36475792245455      H
        3.39048607248485        1.35000490027273        3.05675479345456      H
        5.24996132948484        3.20408310027273       -2.08018374254545      H
        7.06328947748484        1.45717315127272        0.07496749145456      H
        2.60133460948485       -0.44241720872727       -2.73268156054546      H
        3.54774717948484       -4.77232558372727       -1.69204158254544      O
        8.72491420248486       -2.53073450372727       -0.01343766954545      H
        6.68475279548485       -2.26863706772726        2.60933004045456      H
        7.21879502948486       -5.26669302072726        1.20996715745456      H
$end
