$coord
    4.36198080476923      1.07195637150000      0.57492790930769      c
    2.70664319776923     -1.26686489050000      0.24587937130769      c
    0.27620235076923     -0.81050551250000     -1.27901422969231      c
   -1.82876343023077      0.65258271050000      0.14736795530769      c
   -4.03333855723077     -1.24870273350000      0.31459736730769      c
   -5.32941846623077     -1.26356920850000      2.66258191030769      o
   -2.75631842523077     -3.79445466050000     -0.12165721569231      c
    6.60118705076923      0.49957726650000      1.93549282830769      o
   -2.73427666123077      2.84504847350000     -1.11208150469231      o
    4.24918683976923     -3.07693137150000     -1.03026770769231      o
   -0.79186511023077     -3.25364909750000     -1.90088147869231      o
   -1.14372453023077      4.99978396750000     -0.94008620369231      c
    3.37552493976923      2.52337742550000      1.66645253930769      h
    4.81618589476923      1.84801392350000     -1.30265659169231      h
    2.20534991476923     -1.99368185250000      2.13343784630769      h
    0.73648102076923      0.09800671350000     -3.08106260369231      h
   -1.21882980023077      1.15296892450000      2.07293826830769      h
   -5.32933342823077     -0.82462365550000     -1.24852727969231      h
   -6.40840098423077      0.20601967150000      2.75251774930769      h
   -3.99441020223077     -5.21434185750000     -0.96185206769231      h
   -2.00024661523077     -4.52942768050000      1.67003545930769      h
    7.35013459376923     -0.96984342850000      1.14055124430769      h
    3.14117057176923     -4.41711937450000     -1.60908888869231      h
   -0.77125764823077      5.50613982650000      1.04120645930769      h
    0.66755704476923      4.70883230550000     -1.91295493869231      h
   -2.14742036523077      6.55140774350000     -1.85785619769231      h
$redundant
     number_of_atoms            26
     degrees_of_freedom         72
     internal_coordinates       72
     frozen_coordinates          0
# definitions of redundant internals
   1 k  1.0000000000000 stre    1   13           val=   2.06667
   2 k  1.0000000000000 stre    1   14           val=   2.08180
   3 k  0.0098465896589 bend   14   13    1      val=   0.60599
        0.4767342356784 bend    8   13    1
        0.5287437298206 bend    8   14    1
       -0.5118699278518 bend    2   13    1
       -0.4806732344750 bend    2   14    1
   4 k  0.0024394303820 bend   14   13    1      val=   0.68439
        0.5444962523471 bend    8   13    1
       -0.4908389864698 bend    8   14    1
        0.4656666607837 bend    2   13    1
       -0.4957313090327 bend    2   14    1
   5 k  0.8994564214988 bend   14   13    1      val=   1.41505
       -0.2328559767043 bend    8   13    1
       -0.2093643592692 bend    8   14    1
       -0.1989701476788 bend    2   13    1
       -0.2309408697875 bend    2   14    1
   6 k -0.0211566830021 bend   14   13    1      val=   2.63136
       -0.4750437467057 bend    8   13    1
        0.4866298774852 bend    8   14    1
        0.5325754149031 bend    2   13    1
       -0.5034288661368 bend    2   14    1
   7 k  1.0000000000000 stre    2   15           val=   2.08385
   8 k  0.3442412905344 bend   10   15    2      val=   3.65505
        0.5048857214641 bend    1   15    2
       -0.7915733334018 bend    3   15    2
   9 k  0.7643081114897 bend   10   15    2      val=   3.92285
       -0.6403512834759 bend    1   15    2
       -0.0760483034773 bend    3   15    2
  10 k  1.0000000000000 stre    3   16           val=   2.06993
  11 k  0.0723663060522 bend   11   16    3      val=   1.81438
       -0.7320408408665 bend    2   16    3
        0.6774063219751 bend    4   16    3
  12 k  0.8495755370024 bend   11   16    3      val=   5.49506
       -0.3105506954088 bend    2   16    3
       -0.4263562741514 bend    4   16    3
  13 k  1.0000000000000 stre    4   17           val=   2.08092
  14 k -0.7648681177140 bend    9   17    4      val=   3.56764
        0.1956348224953 bend    5   17    4
        0.6137619886665 bend    3   17    4
  15 k -0.2072519906962 bend    9   17    4      val=   6.08036
        0.8273816153766 bend    5   17    4
       -0.5220021790082 bend    3   17    4
  16 k  1.0000000000000 stre    5   18           val=   2.07432
  17 k -0.7823016022063 bend    6   18    5      val=   4.83506
        0.3847359653747 bend    7   18    5
        0.4898800262642 bend    4   18    5
  18 k -0.0466387936215 bend    6   18    5      val=   4.25887
        0.7480649024913 bend    7   18    5
       -0.6619846860692 bend    4   18    5
  19 k  1.0000000000000 tors   19    6    5    4 val= 133.82574
        1.0000000000000 tors   19    6    5    7
  20 k  1.0000000000000 stre    6   19           val=   1.82537
  21 k  1.0000000000000 bend    5   19    6      val= 108.92459
  22 k  1.0000000000000 stre    7   20           val=   2.06274
  23 k  1.0000000000000 stre    7   21           val=   2.07894
  24 k  0.0366940763418 bend   21   20    7      val=   1.17752
        0.4586294676361 bend   11   20    7
        0.5393337426094 bend   11   21    7
       -0.5388354873032 bend    5   20    7
       -0.4550692121896 bend    5   21    7
  25 k -0.0169134649248 bend   21   20    7      val=   0.23014
        0.5525718292316 bend   11   20    7
       -0.4574630641584 bend   11   21    7
        0.4559472537438 bend    5   20    7
       -0.5265149142980 bend    5   21    7
  26 k -0.8801653664169 bend   21   20    7      val=   4.74922
        0.2522724108439 bend   11   20    7
        0.2496445863035 bend   11   21    7
        0.1965900011531 bend    5   20    7
        0.2463686474842 bend    5   21    7
  27 k -0.0177750030350 bend   21   20    7      val=   3.49319
       -0.4802636507664 bend   11   20    7
        0.5062480416888 bend   11   21    7
        0.5160127457495 bend    5   20    7
       -0.4964621249703 bend    5   21    7
  28 k  1.0000000000000 tors   22    8    1    2 val=  50.03533
  29 k  1.0000000000000 stre    8   22           val=   1.83086
  30 k  1.0000000000000 bend    1   22    8      val= 107.01127
  31 k  1.0000000000000 tors   23   10    2    1 val=  74.86201
        1.0000000000000 tors   23   10    2    3
  32 k  1.0000000000000 stre   10   23           val=   1.83271
  33 k  1.0000000000000 bend    2   23   10      val= 107.11073
  34 k  1.0000000000000 tors   26   12    9    4 val=  64.37936
        1.0000000000000 tors   25   12    9    4
        1.0000000000000 tors   24   12    9    4
  35 k  1.0000000000000 stre   12   26           val=   2.06331
  36 k  1.0000000000000 stre   12   25           val=   2.07650
  37 k  1.0000000000000 stre   12   24           val=   2.07862
  38 k  0.3856437274607 bend   25   26   12      val=   0.44717
        0.3875828852070 bend   24   26   12
        0.4595957641451 bend   24   25   12
       -0.4183813496718 bend    9   26   12
       -0.3985153175720 bend    9   25   12
       -0.3949338476910 bend    9   24   12
  39 k  0.4268996423168 bend   25   26   12      val=   1.88084
        0.3251573222017 bend   24   26   12
       -0.6492862358531 bend   24   25   12
        0.4237631343785 bend    9   26   12
       -0.2019952947888 bend    9   25   12
       -0.2647253330625 bend    9   24   12
  40 k -0.5958182952001 bend   25   26   12      val=   0.41858
        0.6627865077481 bend   24   26   12
       -0.0591670128248 bend   24   25   12
        0.0312353533662 bend    9   26   12
       -0.3319866305514 bend    9   25   12
        0.3017003458409 bend    9   24   12
  41 k  0.2566069477833 bend   25   26   12      val=   1.72533
        0.1973254580543 bend   24   26   12
       -0.4305710322886 bend   24   25   12
       -0.6920314158215 bend    9   26   12
        0.2919209655262 bend    9   25   12
        0.3817051132867 bend    9   24   12
  42 k -0.3015224481321 bend   25   26   12      val=   0.56961
        0.3325420684592 bend   24   26   12
       -0.0266957237872 bend   24   25   12
       -0.0557950985920 bend    9   26   12
        0.6567720879147 bend    9   25   12
       -0.6027641792759 bend    9   24   12
  43 k  1.0000000000000 stre    5    6           val=   2.68199
  44 k -0.6718084934852 bend    7    6    5      val=   7.88005
        0.7407248801553 bend    4    6    5
  45 k  0.7407248801553 bend    7    6    5      val= 112.26871
        0.6718084934852 bend    4    6    5
  46 k  1.0000000000000 tors    8    1    2    3 val= 181.64574
  47 k  1.0000000000000 stre    1    8           val=   2.68194
  48 k  1.0000000000000 bend    2    8    1      val= 111.34629
  49 k  1.0000000000000 stre    2   10           val=   2.69895
  50 k -0.6818004964412 bend    1   10    2      val=   5.75750
        0.7315381624034 bend    3   10    2
  51 k  0.7315381624034 bend    1   10    2      val= 107.55100
        0.6818004964412 bend    3   10    2
  52 k  1.0000000000000 tors   12    9    4    3 val=  44.35853
        1.0000000000000 tors   12    9    4    5
  53 k  1.0000000000000 stre    9   12           val=   2.68371
  54 k  1.0000000000000 bend    4   12    9      val= 115.18604
  55 k  1.0000000000000 tors    1    2    3    4 val=  46.66823
        1.0000000000000 tors    1    2    3   11
  56 k  1.0000000000000 stre    2    1           val=   2.88418
  57 k  1.0000000000000 bend    3    1    2      val= 114.37059
  58 k  1.0000000000000 stre    4    9           val=   2.68572
  59 k -0.6322673960886 bend    5    9    4      val=  14.86515
        0.7747502435258 bend    3    9    4
  60 k  0.7747502435258 bend    5    9    4      val= 110.94348
        0.6322673960886 bend    3    9    4
  61 k  1.0000000000000 stre    3    2           val=   2.90527
  62 k  0.7166291731908 bend   11    2    3      val=  -2.12321
       -0.6974543914349 bend    4    2    3
  63 k  0.6974543914349 bend   11    2    3      val= 111.46468
        0.7166291731908 bend    4    2    3
  64 k  1.0000000000000 stre    3   11           val=   2.73796
  65 k  1.0000000000000 stre   11    7           val=   2.70503
  66 k  1.0000000000000 stre    7    5           val=   2.88131
  67 k  1.0000000000000 stre    5    4           val=   2.91599
  68 k  1.0000000000000 stre    4    3           val=   2.93361
  69 k -0.8090169943749 bend    3    7   11      val=  -0.51876
        0.3090169943749 bend   11    5    7
        0.3090169943750 bend    7    4    5
       -0.8090169943750 bend    5    3    4
        1.0000000000000 bend    4   11    3
  70 k  0.5877852522925 bend    3    7   11      val=   0.53732
       -0.9510565162952 bend   11    5    7
        0.9510565162952 bend    7    4    5
       -0.5877852522925 bend    5    3    4
  71 k -0.8090169943749 tors    7    5    4    3 val= -27.29522
        0.3090169943749 tors    5    4    3   11
        0.3090169943750 tors    4    3   11    7
       -0.8090169943750 tors    3   11    7    5
        1.0000000000000 tors   11    7    5    4
  72 k  0.5877852522925 tors    7    5    4    3 val= -11.95302
       -0.9510565162952 tors    5    4    3   11
        0.9510565162952 tors    4    3   11    7
       -0.5877852522925 tors    3   11    7    5
        72 non zero eigenvalues  of BmBt
           1           5.312566441    1    0
         1
           2           4.910292046    2    0
         2
           3           4.652586358    3    0
         3
           4           4.538403041    4    0
         4
           5           4.229622649    5    0
         5
           6           3.921934728    6    0
         6
           7           3.786949657    7    0
         7
           8           3.595814914    8    0
         8
           9           3.466129355    9    0
         9
          10           3.371800310   10    0
        10
          11           3.264805517   11    0
        11
          12           3.223781672   12    0
        12
          13           3.077178299   13    0
        13
          14           2.953413683   14    0
        14
          15           2.886387045   15    0
        15
          16           2.673437035   16    0
        16
          17           2.404732708   17    0
        17
          18           2.388438955   18    0
        18
          19           2.346107674   19    0
        19
          20           2.176962980   20    0
        20
          21           2.114598145   21    0
        21
          22           1.917091585   22    0
        22
          23           1.835257924   23    0
        23
          24           1.724272202   24    0
        24
          25           1.518470023   25    0
        25
          26           1.483948983   26    0
        26
          27           1.466768573   27    0
        27
          28           1.165695164   28    0
        28
          29           1.160683677   29    0
        29
          30           1.123738695   30    0
        30
          31           1.044165237   31    0
        31
          32           1.022153225   32    0
        32
          33           0.940889472   33    0
        33
          34           0.907212763   34    0
        34
          35           0.810616597   35    0
        35
          36           0.785654395   36    0
        36
          37           0.774858144   37    0
        37
          38           0.759042577   38    0
        38
          39           0.695643911   39    0
        39
          40           0.694848522   40    0
        40
          41           0.677912561   41    0
        41
          42           0.571945312   42    0
        42
          43           0.540691335   43    0
        43
          44           0.470252534   44    0
        44
          45           0.446502442   45    0
        45
          46           0.405728804   46    0
        46
          47           0.340817401   47    0
        47
          48           0.329815620   48    0
        48
          49           0.321499541   49    0
        49
          50           0.314278955   50    0
        50
          51           0.300703845   51    0
        51
          52           0.290120372   52    0
        52
          53           0.286610565   53    0
        53
          54           0.248529475   54    0
        54
          55           0.238151524   55    0
        55
          56           0.225990912   56    0
        56
          57           0.207530459   57    0
        57
          58           0.187528225   58    0
        58
          59           0.147600873   59    0
        59
          60           0.139111866   60    0
        60
          61           0.113641347   61    0
        61
          62           0.085613549   62    0
        62
          63           0.072860028   63    0
        63
          64           0.060042003   64    0
        64
          65           0.056329156   65    0
        65
          66           0.047344170   66    0
        66
          67           0.035847618   67    0
        67
          68           0.026404116   68    0
        68
          69           0.020379257   69    0
        69
          70           0.013300360   70    0
        70
          71           0.010929592   71    0
        71
          72           0.003958352   72    0
        72
$user-defined bonds
$end
