$coord
        2.70007471373739       -0.18342626708855        1.03812483055299      C
        1.70779274944207       -1.05953920709084        2.62468597939207      H
        2.90536700190956       -1.90909015656931       -1.00687442949346      O
        1.39895858699684        2.28648169338953        0.29406217326448      C
        1.16252172242859        3.43228122926820        2.00015794863921      H
        2.64477376818464        3.33699556846971       -0.97100553776515      H
       -1.16339666562811        1.96683262828578       -1.01918977470149      C
       -0.89841926727488        1.12289983460037       -2.88211203211828      H
       -1.98624578484891        3.83439038390654       -1.32428794858199      H
        1.24684697165635       -2.64356623318571       -1.17721245338564      H
        4.62141218537395        0.22430860224739        1.65814775420504      H
       -3.07804639648040        0.36869879660892        0.40666339461859      C
       -3.08418044750773        0.86562118051252        2.41498873960413      H
       -4.97158599670220        0.69901347600666       -0.34803842079808      H
       -2.41222595999786       -2.24019474149061        0.08141129153085      O
       -3.53359889588287       -3.24966187523840        1.09040788347154      H
$end
