$coord
       -1.98010325431825       -2.68657445907594        0.00000000000000      C
       -2.74861383438109       -1.61655890941619        2.27939748764037      C
       -2.74861383438109       -1.61655890941619       -2.27939748764037      C
       -4.28362655639647        0.52375853061676        2.28081297874452      C
       -5.04836320877075        1.59685885906219        0.00000000000000      C
       -4.28362655639647        0.52375853061676       -2.28081297874452      C
        1.98010325431825        2.68657445907594        0.00000000000000      C
        2.74861383438109        1.61655890941619       -2.27939748764037      C
        2.74861383438109        1.61655890941619        2.27939748764037      C
        4.28362655639647       -0.52375853061676       -2.28081297874452      C
        5.04836320877075       -1.59685885906219        0.00000000000000      C
        4.28362655639647       -0.52375853061676        2.28081297874452      C
       -2.14267301559449       -2.44163894653320       -4.04838991165160      H
       -4.88020849227906        1.35362362861633       -4.05119180679321      H
       -6.24184703826904        3.25650930404664        0.00000000000000      H
       -4.88020849227906        1.35362362861633        4.05119180679321      H
       -2.14267301559449       -2.44163894653320        4.04838991165160      H
       -0.76727682352066       -4.33107376098634        0.00000000000000      H
        0.76727682352066        4.33107376098634        0.00000000000000      H
        2.14267301559449        2.44163894653320        4.04838991165160      H
        4.88020849227906       -1.35362362861633        4.05119180679321      H
        6.24184703826904       -3.25650930404664        0.00000000000000      H
        4.88020849227906       -1.35362362861633       -4.05119180679321      H
        2.14267301559449        2.44163894653320       -4.04838991165160      H
$end
