$coord
       -4.64724840891666        1.73247877083332       -1.26762398833333      C
       -3.29052412391667        2.93043830683332       -2.14371450433333      H
       -6.11313373191666        0.30983899983333       -0.22718697233333      C
       -7.42541144591667       -0.91610540916668        0.66931007666667      H
        1.86288061708334        0.09043071883333       -0.06474139633332      C
        1.38255184508334        1.89720198483333       -1.38535325233333      O
        0.07160062208332       -1.37286013316667        1.00803073566667      O
       -1.55545229891666       -0.67876569116667        0.50201664866667      H
        4.46245411908333       -0.81937753716667        0.59694787466666      C
        5.85780098108334        0.38541743383333       -0.29283022033333      H
        4.70095741108333       -0.79697535416667        2.63791869766667      H
        4.69352441408333       -2.76172209016666       -0.03277369933332      H
$end
