$coord
    3.86569180757166      0.66231121505376      0.62691853431095       c
    3.85224451641004      0.42264480852441      2.68344512376801       h
    4.66986854287341     -1.60009347767666     -0.59096838435893       o
    1.28421441620803      1.56941566363539     -0.27183143503720       c
    0.91045115356297      3.41381860494991      0.58508944635952       h
    1.35942362657074      1.84656289828440     -2.31587638338655       h
   -0.85511430321368     -0.25373730731482      0.38743165176421       c
   -0.88877221536651     -0.57092027981514      2.43335498788965       h
   -0.55318897951028     -2.08509357940789     -0.51421337801951       h
    3.59213316284900     -2.94501723562977     -0.02305465882120       h
    5.29999394243186      2.06550467831440      0.17268128429696       h
   -3.42332203767219      0.73407167522396     -0.45567155214885       c
   -3.80196646291849      2.56418639724773      0.43382631805269       h
   -3.42611694262273      1.02401802497100     -2.49397929195876       h
   -5.42365573084176     -1.00024338049317      0.02723662275328       o
   -5.54271225666582     -1.20537693167017      1.82750312050812       h
$end
