$coord
        2.48320100651068        0.10335630487372        0.00000000000000      N
        4.42663671547783        0.20017882341998        0.00000000000000      H
        1.41205607142882       -2.28373521446594        0.00000000000000      C
        2.74001516503229       -4.19820010088335        0.00000000000000      O
       -1.32199596978334       -2.32512792560594        0.00000000000000      C
       -2.27813743037687       -4.11942928533619        0.00000000000000      H
       -2.60398204783769       -0.12090763071889        0.00000000000000      C
       -4.64276471746672       -0.03266913512918        0.00000000000000      H
       -1.38098298874391        2.14925455064770        0.00000000000000      N
       -2.34285611806583        3.79042301290557        0.00000000000000      H
        1.23318559307723        2.39796157736166        0.00000000000000      C
        2.27562472074751        4.43889502293085        0.00000000000000      O
$end
