$coord
    1.66289111453127      1.32985956703856     -0.96622838402346       n
    2.09201196487016     -1.04806743919723      0.34692014869124       c
    4.78560128454679     -2.00336033417540     -0.15005668517722       c
    5.22868903543263     -3.81551580607968     -1.52707059706282       o
    0.14585534812600     -2.99506141845851     -0.50350662568840       c
   -2.49893832652159     -1.99796144704559     -0.25989022717500       c
   -3.92293507650161     -1.37231399901071     -2.39504027232629       c
   -3.57458544044415     -1.56632677936236      2.11289863947693       c
   -6.33516847444843     -0.34321325404017     -2.18879896311598       c
   -5.98429758327274     -0.54198881689337      2.34858552421431       c
   -7.37003486264875      0.08089395185972      0.19316010855949       c
   -9.74091771500962      1.09645978876892      0.30039455768535       o
    0.49931664595812      1.31655767253442     -2.47173544005810       h
    1.89180897356978     -0.65726287602813      2.36403484190725       h
    0.55773912834828     -3.52394153581808     -2.45161935517749       h
    0.41548152238812     -4.69573451740712      0.62692948416957       h
   -3.14729910011055     -1.72965265151201     -4.25681826863174       h
   -2.52384573955173     -2.04111358994364      3.80454455122264       h
   -7.43512545333359      0.12658898031300     -3.84474910728116       h
   -6.78919936289522     -0.22883087631456      4.20541276414295       h
  -10.21178298637114      1.25832036375991      2.05034460536992       h
    6.57636938693571     -0.65817430819707      1.07111287255184       n
    6.00732484838854      0.96377729921065      1.91710592475900       h
    9.22872788466294     -1.15518105556421      0.63253681194464       c
    9.86810868709415     -0.38904256264020     -1.17047702622942       h
   10.32876824266482     -0.31587231313850      2.14801869126056       h
    9.53764381552637     -3.18425931781666      0.60612125627655       h
    2.29383844192370      3.58341906896155      0.06916607452121       c
    3.54409668467644      3.74533008659775      2.02720461030738       o
    1.36367360684994      5.88987075526440     -1.31688568103947       c
    0.03195903722374      6.87878987642808     -0.10208998769546       h
    0.44597288144718      5.44497068504998     -3.10006070203835       h
    2.95422707153955      7.14425326970044     -1.65550157529068       h
$end
