$coord
       -5.13958510151428       -2.28407057051428       -3.51768508231430      C
       -4.41535131191430       -4.22906656631428       -3.65279199881429      H
       -4.71244003261430       -1.33344560771428       -5.31772062501430      H
       -7.20645511811428       -2.39325477571428       -3.33891113641428      H
       -3.95229664731429       -0.87953891501430       -1.28507987281430      C
       -4.76741165281429        1.03518303238570       -1.15252149531429      H
       -4.46055395601429       -1.84161406761429        0.49352295568572      H
       -1.06892014031428       -0.67504989211429       -1.46489588651430      C
       -0.55806490001430        0.30304189038570       -3.23680832651429      H
       -0.25246494491429       -2.59023424151430       -1.61487082401429      H
        0.13843712188572        0.70625767378572        0.77392605658571      C
       -0.34521289821428       -0.27637382751429        2.54741301728571      H
       -0.68125518101430        2.61832660978571        0.93267048258570      H
        3.03312602128571        0.91903581278572        0.56722584618570      C
        3.49414736658570        1.89662745018570       -1.22092250751429      H
        3.87319245648571       -0.98316090971429        0.43555381208572      H
        4.20491150278571        2.33057879858571        2.72985112018571      C
        3.54319614028570        4.27587868108572        3.00129493868570      H
        5.93024843278571        1.40095215048571        4.32178033358570      C
        6.69808001488571        2.52729232458572        5.86818305748570      H
        6.64467282778571       -0.52736505031428        4.13078613488571      H
$end
