$coord
    0.73846223228367     -0.00172347388662      0.77523978460688       c
    0.75425842563238      2.43319955571288     -0.54952129251232       c
    0.36099757021933     -2.55379284101335     -0.27725132197644       c
    0.38681302171028      2.95668362782657     -3.26722010257027       c
    1.29309714568830     -3.45603730479233     -2.59767524432258       c
    0.68116755711626     -5.79213349767976     -3.57806666737174       c
   -0.90362198759309     -7.42713508613311     -2.24425447580511       c
   -1.60311841996870     -6.75887714885780      0.16423773127107       c
    0.72167169159981      0.07198842911656      3.47361913297465       c
   -0.13371679532579     -2.00876009668493      4.96516990303403       c
   -1.15160926492118     -4.07746866703060      3.87806303515355       c
   -0.89139362481503     -4.42440966415129      1.22552485429085       c
    1.27255587752950      2.30792502573810      4.82086896933302       c
    1.29157956670845      4.55466566428584      3.59949980491120       c
    0.74915306851963      4.65073581543895      0.98795184101549       c
   -0.90214750723881      5.22578786430727     -3.98952909701598       c
   -1.16521195697016      7.24906713839117     -2.24028983375401       c
   -0.11190801055635      7.03675240347034      0.06884133935745       c
    1.47465388884257      2.20489207428982      6.85309302703425       h
    1.50184247009777      6.31294722406807      4.62246303969136       h
   -2.63213076337183     -8.07350108318438      1.34570200639107       h
   -1.45372346300152     -9.23176869268052     -3.03079667125866       h
    1.48292301011633     -6.36487313547866     -5.36940636134797       h
    2.67136464397640     -2.37696107791264     -3.59249283804976       h
    1.36270433300127      1.56327449010039     -5.31627410625262       c
   -0.08617807921324      8.61808003944184      1.36417674722237       h
   -2.04873798927293      8.98500205227376     -2.86199878544021       h
   -1.63026110901429      5.63388641656788     -6.51661658353766       c
   -2.01346006730443     -5.55950060191709      4.99315078288306       h
   -0.12536174317388     -1.78247864519522      6.99753927333828       h
    0.74897591532843      2.05413083846750     -7.80333341132580       c
   -0.88748423501192      4.03177726829539     -8.41792665462511       c
   -2.69625214657008      7.32645593611980     -6.94351705135385       h
   -1.43834763672727      4.38702514273868    -10.35410601894178       h
    1.58946755101959      0.91830184950867     -9.28049256601696       h
    2.79297683066056      0.17954391402704     -4.98735957003771       h
$end
