$coord
       -1.52910655720898       -3.07297967918846        0.00000000000000      C
       -3.13295301531124       -1.06790756190002        0.00000000000000      N
       -1.68082377407386        1.08219401898922        0.00000000000000      C
        0.78338895436196        0.26134468330493        0.00000000000000      C
        0.84935777795987       -2.33869039892981        0.00000000000000      N
        3.14438325625996        1.79291136276414        0.00000000000000      C
       -5.02844312027631       -1.14628586432375        0.00000000000000      H
       -2.49605913896636        2.94192548567967        0.00000000000000      H
       -2.18605525543458       -4.99696951705996        0.00000000000000      H
        4.28200153099602        1.37111627590229        1.65977211281684      H
        4.28200153099602        1.37111627590229       -1.65977211281684      H
        2.71230781069749        3.80222491885948        0.00000000000000      H
$end
