$coord
       -2.28375360218667        1.31852575698525        0.00000000000000      C
       -4.05330250962561        2.34017529503933        0.00000000000000      H
       -2.28375360218667       -1.31852575698525        0.00000000000000      C
       -4.05330250962561       -2.34017529503933        0.00000000000000      H
        0.00000000000000       -2.63705151397050        0.00000000000000      C
        0.00000000000000       -4.68035059007866        0.00000000000000      H
        2.28375360218667       -1.31852575698525        0.00000000000000      C
        4.05330250962561       -2.34017529503933        0.00000000000000      H
        2.28375360218667        1.31852575698525        0.00000000000000      C
        4.05330250962561        2.34017529503933        0.00000000000000      H
        0.00000000000000        2.63705151397050        0.00000000000000      C
        0.00000000000000        4.68035059007866        0.00000000000000      H
$end
