$coord
    0.29968630061798     -2.54698821741503     -2.09875910728905      b
   -3.24221683970416      4.60313082845957     -2.82834629504841      si
    4.13820676246960      1.42236978460233      0.47903356390473      h
    3.16822235720641     -2.79589819414689      2.95484106063974      p
   -0.12113228109330     -4.71057631951744     -2.56814415961438      h
   -0.57782853814089     -0.74764565149345     -4.08981082821461      o
   -1.88135705145627      1.87631730609432      1.37440110459172      li
    5.00302258828032     -3.30267641173818     -1.27679729987481      al
    1.15971855883715     -1.57808646023889      0.39501991102896      c
   -1.63072847887697      1.34506894851975     -3.55087225384462      b
   -4.99931287425375      3.21535360571389     -1.00184385576628      h
   -2.90103792053413      0.00836332942810      4.99980833854173      cl
    1.80607242587923      1.73808761461682      2.99309378574787      h
   -1.70530236897872     -4.08425814858802      3.51378699856504      al
    2.63880273545079      0.48816026599651      1.57001912544046      c
   -1.15481537570334      5.06927771970654     -0.86543008880803      h
$user-defined bonds
$end
