$coord
    13.347091676    -3.093451153     1.040455800     H 
    12.925251889    -1.615624157    -0.338449248     C 
    12.546879929    -2.487674281    -2.173913731     H 
    14.603213986    -0.420298412    -0.495967389     H 
    10.749507578    -0.020998843     0.658059836     C 
    10.846039598     1.034188217     2.721739078     O 
     8.706235580     0.159599692    -0.903578238     N 
     8.621579756    -0.792338602    -2.557469088     H 
     6.435822739     1.540098962    -0.206297276     C 
     6.445340575     1.688167935     1.856458029     H 
     6.369236484     4.205149418    -1.364899697     C 
     6.388127766     4.089137226    -3.428494474     H 
     4.664356209     5.222950395    -0.780120951     H 
     8.019046012     5.271914721    -0.731308839     H 
     4.178607724    -0.019496930    -1.139827988     C 
     4.182149227    -0.960907575    -3.265078351     O 
     2.240501135    -0.288082302     0.520884104     N 
     2.270447173     0.574379024     2.228019812     H 
    -0.133571516    -1.497711187    -0.145419264     C 
    -0.292039652    -1.496081141    -2.204897394     H 
    -0.198812705    -4.244990870     0.779382910     C 
     1.387336309    -5.259350409    -0.097804500     H 
     0.061676409    -4.261914969     2.840525138     H 
    -2.578423967    -5.257322825     0.057855875     O 
    -2.645503452    -6.999935871     0.586929070     H 
    -2.251382329     0.043594763     1.103310525     C 
    -1.999864832     0.796855423     3.293577300     O 
    -4.282015511     0.564735118    -0.354156713     N 
    -4.487666221    -0.250355341    -2.072693847     H 
    -6.490598296     1.890504239     0.618036223     C 
    -6.449730848     1.690630333     2.676720302     H 
    -6.450457010     4.708771489    -0.083215656     C 
    -6.464801318     4.927600528    -2.136778280     H 
    -8.101477549     5.683344687     0.694994343     H 
    -4.745549706     5.589196206     0.680703337     H 
    -8.820215872     0.600445399    -0.534456287     C 
    -8.873181504     0.079651343    -2.795036525     O 
   -10.745723247     0.119463498     1.094815515     N 
   -10.502455687     0.542113606     2.938731535     H 
   -13.112804966    -1.024954657     0.296657071     C 
   -13.419643239    -2.837385643     1.250034415     H 
   -14.716156933     0.221088415     0.692657001     H 
   -12.986455830    -1.344598040    -1.732923200     H 
$end
