$coord
   -3.57110505175758     -5.55021742918182     -0.06000372509091      n
   -0.99769698475758     -5.74106652618182     -0.43495559709091      c
    0.05292074524242     -3.37180744818182     -0.63202756209091      c
   -1.99571608275758     -1.60452058418182     -0.36520959009091      c
   -2.11131629075758      1.04412881281818     -0.41145874409091      c
   -4.44974259975758      2.20419947281818     -0.11264960109091      c
   -6.67050323075758      0.76052818481818      0.23293403890909      c
   -6.58128926675758     -1.86682589018182      0.28224832890909      c
   -4.23612419475758     -3.03163598318182     -0.01868864509091      c
   -4.76889842275758     -7.01183733518182      0.08359844290909      h
   -0.10085759675758     -7.56735063618182     -0.54825978809091      h
   -0.43961743675758      2.19639490481818     -0.67029829209091      h
   -8.47643688075757      1.67845313581818      0.46377540690909      h
   -8.29645181875757     -2.95016611618182      0.54514700890909      h
   -4.43157288475758      4.79626480381818     -0.17755602009091      o
   -6.78295137575758      6.03840815381818      0.11526458090909      c
   -7.64214553275758      5.61711831081818      1.94479901990909      h
   -8.10216908975758      5.53206552381818     -1.39005523809091      h
   -6.37394286175758      8.04662752281818      0.00774295190909      h
    2.77557370224242     -2.70198840218182     -0.98145679409091      c
    3.90894820324242     -1.58987520818182      1.44781242190909      c
    6.41846652424242     -0.53700114418182      1.06970848690909      n
    6.72864614824242      1.78154335781818     -0.00672857009091      c
    9.43949209624243      2.59444678681818     -0.44409053209091      c
    2.96529274324242     -1.29053127218182     -2.47429119409091      h
    3.85985501124242     -4.36380021018182     -1.55203310109091      h
    4.02161177724242     -3.03855804918182      2.90779015590909      h
    2.69502602124242     -0.08111419718182      2.14016834090909      h
    7.94477552924242     -1.62591228218182      1.35237181090909      h
    4.93779440124242      3.12900869581818     -0.57990136009091      o
    9.76495393424242      2.73552428081818     -2.47083677509091      h
   10.81745761224242      1.30346346881818      0.37235424290909      h
    9.69772315324242      4.46603329781818      0.36478589090909      h
$user-defined bonds
$end
