$coord
   -0.76920447448183      2.90529281021656      0.00000000000000      n
    2.97270003553144      0.79172202574342      0.00000000000000      n
   -0.93221429182328     -1.61305076327473      0.00000000000000      c
    1.83651183839617     -1.66296296824778      0.00000000000000      c
   -2.10057881585820      0.62609258167447      0.00000000000000      c
    1.72980236931312      2.95294606153440      0.00000000000000      c
   -2.28147774509196     -4.08258101596075      0.00000000000000      c
    3.15314435158067     -3.48286510786538      0.00000000000000      o
    3.07758505396823      4.99691405436629      0.00000000000000      o
   -1.76871994369471      4.53463714883894      0.00000000000000      h
    4.89647252583883      0.83598915130249      0.00000000000000      h
   -4.13342000198434      0.83107263311493      0.00000000000000      h
   -1.76511882265134     -5.19398607311930     -1.65722083206141      h
   -1.76511882265134     -5.19398607311930      1.65722083206141      h
   -4.32235978010346     -3.82664993459537      0.00000000000000      h
    2.17199652371199      6.58141546939111      0.00000000000000      h
$user-defined bonds
$end
