$coord
    6.88309761125133      0.01460707227842      0.98076786350513      o
    4.89699544450010     -1.04552928885140      0.60471236285481      c
    2.79939943584751     -0.64301762232617      1.99933024968869      o
    3.27183096932782      0.68923930208831      3.17096045271987      h
    4.51716049158193     -2.95415268411186     -1.50044255033347      c
    5.84185851146072     -4.48672057872200     -1.13950485875451      h
    5.07840915335654     -2.03574578302614     -3.25221867647847      h
    2.01327336413627     -3.96515616575973     -1.73476859093970      n
    0.66400890451649     -2.97682939771892     -2.66829330109680      h
    1.20825003108581     -5.72260147030650     -0.03401507041058      c
    2.61420627472322     -6.82431180638259      1.43052268337839      o
   -1.63956725273351     -6.12889258909957     -0.07180959308900      c
   -2.07609398966932     -7.71059336319166      1.15651239395981      h
   -2.28774331666850     -6.52573507722303     -1.98610216675124      h
   -2.93969883287133     -3.89145684653681      0.82014114212183      n
   -3.18347350414718     -3.56264449923451      2.68719056243601      h
   -3.44803516289615     -1.92992111952655     -0.71242675248831      c
   -2.98505226008544     -1.92614166725870     -2.99899537453302      o
   -4.74249756463221      0.29428654009877      0.59715345831912      c
   -4.13589547564349      0.26405092195603      3.29001319915689      n
   -2.37467071882888      0.98025712671218      3.54323650110235      h
   -5.33965102295132      1.39788660230878      4.25188380132281      h
   -6.77017370632971     -0.07421005601588      0.42707810626621      h
   -4.18313862899152      2.77549695393737     -0.80691305918437      c
   -4.73493866009652      2.53361200879545     -2.77600769073031      h
   -5.38500445016543      4.24003470772634      0.01322808293745      h
   -1.46571244841276      3.58052028698782     -0.65384524233675      c
   -0.57754116546977      4.94868200794681      1.43052268337839      c
   -1.88712137627720      5.50237176518574      2.90261934170304      h
    1.95091240171687      5.68567520017610      1.59492885702954      c
    2.59341928725009      6.76092937037729      3.21253442766612      h
    3.62898920863894      5.08096283732130     -0.34015070410582      c
    5.58863520951527      5.64032177296199     -0.21920823153486      h
    2.75782546090124      3.75059563904074     -2.44152616502625      c
    4.04283923196769      3.31028944983708     -3.97031460736854      h
    0.24071025051813      2.99281545933831     -2.58892480347211      c
   -0.43581170542568      1.96102499021731     -4.21786873091224      h
$user-defined bonds
$redundant
     number_of_atoms            37
     degrees_of_freedom        105
     internal_coordinates      105
     frozen_coordinates          0
# definitions of redundant internals
   1 k  1.0000000000000 stre    2    1           val=   2.28252
   2 k  0.7071077872379 bend    3    1    2      val=   0.22883
       -0.7071057751337 bend    5    1    2
   3 k  1.0000000000000 outp    1    5    3    2 val=   0.28494
   4 k  1.0000000000000 tors    4    3    2    5 val= 184.14452
   5 k  1.0000000000000 stre    3    4           val=   1.83598
   6 k  1.0000000000000 bend    2    4    3      val= 104.58398
   7 k  1.0000000000000 stre    5    7           val=   2.05601
   8 k  1.0000000000000 stre    5    6           val=   2.05764
   9 k  0.0878480505569 bend    6    7    5      val=   1.36556
       -0.5114242635530 bend    8    7    5
       -0.5008275069162 bend    8    6    5
        0.4929361621668 bend    2    7    5
        0.4867378051961 bend    2    6    5
  10 k  0.0186514094891 bend    6    7    5      val=   0.57117
       -0.5504918099236 bend    8    7    5
        0.5545026232074 bend    8    6    5
       -0.4438765912797 bend    2    7    5
        0.4383050361348 bend    2    6    5
  11 k  0.9063554211244 bend    6    7    5      val=   4.95904
       -0.1525466682798 bend    8    7    5
       -0.1739826029007 bend    8    6    5
       -0.2433195209057 bend    2    7    5
       -0.2564664290493 bend    2    6    5
  12 k -0.0008504761135 bend    6    7    5      val=   0.13178
        0.4378630455036 bend    8    7    5
       -0.4443883050877 bend    8    6    5
       -0.5476321699712 bend    2    7    5
        0.5575780400865 bend    2    6    5
  13 k  1.0000000000000 stre    8    9           val=   1.91540
  14 k  0.7074202613788 bend   10    9    8      val=  -1.46438
       -0.7067931619581 bend    5    9    8
  15 k  1.0000000000000 outp    9    5   10    8 val= -19.62483
  16 k  1.0000000000000 stre   10   11           val=   2.30984
  17 k  0.7071350303463 bend    8   11   10      val=   0.36730
       -0.7070785308981 bend   12   11   10
  18 k  1.0000000000000 outp   11   12    8   10 val=  -1.51941
  19 k  1.0000000000000 stre   12   13           val=   2.04966
  20 k  1.0000000000000 stre   12   14           val=   2.05964
  21 k -0.0029615917756 bend   14   13   12      val=   0.26752
        0.5162687739792 bend   15   13   12
        0.4898145485226 bend   15   14   12
       -0.4828458127916 bend   10   13   12
       -0.5102934558795 bend   10   14   12
  22 k -0.0019158673228 bend   14   13   12      val=   0.28885
        0.5049809344197 bend   15   13   12
       -0.5265047423662 bend   15   14   12
        0.4995519786808 bend   10   13   12
       -0.4671521831127 bend   10   14   12
  23 k  0.8965130479140 bend   14   13   12      val=   1.13163
       -0.2087459669770 bend   15   13   12
       -0.2285040949712 bend   15   14   12
       -0.2301767021002 bend   10   13   12
       -0.2179312749068 bend   10   14   12
  24 k -0.0120205706300 bend   14   13   12      val=   1.54178
        0.4898322541219 bend   15   13   12
       -0.4770514047219 bend   15   14   12
       -0.5107628998452 bend   10   13   12
        0.5210211954404 bend   10   14   12
  25 k  1.0000000000000 stre   15   16           val=   1.91139
  26 k -0.7070285935101 bend   17   16   15      val=   2.90054
        0.7071849602184 bend   12   16   15
  27 k  1.0000000000000 outp   16   12   17   15 val=  11.14695
  28 k  1.0000000000000 stre   17   18           val=   2.33297
  29 k  0.7071463767322 bend   15   18   17      val=   0.70741
       -0.7070671834235 bend   19   18   17
  30 k  1.0000000000000 outp   18   19   15   17 val=  -1.62721
  31 k  1.0000000000000 tors   22   20   19   17 val=  74.18898
        1.0000000000000 tors   22   20   19   24
        1.0000000000000 tors   21   20   19   17
        1.0000000000000 tors   21   20   19   24
  32 k  1.0000000000000 stre   20   22           val=   1.91306
  33 k  1.0000000000000 stre   20   21           val=   1.91807
  34 k  0.8623097667715 bend   21   22   20      val=   8.65639
       -0.3499345382682 bend   19   22   20
       -0.3660159628453 bend   19   21   20
  35 k  0.4880353310631 bend   21   22   20      val= 108.67821
        0.3815140915977 bend   19   22   20
        0.7850277151454 bend   19   21   20
  36 k  0.1350680634519 bend   21   22   20      val=  36.39106
        0.8555657875578 bend   19   22   20
       -0.4997637455798 bend   19   21   20
  37 k  1.0000000000000 stre   19   23           val=   2.06789
  38 k  0.7218531170931 bend   20   23   19      val=   0.33361
       -0.0231918883089 bend   17   23   19
       -0.6916575841120 bend   24   23   19
  39 k -0.3629187134850 bend   20   23   19      val=   3.55453
        0.8382992329573 bend   17   23   19
       -0.4068714826891 bend   24   23   19
  40 k  1.0000000000000 stre   24   25           val=   2.05921
  41 k  1.0000000000000 stre   24   26           val=   2.06446
  42 k  0.0546235392323 bend   26   25   24      val=   0.86493
       -0.5078658074545 bend   27   25   24
       -0.5005845747317 bend   27   26   24
        0.4976230268538 bend   19   25   24
        0.4907901764153 bend   19   26   24
  43 k  0.0217913423100 bend   26   25   24      val=   0.36286
       -0.5298216172399 bend   27   25   24
        0.5263321041980 bend   27   26   24
       -0.4736055858844 bend   19   25   24
        0.4663544321813 bend   19   26   24
  44 k  0.9038686425798 bend   26   25   24      val=   3.08980
       -0.1732934580386 bend   27   25   24
       -0.1968725952773 bend   27   26   24
       -0.2285335018841 bend   19   25   24
       -0.2490069760215 bend   19   26   24
  45 k  0.0001910678569 bend   26   25   24      val=  -0.01821
        0.4666421110090 bend   27   25   24
       -0.4735226515409 bend   27   26   24
       -0.5246086411092 bend   19   25   24
        0.5317961788856 bend   19   26   24
  46 k  1.0000000000000 stre   28   29           val=   2.04662
  47 k  0.7071081441062 bend   30   29   28      val=   0.03881
       -0.7071054182642 bend   27   29   28
  48 k  1.0000000000000 outp   29   27   30   28 val=  -1.99011
  49 k  1.0000000000000 stre   30   31           val=   2.04588
  50 k  0.7071074956706 bend   32   31   30      val=   0.16256
       -0.7071060667018 bend   28   31   30
  51 k  1.0000000000000 outp   31   28   32   30 val=  -1.07799
  52 k  1.0000000000000 stre   32   33           val=   2.04150
  53 k  0.7071067863114 bend   30   33   32      val=   0.08813
       -0.7071067760617 bend   34   33   32
  54 k  1.0000000000000 outp   33   34   30   32 val=   0.12555
  55 k  1.0000000000000 stre   34   35           val=   2.04507
  56 k  0.7071067838993 bend   36   35   34      val=  -0.00538
       -0.7071067784738 bend   32   35   34
  57 k  1.0000000000000 outp   35   32   36   34 val=  -0.20383
  58 k  1.0000000000000 stre   36   37           val=   2.04346
  59 k  0.7071081793498 bend   34   37   36      val=   0.81981
       -0.7071053830205 bend   27   37   36
  60 k  1.0000000000000 outp   37   27   34   36 val=   0.76987
  61 k  1.0000000000000 tors    3    2    5    8 val=   1.80914
  62 k  1.0000000000000 stre    2    3           val=   2.55086
  63 k  1.0000000000000 bend    5    3    2      val= 113.42630
  64 k  1.0000000000000 stre   19   20           val=   2.76050
  65 k -0.6766869772964 bend   17   20   19      val=   7.95990
        0.7362708297614 bend   24   20   19
  66 k  0.7362708297614 bend   17   20   19      val= 112.66916
        0.6766869772964 bend   24   20   19
  67 k  1.0000000000000 tors    2    5    8   10 val= -75.25230
  68 k  1.0000000000000 stre    5    2           val=   2.86684
  69 k  1.0000000000000 bend    8    2    5      val= 115.73497
  70 k  1.0000000000000 tors    5    8   10   12 val= 165.14619
  71 k  1.0000000000000 stre    8    5           val=   2.71044
  72 k  1.0000000000000 bend   10    5    8      val= 119.09975
  73 k  1.0000000000000 tors    8   10   12   15 val= -67.17628
  74 k  1.0000000000000 stre   10    8           val=   2.57473
  75 k  1.0000000000000 bend   12    8   10      val= 113.40457
  76 k  1.0000000000000 tors   10   12   15   17 val=  83.59323
  77 k  1.0000000000000 stre   12   10           val=   2.87690
  78 k  1.0000000000000 bend   15   10   12      val= 110.51597
  79 k  1.0000000000000 tors   12   15   17   19 val= 182.16650
  80 k  1.0000000000000 stre   15   12           val=   2.73716
  81 k  1.0000000000000 bend   17   12   15      val= 121.97694
  82 k  1.0000000000000 tors   15   17   19   24 val= 154.11188
  83 k  1.0000000000000 stre   17   15           val=   2.54063
  84 k  1.0000000000000 bend   19   15   17      val= 114.25677
  85 k  1.0000000000000 tors   17   19   24   27 val= -67.55595
  86 k  1.0000000000000 stre   19   17           val=   2.88751
  87 k  1.0000000000000 bend   24   17   19      val= 110.63139
  88 k  1.0000000000000 tors   19   24   27   28 val=   5.85724
        1.0000000000000 tors   19   24   27   36
  89 k  1.0000000000000 stre   24   19           val=   2.90529
  90 k  1.0000000000000 bend   27   19   24      val= 113.60935
  91 k  1.0000000000000 stre   27   24           val=   2.83829
  92 k  0.7071067972781 bend   36   24   27      val=   0.15429
       -0.7071067650950 bend   28   24   27
  93 k  1.0000000000000 outp   24   28   36   27 val=   0.18311
  94 k  1.0000000000000 stre   27   36           val=   2.64609
  95 k  1.0000000000000 stre   36   34           val=   2.63284
  96 k  1.0000000000000 stre   34   32           val=   2.63526
  97 k  1.0000000000000 stre   32   30           val=   2.63176
  98 k  1.0000000000000 stre   30   28           val=   2.63880
  99 k  1.0000000000000 stre   28   27           val=   2.64675
 100 k -0.5000000000000 bend   27   34   36      val=  -0.84013
       -0.5000000000000 bend   36   32   34
        1.0000000000000 bend   34   30   32
       -0.5000000000000 bend   32   28   30
       -0.5000000000000 bend   30   27   28
        1.0000000000000 bend   28   36   27
 101 k  0.8660254037844 bend   27   34   36      val=  -0.13826
       -0.8660254037844 bend   36   32   34
        0.8660254037844 bend   32   28   30
       -0.8660254037844 bend   30   27   28
 102 k -1.0000000000000 bend   27   34   36      val=  -0.40589
        1.0000000000000 bend   36   32   34
       -1.0000000000000 bend   34   30   32
        1.0000000000000 bend   32   28   30
       -1.0000000000000 bend   30   27   28
        1.0000000000000 bend   28   36   27
 103 k -0.5000000000000 tors   36   34   32   30 val=   0.53805
       -0.5000000000000 tors   34   32   30   28
        1.0000000000000 tors   32   30   28   27
       -0.5000000000000 tors   30   28   27   36
       -0.5000000000000 tors   28   27   36   34
        1.0000000000000 tors   27   36   34   32
 104 k  0.8660254037844 tors   36   34   32   30 val=  -0.55535
       -0.8660254037844 tors   34   32   30   28
        0.8660254037844 tors   30   28   27   36
       -0.8660254037844 tors   28   27   36   34
 105 k -1.0000000000000 tors   36   34   32   30 val=   0.18019
        1.0000000000000 tors   34   32   30   28
       -1.0000000000000 tors   32   30   28   27
        1.0000000000000 tors   30   28   27   36
       -1.0000000000000 tors   28   27   36   34
        1.0000000000000 tors   27   36   34   32
       105 non zero eigenvalues  of BmBt
           1          10.954965637    1    0
         1
           2           5.873203470    2    0
         2
           3           5.699646509    3    0
         3
           4           5.479705846    4    0
         4
           5           5.099110535    5    0
         5
           6           4.987350173    6    0
         6
           7           4.697747324    7    0
         7
           8           4.493052538    8    0
         8
           9           4.423837139    9    0
         9
          10           4.242547245   10    0
        10
          11           4.198691557   11    0
        11
          12           4.073661278   12    0
        12
          13           3.901916714   13    0
        13
          14           3.843906309   14    0
        14
          15           3.595639029   15    0
        15
          16           3.530489202   16    0
        16
          17           3.474276719   17    0
        17
          18           3.383241706   18    0
        18
          19           3.327337541   19    0
        19
          20           3.275068553   20    0
        20
          21           3.208611269   21    0
        21
          22           3.050077597   22    0
        22
          23           2.955598752   23    0
        23
          24           2.907391338   24    0
        24
          25           2.844308315   25    0
        25
          26           2.816363535   26    0
        26
          27           2.581138932   27    0
        27
          28           2.441282342   28    0
        28
          29           2.364572889   29    0
        29
          30           2.248511806   30    0
        30
          31           2.231955167   31    0
        31
          32           2.092336857   32    0
        32
          33           2.048420196   33    0
        33
          34           1.953609145   34    0
        34
          35           1.920451740   35    0
        35
          36           1.833109792   36    0
        36
          37           1.823173780   37    0
        37
          38           1.741926737   38    0
        38
          39           1.733730359   39    0
        39
          40           1.492503114   40    0
        40
          41           1.451443503   41    0
        41
          42           1.310968271   42    0
        42
          43           1.191685371   43    0
        43
          44           1.173082087   44    0
        44
          45           1.119120026   45    0
        45
          46           1.055420573   46    0
        46
          47           1.015172101   47    0
        47
          48           0.997735703   48    0
        48
          49           0.875955757   49    0
        49
          50           0.784106912   50    0
        50
          51           0.757462359   51    0
        51
          52           0.754489327   52    0
        52
          53           0.719599465   53    0
        53
          54           0.695209679   54    0
        54
          55           0.680768559   55    0
        55
          56           0.652153746   56    0
        56
          57           0.615476034   57    0
        57
          58           0.497722008   58    0
        58
          59           0.487659346   59    0
        59
          60           0.477751012   60    0
        60
          61           0.457331979   61    0
        61
          62           0.420015210   62    0
        62
          63           0.393863955   63    0
        63
          64           0.381988863   64    0
        64
          65           0.366581613   65    0
        65
          66           0.363689559   66    0
        66
          67           0.359667136   67    0
        67
          68           0.341578448   68    0
        68
          69           0.335843977   69    0
        69
          70           0.332550732   70    0
        70
          71           0.309498151   71    0
        71
          72           0.302877910   72    0
        72
          73           0.294224809   73    0
        73
          74           0.291249819   74    0
        74
          75           0.278395511   75    0
        75
          76           0.274158583   76    0
        76
          77           0.271935784   77    0
        77
          78           0.270367880   78    0
        78
          79           0.266557408   79    0
        79
          80           0.266072502   80    0
        80
          81           0.231819754   81    0
        81
          82           0.201765030   82    0
        82
          83           0.156882254   83    0
        83
          84           0.134724729   84    0
        84
          85           0.115972857   85    0
        85
          86           0.111787254   86    0
        86
          87           0.104333924   87    0
        87
          88           0.094725097   88    0
        88
          89           0.084178040   89    0
        89
          90           0.081576187   90    0
        90
          91           0.076690359   91    0
        91
          92           0.065697879   92    0
        92
          93           0.062741888   93    0
        93
          94           0.053186070   94    0
        94
          95           0.048729406   95    0
        95
          96           0.038815583   96    0
        96
          97           0.030196222   97    0
        97
          98           0.028707753   98    0
        98
          99           0.014140657   99    0
        99
         100           0.011464890  100    0
       100
         101           0.007243243  101    0
       101
         102           0.004226939  102    0
       102
         103           0.002983703  103    0
       103
         104           0.001083338  104    0
       104
         105           0.000945517  105    0
       105
$end
