$coord
    1.29041829000000      5.54377764400000     -0.56664359770000      c
    1.29041829000000      2.67097839900000     -0.75151360170000      c
   -0.05724735900000      1.44069874900000      1.47718009830000      c
    0.05724735900000     -1.44069874900000      1.47718009830000      c
   -1.29041829000000     -2.67097839900000     -0.75151360170000      c
   -1.29041829000000     -5.54377764400000     -0.56664359770000      c
    2.23890389000000      6.16647637300000      1.15224927330000      h
   -0.63606665100000      6.27086483700000     -0.51432086470000      h
    2.24870022900000      6.41039464500000     -2.16811267570000      h
    3.23393722000000      1.97607135000000     -0.82899992670000      h
    0.39365260100000      2.09985974100000     -2.51730947170000      h
   -2.03453002400000      2.04494997300000      1.49141729430000      h
    0.77947795600000      2.15339567800000      3.22605347230000      h
   -0.77947795600000     -2.15339567800000      3.22605347230000      h
    2.03453002400000     -2.04494997300000      1.49141729430000      h
   -0.39365260100000     -2.09985974100000     -2.51730947170000      h
   -3.23393722000000     -1.97607135000000     -0.82899992670000      h
   -2.24870022900000     -6.41039464500000     -2.16811267570000      h
   -2.23890389000000     -6.16647637300000      1.15224927330000      h
    0.63606665100000     -6.27086483700000     -0.51432086470000      h
$redundant
     number_of_atoms            20
     degrees_of_freedom         28
     internal_coordinates       28
     frozen_coordinates          0
# definitions of redundant internals
   1 k  1.0000000000000 stre    3   12           val=   2.06760
   2 k  1.0000000000000 stre    1    7           val=   2.05960
   3 k  1.0000000000000 stre    1    8           val=   2.05979
   4 k  1.0000000000000 stre    2   10           val=   2.06547
   5 k  1.0000000000000 stre    3   13           val=   2.06558
   6 k  1.0000000000000 stre    1    9           val=   2.05768
   7 k  1.0000000000000 stre    3    2           val=   2.88043
   8 k  1.0000000000000 stre    3    4           val=   2.88367
   9 k  1.0000000000000 stre    2   11           val=   2.06116
  10 k  1.0000000000000 stre    2    1           val=   2.87874
  11 k  0.4266015427739 bend    7    9    1      val=   1.43396
        0.4242062370215 bend    8    9    1
        0.4077270550139 bend    8    7    1
       -0.3946581882188 bend    2    9    1
       -0.3973631845665 bend    2    7    1
       -0.3977012129823 bend    2    8    1
  12 k  0.0024427329444 bend   10   11    2      val=   0.04088
       -0.4988581800444 bend    1   11    2
       -0.5015029303344 bend    1   10    2
        0.5056849832025 bend    3   11    2
        0.4938745365860 bend    3   10    2
  13 k  1.0000000000000 tors    9    1    2    3 val=  60.19768
        1.0000000000000 tors    7    1    2    3
        1.0000000000000 tors    8    1    2    3
  14 k  0.0083038793559 bend   12   13    3      val=   0.14909
        0.4968429966861 bend    2   13    3
        0.5021719167309 bend    2   12    3
       -0.5002978695786 bend    4   13    3
       -0.5006031262124 bend    4   12    3
  15 k -0.3325332790793 bend    7    9    1      val=   0.44294
       -0.3344087996286 bend    8    9    1
        0.6906893837863 bend    8    7    1
       -0.4504475892371 bend    2    9    1
        0.2216597718800 bend    2    7    1
        0.2202372880355 bend    2    8    1
  16 k -0.6415095240198 bend    7    9    1      val=   0.05404
        0.6421441684080 bend    8    9    1
        0.0021817878746 bend    8    7    1
       -0.0008902803177 bend    2    9    1
       -0.2969007400141 bend    2    7    1
        0.2965818527036 bend    2    8    1
  17 k  0.0050714481212 bend   12   13    3      val=   0.25657
        0.4987071604519 bend    2   13    3
       -0.4948384667261 bend    2   12    3
        0.5026710875911 bend    4   13    3
       -0.5037083660970 bend    4   12    3
  18 k  0.9082710534732 bend   12   13    3      val=   3.06037
       -0.2164117392530 bend    2   13    3
       -0.2098219951309 bend    2   12    3
       -0.2058789657318 bend    4   13    3
       -0.2044461649547 bend    4   12    3
  19 k  0.9032803947956 bend   10   11    2      val=   1.30538
       -0.2090454268942 bend    1   11    2
       -0.2171944813056 bend    1   10    2
       -0.2052228266885 bend    3   11    2
       -0.2260413381861 bend    3   10    2
  20 k  1.0000000000000 tors    2    3    4    5 val= -64.10378
  21 k  0.0141863493828 bend   10   11    2      val=   0.19507
       -0.5066962770302 bend    1   11    2
        0.4956217521260 bend    1   10    2
       -0.4970618131745 bend    3   11    2
        0.5003461432231 bend    3   10    2
  22 k  1.0000000000000 tors    1    2    3    4 val= 184.18855
  23 k  0.2959270103933 bend    7    9    1      val=   0.00759
       -0.2975562510815 bend    8    9    1
        0.0012612213834 bend    8    7    1
        0.0018409117696 bend    2    9    1
       -0.6423439193718 bend    2    7    1
        0.6413086554636 bend    2    8    1
  24 k  0.2218937914251 bend    7    9    1      val=  -0.22797
        0.2208313565225 bend    8    9    1
       -0.4500097942889 bend    8    7    1
       -0.6804360531148 bend    2    9    1
        0.3421360542583 bend    2    7    1
        0.3455973673882 bend    2    8    1
  25 k  1.0000000000000 bend    3    1    2      val= 112.11994
  26 k -0.0021064395023 bend   12   13    3      val=   0.20276
       -0.5037412989025 bend    2   13    3
        0.5026323781719 bend    2   12    3
        0.4990446851942 bend    4   13    3
       -0.4945253899299 bend    4   12    3
  27 k -0.0049670745476 bend   10   11    2      val=   0.55259
       -0.4943142981097 bend    1   11    2
        0.5033156943068 bend    1   10    2
        0.5010645370140 bend    3   11    2
       -0.5012348196865 bend    3   10    2
  28 k  1.0000000000000 bend    4    2    3      val= 114.09204
        28 non zero eigenvalues  of BmBt
           1           5.766812706    1    0
         1
           2           4.373882605    2    0
         2
           3           3.985310113    3    0
         3
           4           3.578001877    4    0
         4
           5           3.552736040    5    0
         5
           6           2.989063034    6    0
         6
           7           2.656122517    7    0
         7
           8           2.310494130    8    0
         8
           9           1.764206837    9    0
         9
          10           0.882563629   10    0
        10
          11           0.800445378   11    0
        11
          12           0.773247628   12    0
        12
          13           0.757746240   13    0
        13
          14           0.699541838   14    0
        14
          15           0.692373104   15    0
        15
          16           0.558406945   16    0
        16
          17           0.445648027   17    0
        17
          18           0.396924944   18    0
        18
          19           0.327395755   19    0
        19
          20           0.301256343   20    0
        20
          21           0.278956886   21    0
        21
          22           0.253423922   22    0
        22
          23           0.236124367   23    0
        23
          24           0.172057925   24    0
        24
          25           0.056148026   25    0
        25
          26           0.042919087   26    0
        26
          27           0.025138666   27    0
        27
          28           0.010044135   28    0
        28
$user-defined bonds
$end
