$coord
       -2.85407274937564        1.18308377325335        0.50072842580589      C
       -5.00397211064338        1.33508815747285        2.05970590423624      C
       -7.26797402315372        0.20968784766243        1.32254396107145      C
       -7.43794533079419       -1.09350033523624       -0.97620297217093      C
       -5.30246072808732       -1.24402076608993       -2.51937270987414      C
       -3.01588931399688       -0.11962370794653       -1.80756197943397      C
       -0.75233231358337        2.34722199605122        1.45460427216080      O
        1.68734410548132        2.34342015360645        0.13617002349624      C
        2.63902221051871       -0.32908091951101       -0.54571494595698      C
        2.30780779649771       -2.36588215671576        0.95536253516725      C
        1.04934240992712       -2.34917122429171        3.52488763364578      C
        3.13045306425853       -5.01331360292072        0.22019678906528      C
        4.08762608266912       -0.44783454382872       -3.01165558033055      C
        1.42611715635208        4.14976328381024       -2.14008798643701      C
        3.50805154766747        3.54824163789892        2.05190731837748      C
       -4.85112039020924        2.34280263554079        3.84449565198041      H
       -8.90942460848226        0.34923543759777        2.55494877990522      H
       -9.20404761457724       -1.97481684336274       -1.54951899640765      H
       -5.39651500672218       -2.25100075905834       -4.31120986475932      H
       -1.38323439240102       -0.29985642552910       -3.02585577973397      H
       -0.87044867451636       -3.13680253952527        3.37742745079619      H
        0.88903126066181       -0.47998786721787        4.37215494419595      H
        2.11194680684841       -3.58817461337687        4.81279537697928      H
        3.37447942519892       -5.28741001086152       -1.81390988209162      H
        4.91453105036304       -5.52233336963230        1.16518773477861      H
        1.70559915552873       -6.37869002034773        0.86847150521158      H
        5.06670444150751       -2.24415047999862       -3.27790166356413      H
        5.52955477895660        1.04648842495545       -3.07003235571707      H
        2.85139642389663       -0.12902171684338       -4.65410277679800      H
        0.18403299737922        3.39381750843850       -3.60732107790663      H
        3.27372104825721        4.55224429525092       -2.97936349509150      H
        0.61896758224123        5.92543385448296       -1.44729774277770      H
        3.65147632098629        2.38614593857787        3.75503334551250      H
        2.85350827423797        5.44751374541357        2.56675372912834      H
        5.38872331710717        3.69448321228098        1.19373442753666      H
$end
