$coord
   -4.89591871990500     -1.77542322369000     -3.45605945427000      c
   -4.50604045070500     -3.81568175249000     -3.55942889777000      h
   -4.16096814070500     -0.90893339839000     -5.19777799307000      h
   -6.95822809700500     -1.52901173909000     -3.45267073537000      h
   -3.68762281320500     -0.59550016749000     -1.10825852607000      c
   -4.16321307750500      1.43180341631000     -1.02031199477000      h
   -4.50625276380500     -1.45208978249000      0.60615357893000      h
   -0.80751628900500     -0.89931404259000     -1.03765856697000      c
    0.01278883199500     -0.04406076819000     -2.75528734057000      h
   -0.33158784990500     -2.92913506639000     -1.12289565397000      h
    0.40929447089500      0.28022756581000      1.31268705403000      c
   -0.38144301590500     -0.58100891629000      3.03502812943000      h
   -0.03979763740500      2.31269138801000      1.40401988763000      h
    3.26581479609500     -0.05402594449000      1.34009319633000      c
    4.15184501739500      0.90322740881000     -0.28859889927000      h
    3.78867796079500     -2.06400729919000      1.26607400733000      h
    4.34002768739500      0.92045240021000      3.66416624073000      o
    5.77290483149500      3.03786275291000      3.51015785653000      c
    5.98043788549500      3.73781435411000      1.53189824683000      h
    6.71679737349500      4.02411281461000      5.32866986433000      o
$redundant
     number_of_atoms            20
     degrees_of_freedom         54
     internal_coordinates       54
     frozen_coordinates          0
# definitions of redundant internals
   1 k  1.0000000000000 tors    4    1    5    8 val=  59.96636
        1.0000000000000 tors    3    1    5    8
        1.0000000000000 tors    2    1    5    8
   2 k  1.0000000000000 stre    1    4           val=   2.07698
   3 k  1.0000000000000 stre    1    3           val=   2.07955
   4 k  1.0000000000000 stre    1    2           val=   2.07975
   5 k  0.4226100750687 bend    3    4    1      val=   1.58773
        0.4222697685691 bend    2    4    1
        0.4177734203861 bend    2    3    1
       -0.3952602703287 bend    5    4    1
       -0.3951724571328 bend    5    3    1
       -0.3951738655899 bend    5    2    1
   6 k -0.3395207654341 bend    3    4    1      val=   0.09724
       -0.3384502206470 bend    2    4    1
        0.6835400669323 bend    2    3    1
       -0.4500791850567 bend    5    4    1
        0.2237720658362 bend    5    3    1
        0.2242874597727 bend    5    2    1
   7 k -0.6395343693578 bend    3    4    1      val=   0.00278
        0.6403296605805 bend    2    4    1
       -0.0004619417114 bend    2    3    1
        0.0003146438425 bend    5    4    1
       -0.3010625013448 bend    5    3    1
        0.3005574389100 bend    5    2    1
   8 k  0.2239497894653 bend    3    4    1      val=  -0.01271
        0.2237825747544 bend    2    4    1
       -0.4502386677630 bend    2    3    1
       -0.6807600269233 bend    5    4    1
        0.3415946610229 bend    5    3    1
        0.3419530178106 bend    5    2    1
   9 k  0.3007224094750 bend    3    4    1      val=   0.00751
       -0.3008977140760 bend    2    4    1
        0.0000933068804 bend    2    3    1
        0.0002501337894 bend    5    4    1
       -0.6399733232041 bend    5    3    1
        0.6398911410681 bend    5    2    1
  10 k  1.0000000000000 stre    5    7           val=   2.08401
  11 k  1.0000000000000 stre    5    6           val=   2.08420
  12 k  0.0119789166558 bend    6    7    5      val=   0.19765
       -0.5009220602877 bend    1    7    5
       -0.5006926804532 bend    1    6    5
        0.4990055030762 bend    8    7    5
        0.4992333549686 bend    8    6    5
  13 k -0.0001619283085 bend    6    7    5      val=   0.00450
        0.5054890340954 bend    1    7    5
       -0.5055712134886 bend    1    6    5
        0.4945977003966 bend    8    7    5
       -0.4942182443441 bend    8    6    5
  14 k  0.9061190280225 bend    6    7    5      val=   2.02247
       -0.2054302446089 bend    1    7    5
       -0.2058653472625 bend    1    6    5
       -0.2172244835969 bend    8    7    5
       -0.2172088952553 bend    8    6    5
  15 k -0.0001765962111 bend    6    7    5      val=   0.01793
        0.4944821264644 bend    1    7    5
       -0.4943337906896 bend    1    6    5
       -0.5054554051828 bend    8    7    5
        0.5056049170795 bend    8    6    5
  16 k  1.0000000000000 stre    8   10           val=   2.08661
  17 k  1.0000000000000 stre    8    9           val=   2.08677
  18 k  0.0092816617614 bend    9   10    8      val=   0.16040
        0.4994289288669 bend    5   10    8
        0.4993805810475 bend    5    9    8
       -0.4998056744111 bend   11   10    8
       -0.5012962386304 bend   11    9    8
  19 k  0.0014252561888 bend    9   10    8      val=   0.05352
        0.4958154290820 bend    5   10    8
       -0.4964736347702 bend    5    9    8
        0.5042836233361 bend   11   10    8
       -0.5033656584851 bend   11    9    8
  20 k  0.9064864411820 bend    9   10    8      val=   2.15117
       -0.2157570609067 bend    5   10    8
       -0.2152780807661 bend    5    9    8
       -0.2076199960443 bend   11   10    8
       -0.2056222454071 bend   11    9    8
  21 k -0.0005852729976 bend    9   10    8      val=   0.06015
        0.5044384628820 bend    5   10    8
       -0.5032129277489 bend    5    9    8
       -0.4962526940757 bend   11   10    8
        0.4960357926498 bend   11    9    8
  22 k  1.0000000000000 stre   11   12           val=   2.08169
  23 k  1.0000000000000 stre   11   13           val=   2.08349
  24 k  0.0242973558243 bend   13   12   11      val=   0.45753
        0.4970732973385 bend   14   12   11
        0.5001578963157 bend   14   13   11
       -0.5017503990689 bend    8   12   11
       -0.5004162181227 bend    8   13   11
  25 k  0.0003116980385 bend   13   12   11      val=   0.09798
        0.4944571920323 bend   14   12   11
       -0.4908749948580 bend   14   13   11
        0.5068226855828 bend    8   12   11
       -0.5076263319545 bend    8   13   11
  26 k  0.9031170289957 bend   13   12   11      val=   1.36508
       -0.2267022369465 bend   14   12   11
       -0.2250800693706 bend   14   13   11
       -0.2017345581387 bend    8   12   11
       -0.2040290619647 bend    8   13   11
  27 k -0.0015492540699 bend   13   12   11      val=   0.16801
       -0.5069886620816 bend   14   12   11
        0.5074607997942 bend   14   13   11
        0.4937694867866 bend    8   12   11
       -0.4915641635873 bend    8   13   11
  28 k  1.0000000000000 stre   14   16           val=   2.07819
  29 k  1.0000000000000 stre   14   15           val=   2.08663
  30 k  0.0709751449427 bend   15   16   14      val=   1.54638
        0.4784288799734 bend   17   16   14
        0.5138721301171 bend   17   15   14
       -0.5024632795775 bend   11   16   14
       -0.4995342052081 bend   11   15   14
  31 k  0.0219688136177 bend   15   16   14      val=   1.04187
        0.5009794691038 bend   17   16   14
       -0.4770694500429 bend   17   15   14
        0.5049404883735 bend   11   16   14
       -0.5157293726380 bend   11   15   14
  32 k  0.8957233157667 bend   15   16   14      val=   0.50660
       -0.2675242574858 bend   17   16   14
       -0.2380188444925 bend   17   15   14
       -0.1875440159586 bend   11   16   14
       -0.1851615105609 bend   11   15   14
  33 k -0.0116627721036 bend   15   16   14      val=   1.39719
       -0.5129882058024 bend   17   16   14
        0.5073993305669 bend   17   15   14
        0.5023662386460 bend   11   16   14
       -0.4763204405265 bend   11   15   14
  34 k  1.0000000000000 tors   20   18   17   14 val=  88.56568
        1.0000000000000 tors   19   18   17   14
  35 k  1.0000000000000 stre   18   20           val=   2.27390
  36 k  1.0000000000000 stre   18   19           val=   2.10868
  37 k  0.8156478805309 bend   19   20   18      val=   3.52673
       -0.3755639059935 bend   17   20   18
       -0.4400798649113 bend   17   19   18
  38 k -0.0372356065644 bend   19   20   18      val=   4.78607
        0.7250074514237 bend   17   20   18
       -0.6877337457068 bend   17   19   18
  39 k  1.0000000000000 outp   20   17   19   18 val=   0.31938
  40 k  1.0000000000000 tors    1    5    8   11 val= 180.01493
  41 k  1.0000000000000 stre    5    1           val=   2.89212
  42 k  1.0000000000000 bend    8    1    5      val= 113.10128
  43 k  1.0000000000000 tors   18   17   14   11 val= 249.19628
  44 k  1.0000000000000 stre   17   18           val=   2.56130
  45 k  1.0000000000000 bend   14   18   17      val= 117.54337
  46 k  1.0000000000000 tors    5    8   11   14 val= 179.83394
  47 k  1.0000000000000 stre    8    5           val=   2.89695
  48 k  1.0000000000000 bend   11    5    8      val= 113.23934
  49 k  1.0000000000000 tors   17   14   11    8 val= 184.02707
  50 k  1.0000000000000 stre   14   17           val=   2.73950
  51 k  1.0000000000000 bend   11   17   14      val= 110.86636
  52 k  1.0000000000000 stre   11   14           val=   2.87614
  53 k  1.0000000000000 stre   11    8           val=   2.89760
  54 k  1.0000000000000 bend    8   14   11      val= 112.17851
        54 non zero eigenvalues  of BmBt
           1           5.143228453    1    0
         1
           2           4.406818500    2    0
         2
           3           4.299560189    3    0
         3
           4           4.004305762    4    0
         4
           5           3.820613173    5    0
         5
           6           3.787948437    6    0
         6
           7           3.663271569    7    0
         7
           8           3.513366294    8    0
         8
           9           3.268910291    9    0
         9
          10           3.096885854   10    0
        10
          11           2.969408651   11    0
        11
          12           2.880184389   12    0
        12
          13           2.669586366   13    0
        13
          14           2.440150879   14    0
        14
          15           2.344422646   15    0
        15
          16           2.290901011   16    0
        16
          17           2.057552032   17    0
        17
          18           1.448146782   18    0
        18
          19           1.246601750   19    0
        19
          20           1.120065467   20    0
        20
          21           0.877213199   21    0
        21
          22           0.870578771   22    0
        22
          23           0.788932813   23    0
        23
          24           0.775231698   24    0
        24
          25           0.763293821   25    0
        25
          26           0.748701403   26    0
        26
          27           0.747872219   27    0
        27
          28           0.735208964   28    0
        28
          29           0.685871457   29    0
        29
          30           0.679979349   30    0
        30
          31           0.636057046   31    0
        31
          32           0.531508518   32    0
        32
          33           0.450262856   33    0
        33
          34           0.412611594   34    0
        34
          35           0.396965671   35    0
        35
          36           0.359451128   36    0
        36
          37           0.343525059   37    0
        37
          38           0.314992261   38    0
        38
          39           0.307521579   39    0
        39
          40           0.288565202   40    0
        40
          41           0.268686405   41    0
        41
          42           0.256739020   42    0
        42
          43           0.244153418   43    0
        43
          44           0.170564186   44    0
        44
          45           0.155812256   45    0
        45
          46           0.112508921   46    0
        46
          47           0.085621666   47    0
        47
          48           0.078451490   48    0
        48
          49           0.055325464   49    0
        49
          50           0.042799808   50    0
        50
          51           0.038913471   51    0
        51
          52           0.027408755   52    0
        52
          53           0.014840674   53    0
        53
          54           0.008302029   54    0
        54
$user-defined bonds
$end
