$coord
    4.54683658000000     -0.26763333282353      0.20435863652941      c
    1.82022464700000     -0.63025474282353     -0.64483509047059      c
    0.06951257000000      1.38191037417647      0.44196900352941      c
   -2.65282480200000      1.20196310617647     -0.49351906147059      c
   -3.97814633100000     -1.22854577082353      0.30336705052941      c
    5.78579574100000     -1.71523714082353     -0.57243590847059      h
   -2.67069405100000      1.35818108517647     -2.55232261547059      h
   -3.71674998300000      2.81718372017647      0.22213339952941      h
    4.68788950700000     -0.35075104082353      2.25762340452941      h
    5.26247392300000      1.56789909617647     -0.39611313447059      h
    0.83039940200000      3.24218309517647     -0.03388289847059      h
    0.09049797700000      1.25489055217647      2.50573875752941      h
    1.71690198900000     -0.56914856282353     -2.70674157447059      h
    1.17295192200000     -2.50415805782353     -0.08107313547059      h
   -5.95288731400000     -1.22411058382353     -0.27500248547059      h
   -3.09085194800000     -2.88600364982353     -0.53089595147059      h
   -3.92132982900000     -1.44836814682353      2.35163160352941      h
$redundant
     number_of_atoms            17
     degrees_of_freedom         45
     internal_coordinates       45
     frozen_coordinates          0
# definitions of redundant internals
   1 k  1.0000000000000 tors    6    1    2    3 val=  59.82030
        1.0000000000000 tors   10    1    2    3
        1.0000000000000 tors    9    1    2    3
   2 k  1.0000000000000 stre    1    6           val=   2.05767
   3 k  1.0000000000000 stre    1   10           val=   2.05958
   4 k  1.0000000000000 stre    1    9           val=   2.05978
   5 k  0.4266001308111 bend   10    6    1      val=   1.43405
        0.4242033557304 bend    9    6    1
        0.4077337935113 bend    9   10    1
       -0.3946599030049 bend    2    6    1
       -0.3973707356568 bend    2   10    1
       -0.3976896458441 bend    2    9    1
   6 k -0.3321671212637 bend   10    6    1      val=   0.44303
       -0.3347791694795 bend    9    6    1
        0.6906829986068 bend    9   10    1
       -0.4504466795807 bend    2    6    1
        0.2219052263604 bend    2   10    1
        0.2200017409890 bend    2    9    1
   7 k -0.6417139514898 bend   10    6    1      val=   0.05707
        0.6419141224937 bend    9    6    1
        0.0026478458577 bend    9   10    1
       -0.0011040216194 bend    2    6    1
       -0.2968077439445 bend    2   10    1
        0.2967261312889 bend    2    9    1
   8 k  0.2217630638395 bend   10    6    1      val=  -0.22849
        0.2209652129338 bend    9    6    1
       -0.4500130087287 bend    9   10    1
       -0.6804359724179 bend    2    6    1
        0.3422873086274 bend    2   10    1
        0.3454418850645 bend    2    9    1
   9 k  0.2959762649824 bend   10    6    1      val=   0.00364
       -0.2975599963038 bend    9    6    1
        0.0011915938489 bend    9   10    1
        0.0016150857405 bend    2    6    1
       -0.6422153338567 bend    2   10    1
        0.6414137009203 bend    2    9    1
  10 k  1.0000000000000 stre    4    8           val=   2.06229
  11 k  1.0000000000000 stre    4    7           val=   2.06480
  12 k  0.0079299030020 bend    7    8    4      val=   0.13219
       -0.4983927738820 bend    5    8    4
       -0.5027182330282 bend    5    7    4
        0.4994221758516 bend    3    8    4
        0.4993932598957 bend    3    7    4
  13 k  0.0026554330146 bend    7    8    4      val=   0.20704
        0.5057399510031 bend    5    8    4
       -0.5015939914281 bend    5    7    4
        0.4961591545725 bend    3    8    4
       -0.4964369161655 bend    3    7    4
  14 k  0.9065481307326 bend    7    8    4      val=   2.44856
       -0.2090346032423 bend    5    8    4
       -0.2053244315713 bend    5    7    4
       -0.2145823753772 bend    3    8    4
       -0.2151076551168 bend    3    7    4
  15 k -0.0016405911205 bend    7    8    4      val=   0.17134
       -0.4966564066248 bend    5    8    4
        0.4959364225739 bend    5    7    4
        0.5054585991709 bend    3    8    4
       -0.5018848388904 bend    3    7    4
  16 k  1.0000000000000 stre    3   11           val=   2.06543
  17 k  1.0000000000000 stre    3   12           val=   2.06778
  18 k  0.0083836947564 bend   12   11    3      val=   0.15194
        0.4970996215821 bend    2   11    3
        0.5019322908240 bend    2   12    3
       -0.5006924949988 bend    4   11    3
       -0.5001926436536 bend    4   12    3
  19 k  0.0031737289416 bend   12   11    3      val=   0.21572
        0.4990411239205 bend    2   11    3
       -0.4946729710712 bend    2   12    3
        0.5026697125827 bend    4   11    3
       -0.5035570432676 bend    4   12    3
  20 k  0.9081718694268 bend   12   11    3      val=   3.05200
       -0.2157018281142 bend    2   11    3
       -0.2108181106189 bend    2   12    3
       -0.2049545212922 bend    4   11    3
       -0.2055381846934 bend    4   12    3
  21 k -0.0022134927531 bend   12   11    3      val=   0.21410
       -0.5032908609533 bend    2   11    3
        0.5029299959081 bend    2   12    3
        0.4988460862066 bend    4   11    3
       -0.4948812092037 bend    4   12    3
  22 k  1.0000000000000 stre    2   14           val=   2.06114
  23 k  1.0000000000000 stre    2   13           val=   2.06540
  24 k  0.0020910192722 bend   13   14    2      val=   0.03535
       -0.4987350659445 bend    1   14    2
       -0.5015672824202 bend    1   13    2
        0.5057310073901 bend    3   14    2
        0.4938880146405 bend    3   13    2
  25 k  0.0139582955197 bend   13   14    2      val=   0.19084
       -0.5065587750807 bend    1   14    2
        0.4954136416905 bend    1   13    2
       -0.4971557676040 bend    3   14    2
        0.5006044743507 bend    3   13    2
  26 k  0.9032553947823 bend   13   14    2      val=   1.30342
       -0.2094070389948 bend    1   14    2
       -0.2172368302984 bend    1   13    2
       -0.2051480409521 bend    3   14    2
       -0.2258336216586 bend    3   13    2
  27 k -0.0050327453950 bend   13   14    2      val=   0.56031
       -0.4944970403214 bend    1   14    2
        0.5034822317119 bend    1   13    2
        0.5009602122378 bend    3   14    2
       -0.5009908748592 bend    3   13    2
  28 k  1.0000000000000 tors   16    5    4    3 val=  55.81338
        1.0000000000000 tors   15    5    4    3
        1.0000000000000 tors   17    5    4    3
  29 k  1.0000000000000 stre    5   16           val=   2.05681
  30 k  1.0000000000000 stre    5   15           val=   2.05770
  31 k  1.0000000000000 stre    5   17           val=   2.06081
  32 k  0.4224178313319 bend   15   16    5      val=   1.49430
        0.4210297653017 bend   17   16    5
        0.4167783313539 bend   17   15    5
       -0.3967348522154 bend    4   16    5
       -0.3969818082661 bend    4   15    5
       -0.3944614505375 bend    4   17    5
  33 k -0.3588538279025 bend   15   16    5      val=   0.01860
        0.6851508982865 bend   17   16    5
       -0.3281009084759 bend   17   15    5
        0.2133776587264 bend    4   16    5
       -0.4420651398541 bend    4   15    5
        0.2306303482120 bend    4   17    5
  34 k -0.6290258077083 bend   15   16    5      val=   0.43238
       -0.0157900706988 bend   17   16    5
        0.6528075921896 bend   17   15    5
       -0.3022593381174 bend    4   16    5
        0.0091573790801 bend    4   15    5
        0.2940661310199 bend    4   17    5
  35 k -0.2442162822286 bend   15   16    5      val=   0.09504
        0.4420560243316 bend   17   16    5
       -0.1968294701852 bend   17   15    5
       -0.2965331464806 bend    4   16    5
        0.6840166306780 bend    4   15    5
       -0.3878045648357 bend    4   17    5
  36 k -0.2804376261407 bend   15   16    5      val=   0.44068
       -0.0294041907704 bend   17   16    5
        0.3142527459190 bend   17   15    5
        0.6637680931559 bend    4   16    5
       -0.0517285378231 bend    4   15    5
       -0.6152003088222 bend    4   17    5
  37 k  1.0000000000000 tors    1    2    3    4 val= 176.18262
  38 k  1.0000000000000 stre    2    1           val=   2.87872
  39 k  1.0000000000000 bend    3    1    2      val= 112.11253
  40 k  1.0000000000000 tors    5    4    3    2 val=  63.99931
  41 k  1.0000000000000 stre    4    5           val=   2.88078
  42 k  1.0000000000000 bend    3    5    4      val= 113.40041
  43 k  1.0000000000000 stre    3    2           val=   2.88009
  44 k  1.0000000000000 stre    3    4           val=   2.88421
  45 k  1.0000000000000 bend    4    2    3      val= 114.06480
        45 non zero eigenvalues  of BmBt
           1           6.008827974    1    0
         1
           2           4.702413792    2    0
         2
           3           4.235339467    3    0
         3
           4           4.131050067    4    0
         4
           5           3.754553164    5    0
         5
           6           3.651268506    6    0
         6
           7           3.315170791    7    0
         7
           8           3.147709455    8    0
         8
           9           3.112067901    9    0
         9
          10           2.784206382   10    0
        10
          11           2.632245665   11    0
        11
          12           2.364396331   12    0
        12
          13           2.335445220   13    0
        13
          14           1.994974102   14    0
        14
          15           1.584482122   15    0
        15
          16           0.884059375   16    0
        16
          17           0.881324986   17    0
        17
          18           0.816102147   18    0
        18
          19           0.776513205   19    0
        19
          20           0.763352277   20    0
        20
          21           0.747071406   21    0
        21
          22           0.709787101   22    0
        22
          23           0.694499563   23    0
        23
          24           0.692281533   24    0
        24
          25           0.691728500   25    0
        25
          26           0.647600712   26    0
        26
          27           0.512092736   27    0
        27
          28           0.456575473   28    0
        28
          29           0.432666817   29    0
        29
          30           0.407190122   30    0
        30
          31           0.364628968   31    0
        31
          32           0.316340738   32    0
        32
          33           0.308429200   33    0
        33
          34           0.279559361   34    0
        34
          35           0.267176963   35    0
        35
          36           0.265096946   36    0
        36
          37           0.251438871   37    0
        37
          38           0.212790349   38    0
        38
          39           0.174681916   39    0
        39
          40           0.165695988   40    0
        40
          41           0.085998877   41    0
        41
          42           0.052249468   42    0
        42
          43           0.037089318   43    0
        43
          44           0.024994144   44    0
        44
          45           0.016713815   45    0
        45
$user-defined bonds
$end
