$coord
       -1.66663461751514        4.69801995451515       -0.23342708627274      N
        0.68566605948486        3.57425093051514       -0.27909609427273      C
        0.43708394348485        0.98493515051514       -0.21886296727272      C
       -2.23089357051515        0.48198835751514       -0.13281807427273      C
       -3.64582779551515       -1.75629948148485       -0.04559777127272      C
       -6.26682105251514       -1.59892121148484        0.02342447072727      C
       -7.49908302451515        0.77017912951516        0.00780021572727      C
       -6.12169387551515        3.00766761451516       -0.07658738727274      C
       -3.49170363351515        2.84462016651515       -0.14609717827273      C
       -1.98616082651515        6.56577599051515       -0.27714211727273      H
        2.36347439848486        4.72588396451515       -0.35348137827273      H
       -2.76131319951515       -3.59953254348486       -0.02850142027273      H
       -9.53426122451515        0.87892719151516        0.06175756272728      H
       -7.08807140151514        4.81030369351516       -0.08691096027272      H
       -7.52348316651516       -3.86457228348485        0.10593368672728      O
      -10.19885139951516       -3.77073226948485        0.18226538872727      C
      -10.97274143551514       -2.85835177448485       -1.49964554427272      H
      -10.87407695251515       -2.78700516948486        1.86644966272727      H
      -10.82707757651515       -5.72328787048486        0.24201285572727      H
        2.48306381748484       -0.97167013248485       -0.22491953927274      C
        5.12705881948485        0.14946083351515       -0.44807917127273      C
        6.99725260148486       -1.86113770048484       -0.45156760527272      N
        9.53719173148485       -1.60785583648485       -0.01776021727273      C
       10.39023861048485        0.89431334051516        1.08295225972726      C
        2.17218499448484       -2.27936807748485       -1.79891200127273      H
        2.38954505748485       -2.10311522348485        1.50158136872728      H
        5.47774472048485        1.38756205951515        1.15822760472727      H
        5.24495126448484        1.29848604551515       -2.16567569027272      H
        6.54517345348485       -3.47530762648484       -1.35946945027274      H
       11.01155594948484       -3.33130483648485       -0.45206082427273      O
        9.48202685048485        1.24728391951515        2.89773171672726      H
        9.92224229948485        2.45681248851515       -0.17570162627274      H
       12.42224018048485        0.81199120651515        1.34217731172728      H
$end
