$coord
    2.05695654755627      2.56273650230969     -2.80850957207424       c
    4.44406723465479      2.85410430177238     -1.60842663925686       c
    5.41200736853925      0.20640749656678     -1.07067234456589       c
    3.53522766301385     -1.48716647436216     -1.98436538314338       c
    1.64069848043408     -0.03780170304577     -3.15152417009434       c
   -3.99326204088764     -3.46263178182613     -2.27486526057951       c
   -1.32543364600046     -3.38646560733135     -2.60605258251926       c
   -0.69052770264846     -0.94919679137631     -3.45464834997192       c
   -2.80033507064076      0.66471099534572     -3.44005002647879       c
   -4.95711600173502     -0.81763786365726     -2.83598675371802       c
    0.06116752225793      4.31799477677244     -2.87034840370754       c
   -2.54474918945454      3.30193326601946     -3.21639330536352       c
    3.09425693827807     -3.98428509547830     -1.18700098528739       c
    0.48262472886624     -4.99712763525788     -1.50690624020000       c
   -7.17189165493840      0.51143588350161     -2.43893578615757       c
   -7.08547256573220      3.18230746175406     -2.53693995402365       c
   -4.86315017477662      4.56215854742566     -2.82695673146597       c
    0.77256603526248      6.75796009092607     -2.06189831739826       c
    3.20059708229582      7.19461803124766     -1.14589382864757       c
    5.02682411057495      5.27231278130204     -0.81122879812240       c
   -4.93261276929423     -5.59734979898305     -1.09514570270828       c
   -3.19565415879811     -7.44500805714345     -0.24790040502808       c
   -0.58256718136023     -7.16085372773241     -0.36579542996705       c
    5.08045963268053     -4.98608773822023      0.28479806407705       c
    7.10895774698979     -3.46499918619825      0.98754953928748       c
    7.27040524665016     -0.85473934992900      0.42862257032764       c
   -8.93093823357771     -0.41297436876806     -1.95008799647659       h
   -8.82641914247350      4.21173266634864     -2.22577037322648       h
   -4.93445005330455      6.59869241444156     -2.64163573878820       h
   -0.58031371248772      8.29293937966148     -2.04502477501897       h
    3.67466497851929      9.08339353118710     -0.51705587151899       h
    6.77608545625024      5.71760150697748      0.15237041301169       h
   -6.92419279848390     -5.84998690218823     -0.69621732786931       h
   -3.94539314260838     -9.11148687390736      0.67275825455901       h
    0.60624315962402     -8.56676624238680      0.52649043359598       h
    5.00696882269508     -6.90975288830988      0.97842244313244       h
    8.57960702263959     -4.29486495530193      2.14265423076862       h
    8.77022794893082      0.25627582525993      1.26689364583985       h
$end
