$coord
        0.00000000000000        0.00000000000000        0.00000000000000      C
       -1.66575954075487       -1.66575954075487       -1.66575954075487      C
       -2.87580859497625       -0.51728835219107       -2.87580859497625      H
       -0.51728835219107       -2.87580859497625       -2.87580859497625      H
       -2.87580859497625       -2.87580859497625       -0.51728835219107      H
        1.66575954075487        1.66575954075487       -1.66575954075487      C
        2.87580859497625        2.87580859497625       -0.51728835219107      H
        2.87580859497625        0.51728835219107       -2.87580859497625      H
        0.51728835219107        2.87580859497625       -2.87580859497625      H
        1.66575954075487       -1.66575954075487        1.66575954075487      C
        2.87580859497625       -0.51728835219107        2.87580859497625      H
        2.87580859497625       -2.87580859497625        0.51728835219107      H
        0.51728835219107       -2.87580859497625        2.87580859497625      H
       -1.66575954075487        1.66575954075487        1.66575954075487      C
       -2.87580859497625        0.51728835219107        2.87580859497625      H
       -0.51728835219107        2.87580859497625        2.87580859497625      H
       -2.87580859497625        2.87580859497625        0.51728835219107      H
$end
