$coord
    1.53248730207617      4.74050323062001      0.50023273401156      h
    1.51657013438942      2.69376106836529      0.31823315904888      c
    1.51655879602944     -2.69376083214945     -0.31822489149473      c
   -0.75812219637790      1.34064307795202     -0.02678935572151      c
    3.74536478395340      1.32739798376748      0.19988524729322      c
    3.74535722504675     -1.32740719618496     -0.19988264891906      c
   -0.75812597583123     -1.34063528282953      0.02681463081562      c
   -3.28872698109779      2.08823784330334     -0.57202652076415      c
    5.54647838475840      2.30530318623411      0.33913542567397      h
    5.54646893612508     -2.30531806783159     -0.33915172456645      h
   -4.17373511051292     -1.35039005186657      2.26091752257741      h
    1.53246840480953     -4.74050110467751     -0.50023391509073      h
   -4.17372755160627      1.35036950108911     -2.26090547556994      h
   -4.12028419183553      3.83818142551380      0.14257550676894      h
   -4.12029553019551     -3.83815851257800     -0.14260503374807      h
   -3.28873642973110     -2.08822626872752      0.57202533968498      c
$user-defined bonds
$redundant
     number_of_atoms            16
     degrees_of_freedom         42
     internal_coordinates       42
     frozen_coordinates          0
# definitions of redundant internals
   1 k  1.0000000000000 stre    2    1           val=   2.05488
   2 k  0.7071337148408 bend    5    1    2      val=  -0.18110
       -0.7070798465063 bend    4    1    2
   3 k  1.0000000000000 outp    1    4    5    2 val=  -4.55693
   4 k  1.0000000000000 stre    5    9           val=   2.05419
   5 k  0.7071220045393 bend    2    9    5      val=   0.47131
       -0.7070915575060 bend    6    9    5
   6 k  1.0000000000000 outp    9    6    2    5 val=   2.16777
   7 k  1.0000000000000 stre    6   10           val=   2.05419
   8 k  0.7071219998540 bend    3   10    6      val=   0.47137
       -0.7070915621916 bend    5   10    6
   9 k  1.0000000000000 outp   10    5    3    6 val=   2.16738
  10 k  1.0000000000000 tors   11   16    7    3 val=  44.97962
        1.0000000000000 tors   11   16    7    4
        1.0000000000000 tors   15   16    7    3
        1.0000000000000 tors   15   16    7    4
  11 k  1.0000000000000 stre   16   11           val=   2.04450
  12 k  1.0000000000000 stre   16   15           val=   2.06505
  13 k  0.8167230953642 bend   15   11   16      val=  -2.88913
       -0.4134354474643 bend    7   11   16
       -0.4025351118581 bend    7   15   16
  14 k  0.0211692379204 bend   15   11   16      val=   9.13100
       -0.6756608919457 bend    7   11   16
        0.7369085577336 bend    7   15   16
  15 k  1.0000000000000 outp   15   11    7   16 val= -20.09886
  16 k  1.0000000000000 stre    3   12           val=   2.05488
  17 k  0.7071337138962 bend    6   12    3      val=  -0.18114
       -0.7070798474510 bend    7   12    3
  18 k  1.0000000000000 outp   12    7    6    3 val=  -4.55690
  19 k  1.0000000000000 tors   13    8    4    2 val=  44.98008
        1.0000000000000 tors   13    8    4    7
        1.0000000000000 tors   14    8    4    2
        1.0000000000000 tors   14    8    4    7
  20 k  1.0000000000000 stre    8   13           val=   2.04450
  21 k  1.0000000000000 stre    8   14           val=   2.06505
  22 k  0.8167230685864 bend   14   13    8      val=  -2.88912
       -0.4134343302420 bend    4   13    8
       -0.4025363136614 bend    4   14    8
  23 k  0.0211693755502 bend   14   13    8      val=   9.13067
       -0.6756628434128 bend    4   13    8
        0.7369067645029 bend    4   14    8
  24 k  1.0000000000000 outp   14   13    4    8 val= -20.09834
  25 k  1.0000000000000 stre    4    8           val=   2.69447
  26 k  0.7073610362696 bend    2    8    4      val=  13.52309
       -0.7068524346479 bend    7    8    4
  27 k  1.0000000000000 outp    8    7    2    4 val=  -2.44206
  28 k  1.0000000000000 stre    7   16           val=   2.69446
  29 k  0.7073608300974 bend    3   16    7      val=  13.52300
       -0.7068526409684 bend    4   16    7
  30 k  1.0000000000000 outp   16    4    3    7 val=  -2.44107
  31 k  1.0000000000000 stre    2    5           val=   2.61696
  32 k  1.0000000000000 stre    5    6           val=   2.68474
  33 k  1.0000000000000 stre    6    3           val=   2.61696
  34 k  1.0000000000000 stre    3    7           val=   2.66912
  35 k  1.0000000000000 stre    7    4           val=   2.68181
  36 k  1.0000000000000 stre    4    2           val=   2.66912
  37 k -0.5000000000000 bend    2    6    5      val=  -1.91309
       -0.5000000000000 bend    5    3    6
        1.0000000000000 bend    6    7    3
       -0.5000000000000 bend    3    4    7
       -0.5000000000000 bend    7    2    4
        1.0000000000000 bend    4    5    2
  38 k  0.8660254037844 bend    2    6    5      val=  -0.00002
       -0.8660254037844 bend    5    3    6
        0.8660254037844 bend    3    4    7
       -0.8660254037844 bend    7    2    4
  39 k -1.0000000000000 bend    2    6    5      val=   0.00002
        1.0000000000000 bend    5    3    6
       -1.0000000000000 bend    6    7    3
        1.0000000000000 bend    3    4    7
       -1.0000000000000 bend    7    2    4
        1.0000000000000 bend    4    5    2
  40 k -0.5000000000000 tors    5    6    3    7 val=  -8.56387
       -0.5000000000000 tors    6    3    7    4
        1.0000000000000 tors    3    7    4    2
       -0.5000000000000 tors    7    4    2    5
       -0.5000000000000 tors    4    2    5    6
        1.0000000000000 tors    2    5    6    3
  41 k  0.8660254037844 tors    5    6    3    7 val=  -0.00014
       -0.8660254037844 tors    6    3    7    4
        0.8660254037844 tors    7    4    2    5
       -0.8660254037844 tors    4    2    5    6
  42 k -1.0000000000000 tors    5    6    3    7 val=   6.92876
        1.0000000000000 tors    6    3    7    4
       -1.0000000000000 tors    3    7    4    2
        1.0000000000000 tors    7    4    2    5
       -1.0000000000000 tors    4    2    5    6
        1.0000000000000 tors    2    5    6    3
        42 non zero eigenvalues  of BmBt
           1          10.703573766    1    0
         1
           2           5.807517269    2    0
         2
           3           5.114464501    3    0
         3
           4           4.458908213    4    0
         4
           5           4.458779287    5    0
         5
           6           3.889805824    6    0
         6
           7           3.832373923    7    0
         7
           8           3.773949124    8    0
         8
           9           3.581445883    9    0
         9
          10           3.135707487   10    0
        10
          11           3.078455135   11    0
        11
          12           2.873749950   12    0
        12
          13           2.853223198   13    0
        13
          14           2.332459309   14    0
        14
          15           2.331469579   15    0
        15
          16           2.112664971   16    0
        16
          17           1.753840538   17    0
        17
          18           1.738919563   18    0
        18
          19           1.486964517   19    0
        19
          20           1.258652485   20    0
        20
          21           1.186918604   21    0
        21
          22           0.999329381   22    0
        22
          23           0.951277962   23    0
        23
          24           0.873905658   24    0
        24
          25           0.850121014   25    0
        25
          26           0.601619498   26    0
        26
          27           0.547528244   27    0
        27
          28           0.444809524   28    0
        28
          29           0.383422222   29    0
        29
          30           0.375001247   30    0
        30
          31           0.365392987   31    0
        31
          32           0.326049202   32    0
        32
          33           0.318824604   33    0
        33
          34           0.260873208   34    0
        34
          35           0.234417124   35    0
        35
          36           0.164828075   36    0
        36
          37           0.130715019   37    0
        37
          38           0.124340581   38    0
        38
          39           0.097178150   39    0
        39
          40           0.059809353   40    0
        40
          41           0.043153348   41    0
        41
          42           0.021070940   42    0
        42
$end
