$coord
        2.30002309291255        0.00016318163103       -1.39328096341210      C
        4.21916859372881        0.00033016728075        0.40912566808550      C
        3.63811981269894        0.00024587037743        2.97726248868113      C
        1.11968565989220        0.00033662069550        3.74535756987901      C
       -0.81834437872686        0.00013275326084        1.96298475848536      C
        2.73689415093862       -0.00003839545557       -3.38787334544680      H
        6.16926311074256        0.00019356842725       -0.20229948543181      H
        5.13456348817391       -0.00004374904970        4.36760884913833      H
        0.65329249330511        0.00020693823964        5.73519283093582      H
       -2.77506557758382       -0.00017613570367        2.54654763683160      H
       -0.20991403861853       -0.00020548126079       -0.59868573108837      C
       -2.82278969833211       -0.00330279341518       -3.03577473844810      Br
       -7.15268448368228        0.00163835854214       -6.88166368257459      O
       -9.33998017822681        0.05758514067753       -6.16528105148944      C
       -9.95560359834355        0.05813398706639       -3.37289725072588      C
      -11.47973436948735        0.12768955257927       -8.06176468817900      C
      -11.24278523795899        1.78411921124798       -9.25839573864933      H
      -11.33458508158687       -1.52557835049447       -9.27728119674876      H
      -13.33447665254068        0.17409754521643       -7.18759592298864      H
      -11.97023143131585        0.11126762083516       -2.99154225144744      H
       -9.13548957613091       -1.62319215388868       -2.51638406829368      H
       -9.04447757822511        1.68163296633862       -2.49703687640067      H
$end
