$coord
    0.00000000000000      0.00000000000000      0.54623260629344      c
    0.00000000000000      2.41120996430000     -1.03825217830656      c
    0.00000000000000     -2.41120996430000     -1.03825217830656      c
    0.00000000000000      4.80635536240000      0.56912097569344      c
    0.00000000000000     -4.80635536240000      0.56912097569344      c
    1.66055762133208      0.00000000000000      1.79243175177463      h
   -1.66055762133208      0.00000000000000      1.79243175177463      h
    1.65919890778591      2.40738515760000     -2.28187751612536      h
   -1.65919890778591      2.40738515760000     -2.28187751612536      h
    1.65919890778591     -2.40738515760000     -2.28187751612536      h
   -1.65919890778591     -2.40738515760000     -2.28187751612536      h
    1.67056561373201      4.87530203970000      1.78651123817451      h
   -1.67056561373201      4.87530203970000      1.78651123817451      h
    0.00000000000000      6.50749297400000     -0.60568429640656      h
    1.67056561373201     -4.87530203970000      1.78651123817451      h
   -1.67056561373201     -4.87530203970000      1.78651123817451      h
    0.00000000000000     -6.50749297400000     -0.60568429640656      h
$user-defined bonds
$redundant
     number_of_atoms            17
     degrees_of_freedom         14
     internal_coordinates       14
     frozen_coordinates          0
# definitions of redundant internals
   1 k  1.0000000000000 stre    2    4           val=   2.88451
   2 k  1.0000000000000 stre    4   14           val=   2.06737
   3 k  0.4230105416790 bend   12   14    4      val=   1.41052
        0.4230105416790 bend   13   14    4
        0.4119915372792 bend   13   12    4
       -0.3956297238536 bend    2   14    4
       -0.3974067551456 bend    2   12    4
       -0.3974067551456 bend    2   13    4
   4 k  1.0000000000000 stre    1    7           val=   2.07617
   5 k  1.0000000000000 stre    2    8           val=   2.07354
   6 k  1.0000000000000 stre    4   12           val=   2.06823
   7 k  1.0000000000000 stre    1    2           val=   2.88523
   8 k  0.0112438987408 bend    9    8    2      val=   0.19298
       -0.5007138577550 bend    4    8    2
       -0.5007138577550 bend    4    9    2
        0.4992218144499 bend    1    8    2
        0.4992218144499 bend    1    9    2
   9 k -0.3368571194652 bend   12   14    4      val=   0.29606
       -0.3368571194652 bend   13   14    4
        0.6887574805181 bend   13   12    4
       -0.4479089317580 bend    2   14    4
        0.2214105733846 bend    2   12    4
        0.2214105733846 bend    2   13    4
  10 k  0.9052079103671 bend    9    8    2      val=   1.87452
       -0.2070093902527 bend    4    8    2
       -0.2070093902527 bend    4    9    2
       -0.2178220187484 bend    1    8    2
       -0.2178220187484 bend    1    9    2
  11 k  0.9066776943367 bend    7    6    1      val=   2.36914
       -0.2109120424445 bend    2    6    1
       -0.2109120424445 bend    2    7    1
       -0.2109120424445 bend    3    6    1
       -0.2109120424445 bend    3    7    1
  12 k  1.0000000000000 bend    1    4    2      val= 112.82436
  13 k -0.2215543122418 bend   12   14    4      val=   0.18136
       -0.2215543122418 bend   13   14    4
        0.4477571496192 bend   13   12    4
        0.6823088398426 bend    2   14    4
       -0.3433624582651 bend    2   12    4
       -0.3433624582651 bend    2   13    4
  14 k  1.0000000000000 bend    3    2    1      val= 113.37956
        14 non zero eigenvalues  of BmBt
           1           3.942107760    1    0
         1
           2           3.790289177    2    0
         2
           3           3.020179423    3    0
         3
           4           2.292631508    4    0
         4
           5           2.150760131    5    0
         5
           6           0.882056277    6    0
         6
           7           0.788112820    7    0
         7
           8           0.753596544    8    0
         8
           9           0.688329412    9    0
         9
          10           0.461434211   10    0
        10
          11           0.337285108   11    0
        11
          12           0.266620750   12    0
        12
          13           0.061161813   13    0
        13
          14           0.016453985   14    0
        14
$end
