$coord
       -0.49810013653124       -2.10155450261875       -0.00133019182500      C
        2.11705052826875       -2.06589015491874       -0.00075013382500      C
        2.91355103066875        0.51055032758125       -0.00061722242500      C
        0.77505072426874        2.01571242438125       -0.00101408972500      C
       -1.27578710053126        0.39435690458124       -0.00149462752500      N
       -3.10468112993126        0.95995078928125       -0.00140816382500      H
        3.32328096116875       -3.72636468931875       -0.00003401352500      H
        4.84666146826875        1.19999685308124       -0.00024640882501      H
        0.46822130146874        4.82027433198124        0.00012934187501      C
       -0.55850240003125        5.50547465238125       -1.67884204052501      H
       -0.55951168123126        5.50348821688125        1.67930323657501      H
        2.33198324696876        5.72789044858125        0.00125416407501      H
       -2.33424834093125       -4.24320080771875        0.00073887757500      C
       -3.56837690083125       -4.22575690561875        1.67980830417500      H
       -3.56788650423125       -4.23013534951875       -1.67876355742501      H
       -1.30870506683125       -6.04479253901875        0.00326652517501      H
$end
