$coord
     2.643140846     0.008692740    -0.680036795     C 
    -0.077327588    -0.320648706     0.031312760     N 
    -1.789400438     1.787170561    -0.867743278     C 
    -2.065111460     1.996230947    -3.734382016     C 
    -1.034209240    -2.920911669    -0.551648811     C 
    -0.113855991    -0.198232256     1.970984208     H 
    -0.862546531    -3.329602709    -2.571784792     H 
     0.081012553    -4.258327444     0.560851777     H 
     3.224477252     1.926518955    -0.175706723     H 
     3.747232153    -1.332502488     0.439777032     H 
    -1.009491624     3.518102876    -0.038134670     H 
    -3.610661655     1.447605698     0.060886971     H 
     2.918606203    -0.328869014    -2.702062502     H 
    -3.006988688    -3.043309221     0.051457239     H 
    -3.337029332     3.574284430    -4.171211076     H 
    -0.254924036     2.379958707    -4.667056279     H 
    -2.887123368     0.285726570    -4.566560650     H 
$end
