$coord
        1.21903350809377       -2.13657664978415        0.00000000000000      N
        2.14505728324561       -3.80683049089478        0.00000000000000      H
        2.73767010004746        0.04172579245030        0.00000000000000      C
        5.03475366102069       -0.14118132427111        0.00000000000000      O
        1.27768099754590        2.35894043061871        0.00000000000000      C
        2.26367289820999        4.13767835806429        0.00000000000000      H
       -1.27186745233997        2.24199496752907        0.00000000000000      C
       -2.44426220312771        3.91293877157457        0.00000000000000      H
       -2.56648835351870        0.00753344513721        0.00000000000000      N
       -4.51817787225384       -0.00964843257651        0.00000000000000      H
       -1.37427551174218       -2.28914236799593        0.00000000000000      C
       -2.50279705518102       -4.31743249985162        0.00000000000000      O
$end
