$coord
    0.26813691869197     -2.95251199233329      1.46642204087998      c
    0.26813691869197     -2.95251199233329     -1.46642204087998      c
    0.32215403765763     -0.15399711841208      2.23583693387026      c
   -0.87727910095904      1.22443729935515      0.00000000000000      c
    0.32215403765763     -0.15399711841208     -2.23583693387026      c
   -0.46499938284841      4.06293419158384      0.00000000000000      c
    1.85932820822296     -3.99682846293856      2.24552361049404      h
   -1.44378632179326     -3.84813946620633      2.17676369405681      h
    1.85932820822296     -3.99682846293856     -2.24552361049404      h
   -1.44378632179326     -3.84813946620633     -2.17676369405681      h
    2.27301793387731      0.49967927428464      2.42795687346036      h
   -0.63417135363044      0.20990047806478      4.02287046623750      h
   -2.90769904662140      0.82074181653011      0.00000000000000      h
   -0.63417135363044      0.20990047806478     -4.02287046623750      h
    2.27301793387731      0.49967927428464     -2.42795687346036      h
    1.55335562915835      4.48573261981653      0.00000000000000      h
   -1.29636847239096      4.94497432389801      1.66520754187628      h
   -1.29636847239096      4.94497432389801     -1.66520754187628      h
$user-defined bonds
$redundant
     number_of_atoms            18
     degrees_of_freedom         26
     internal_coordinates       26
     frozen_coordinates          0
# definitions of redundant internals
   1 k  1.0000000000000 stre    1    8           val=   2.05850
   2 k  1.0000000000000 stre    4   13           val=   2.07016
   3 k  1.0000000000000 stre    6   16           val=   2.06216
   4 k  1.0000000000000 stre    4    6           val=   2.86828
   5 k  1.0000000000000 stre    1    7           val=   2.05657
   6 k  1.0000000000000 stre    3   12           val=   2.05924
   7 k  1.0000000000000 stre    3   11           val=   2.06642
   8 k  1.0000000000000 stre    1    3           val=   2.90286
   9 k  1.0000000000000 stre    2    1           val=   2.93284
  10 k  1.0000000000000 stre    3    4           val=   2.88751
  11 k  0.4292971088052 bend   18   17    6      val=   1.36587
        0.4137806820974 bend   16   17    6
        0.4137806820974 bend   16   18    6
       -0.3970509569523 bend    4   17    6
       -0.3970509569523 bend    4   18    6
       -0.3974621513857 bend    4   16    6
  12 k -0.8090169943749 tors    4    5    2    1 val=  32.39005
        0.3090169943749 tors    5    2    1    3
        0.3090169943750 tors    2    1    3    4
       -0.8090169943750 tors    1    3    4    5
        1.0000000000000 tors    3    4    5    2
  13 k  1.0000000000000 stre    6   17           val=   2.05963
  14 k  0.0252629586430 bend   11   12    3      val=   0.47243
        0.5276644772738 bend    4   12    3
        0.4666245963072 bend    4   11    3
       -0.5177329076806 bend    1   12    3
       -0.4849186578898 bend    1   11    3
  15 k -0.6831959915303 bend   18   17    6      val=   0.55366
        0.3524689129356 bend   16   17    6
        0.3524689129356 bend   16   18    6
       -0.2193529955950 bend    4   17    6
       -0.2193529955950 bend    4   18    6
        0.4342154933116 bend    4   16    6
  16 k -0.8856032097034 bend    8    7    1      val=   4.45947
        0.2125745802258 bend    3    7    1
        0.2503593617198 bend    3    8    1
        0.2120735313389 bend    2    7    1
        0.2507269632681 bend    2    8    1
  17 k  0.0008268919325 bend    8    7    1      val=   0.09832
        0.5114459061942 bend    3    7    1
        0.4895815675359 bend    3    8    1
       -0.5115479240961 bend    2    7    1
       -0.4868788467052 bend    2    8    1
  18 k -0.8797894939971 bend   11   12    3      val=   5.10333
        0.2066152709580 bend    4   12    3
        0.2875270755171 bend    4   11    3
        0.1864604256190 bend    1   12    3
        0.2565955311029 bend    1   11    3
  19 k  0.0808909981997 bend   11   12    3      val=   1.34946
       -0.4905157857818 bend    4   12    3
        0.4926860624840 bend    4   11    3
       -0.5152142978758 bend    1   12    3
        0.4946368176829 bend    1   11    3
  20 k -0.7739584963467 bend    6   13    4      val=   7.33646
        0.4477657009714 bend    3   13    4
        0.4477657009714 bend    5   13    4
  21 k  0.5877852522925 bend    1    4    3      val=   0.67280
       -0.9510565162952 bend    3    5    4
        0.9510565162952 bend    4    2    5
       -0.5877852522925 bend    5    1    2
  22 k -0.4327831577611 bend   18   17    6      val=   0.48313
        0.2207487894704 bend   16   17    6
        0.2207487894704 bend   16   18    6
        0.3428875824322 bend    4   17    6
        0.3428875824322 bend    4   18    6
       -0.6928888034025 bend    4   16    6
  23 k  0.0412551667222 bend    8    7    1      val=   0.79740
       -0.5044024381022 bend    3    7    1
        0.4995226519305 bend    3    8    1
       -0.4982878445144 bend    2    7    1
        0.4960469089439 bend    2    8    1
  24 k -0.0054354542314 bend   11   12    3      val=   0.96192
        0.4849922441705 bend    4   12    3
       -0.5261209468542 bend    4   11    3
       -0.4668426631162 bend    1   12    3
        0.5196226093114 bend    1   11    3
  25 k  0.7071067811865 bend    3    6    4      val= 114.37550
        0.7071067811865 bend    5    6    4
  26 k -0.0004561377483 bend    8    7    1      val=   0.06749
       -0.4856220005384 bend    3    7    1
        0.5093488682961 bend    3    8    1
        0.4908227382310 bend    2    7    1
       -0.5136417375295 bend    2    8    1
        26 non zero eigenvalues  of BmBt
           1           4.997068746    1    0
         1
           2           4.171396564    2    0
         2
           3           3.764869123    3    0
         3
           4           3.490604121    4    0
         4
           5           3.260391104    5    0
         5
           6           2.918139685    6    0
         6
           7           2.634586569    7    0
         7
           8           2.271369675    8    0
         8
           9           2.065509003    9    0
         9
          10           1.425541348   10    0
        10
          11           0.874039636   11    0
        11
          12           0.822124601   12    0
        12
          13           0.774146582   13    0
        13
          14           0.697082976   14    0
        14
          15           0.693788748   15    0
        15
          16           0.509239193   16    0
        16
          17           0.385641427   17    0
        17
          18           0.335576100   18    0
        18
          19           0.321265736   19    0
        19
          20           0.296958703   20    0
        20
          21           0.262571252   21    0
        21
          22           0.243376700   22    0
        22
          23           0.198360636   23    0
        23
          24           0.118326462   24    0
        24
          25           0.086805637   25    0
        25
          26           0.019424613   26    0
        26
$end
