$coord
        0.86757361555556        0.65711836399999        0.34357329177778      C
        1.97202266055556        2.49954733999999        1.24664251577779      O
        2.08480015155555       -1.39346389300001       -0.53859643722222      N
        4.01270582155556       -1.47586828700000       -0.47683022522223      H
        1.10591097455556       -2.84601006799999       -1.25435208622223      H
       -1.98018599544443        0.61142946899999        0.18212335377778      C
       -2.74346448044446        0.81276617900000        2.07881933577779      H
       -2.72229688344444       -1.10324106099999       -0.67069886422223      H
       -2.59706586444443        2.23772195699999       -0.91068088422222      H
$end
