$coord
   -3.00932179698475     -1.53511700604321     -2.48295671197553      c
   -2.34845632682296      0.51442346196000     -0.56968704227375      c
    0.00000000000000      0.00000000000000      1.05631902851913      c
    2.34845632682296     -0.51442346196000     -0.56968704227375      c
    3.00932179698475      1.53511700604321     -2.48295671197553      c
    0.44201318504469      2.29733722039854      2.75000880613641      c
   -0.44201318504469     -2.29733722039854      2.75000880613641      c
   -3.33896347067920     -3.34987590060134     -1.57082666383254      h
   -4.72297329107840     -1.03918729671316     -3.50948619708641      h
   -1.50895963566541     -1.78870414085617     -3.86895966527276      h
   -3.94732181544987      0.79568678122450      0.70955187329911      h
   -2.09086660385829      2.30818627252513     -1.55856774267673      h
    3.94732181544987     -0.79568678122450      0.70955187329911      h
    2.09086660385829     -2.30818627252513     -1.55856774267673      h
    3.33896347067920      3.34987590060134     -1.57082666383254      h
    4.72297329107840      1.03918729671316     -3.50948619708641      h
    1.50895963566541      1.78870414085617     -3.86895966527276      h
    0.65811936340682      4.02431051181957      1.64940843373892      h
   -1.15624564640988      2.56537298919652      4.02515181565405      h
    2.13711814355242      2.04794663211455      3.89820358002969      h
   -0.65811936340682     -4.02431051181957      1.64940843373892      h
    1.15624564640988     -2.56537298919652      4.02515181565405      h
   -2.13711814355242     -2.04794663211455      3.89820358002969      h
$user-defined bonds
$redundant
     number_of_atoms            23
     degrees_of_freedom         32
     internal_coordinates       32
     frozen_coordinates          0
# definitions of redundant internals
   1 k  1.0000000000000 stre    1    8           val=   2.05767
   2 k  1.0000000000000 stre    2   11           val=   2.06687
   3 k  1.0000000000000 stre    6   18           val=   2.05924
   4 k  1.0000000000000 stre    6   19           val=   2.06210
   5 k  1.0000000000000 stre    6   20           val=   2.06251
   6 k  1.0000000000000 stre    1   10           val=   2.05825
   7 k  1.0000000000000 stre    2   12           val=   2.06442
   8 k  1.0000000000000 stre    1    9           val=   2.05823
   9 k  1.0000000000000 stre    2    1           val=   2.88062
  10 k  0.4139339381907 bend    9    8    1      val=   1.56696
        0.4348513768292 bend   10    8    1
        0.4131435006091 bend   10    9    1
       -0.3939492013025 bend    2    8    1
       -0.3983189484126 bend    2    9    1
       -0.3937276532285 bend    2   10    1
  11 k  0.4112263013987 bend   19   18    6      val=   1.33458
        0.4334833446751 bend   20   18    6
        0.4111991996687 bend   20   19    6
       -0.3979755914080 bend    3   18    6
       -0.4007137769442 bend    3   19    6
       -0.3936295653653 bend    3   20    6
  12 k  1.0000000000000 stre    3    6           val=   2.88820
  13 k  1.0000000000000 tors    8    1    2    3 val=  58.35997
        1.0000000000000 tors    9    1    2    3
        1.0000000000000 tors   10    1    2    3
  14 k  1.0000000000000 stre    3    4           val=   2.90237
  15 k  0.0250100301612 bend   11   12    2      val=   0.40022
       -0.5021134329915 bend    1   12    2
       -0.5012414961620 bend    1   11    2
        0.5037558684146 bend    3   12    2
        0.4921824726297 bend    3   11    2
  16 k -0.5036881160140 bend   19   18    6      val=   0.32423
       -0.1437806503913 bend   20   18    6
        0.6543909785537 bend   20   19    6
       -0.4236631055388 bend    3   18    6
        0.0959807023433 bend    3   19    6
        0.3296894467976 bend    3   20    6
  17 k -0.6550944716058 bend    9    8    1      val=   0.02823
        0.0281441653494 bend   10    8    1
        0.6268929595353 bend   10    9    1
       -0.2907455451667 bend    2    8    1
       -0.0126913280670 bend    2    9    1
        0.3039248503676 bend    2   10    1
  18 k  0.3314682350562 bend    9    8    1      val=   0.54862
       -0.6784530532709 bend   10    8    1
        0.3764774561579 bend   10    9    1
       -0.2371053597108 bend    2    8    1
        0.4343226178791 bend    2    9    1
       -0.2079420608152 bend    2   10    1
  19 k  0.4762548420540 bend   19   18    6      val=   0.43796
       -0.6668612471037 bend   20   18    6
        0.2195841432617 bend   20   19    6
       -0.1359141625850 bend    3   18    6
        0.4177982064729 bend    3   19    6
       -0.2953509871936 bend    3   20    6
  20 k  1.0000000000000 tors   18    6    3    2 val=  63.48777
        1.0000000000000 tors   18    6    3    4
        1.0000000000000 tors   18    6    3    7
        1.0000000000000 tors   19    6    3    2
        1.0000000000000 tors   19    6    3    4
        1.0000000000000 tors   19    6    3    7
        1.0000000000000 tors   20    6    3    2
        1.0000000000000 tors   20    6    3    4
        1.0000000000000 tors   20    6    3    7
  21 k  0.9115361749177 bend   11   12    2      val=   4.31253
       -0.1857196911077 bend    1   12    2
       -0.1997862898665 bend    1   11    2
       -0.2044634924596 bend    3   12    2
       -0.2299785137441 bend    3   11    2
  22 k  0.0201886901583 bend   11   12    2      val=   0.47317
       -0.5178657287382 bend    1   12    2
        0.5099747670779 bend    1   11    2
       -0.4847450508161 bend    3   12    2
        0.4861640427277 bend    3   11    2
  23 k -0.3017518813206 bend    9    8    1      val=   0.05466
        0.0090879413176 bend   10    8    1
        0.2931559591904 bend   10    9    1
        0.6300488672756 bend    2    8    1
        0.0220361218409 bend    2    9    1
       -0.6522849294689 bend    2   10    1
  24 k -0.2095368365542 bend    9    8    1      val=  -0.21708
        0.4355519946197 bend   10    8    1
       -0.2333288757798 bend   10    9    1
       -0.3584948421063 bend    2    8    1
        0.6913354115447 bend    2    9    1
       -0.3247817833014 bend    2   10    1
  25 k  0.0191736641172 bend   19   18    6      val=   0.34434
       -0.3842307067923 bend   20   18    6
        0.3733881389162 bend   20   19    6
        0.5731554451881 bend    3   18    6
       -0.6186177799095 bend    3   19    6
        0.0372197569849 bend    3   20    6
  26 k  1.0000000000000 bend    2    4    3      val= 111.85615
  27 k  0.9009432129770 bend    7    6    3      val=   1.72445
       -0.2003168317241 bend    4    6    3
       -0.2324302700238 bend    4    7    3
       -0.2324302700238 bend    2    6    3
       -0.2003168317241 bend    2    7    3
  28 k -0.0052885172841 bend   11   12    2      val=   0.45622
       -0.4805360166518 bend    1   12    2
        0.4906993637952 bend    1   11    2
        0.5127948939224 bend    3   12    2
       -0.5150851380339 bend    3   11    2
  29 k  1.0000000000000 bend    3    1    2      val= 115.57083
  30 k -0.4385473025351 bend   19   18    6      val=   0.30302
        0.1943041130477 bend   20   18    6
        0.2451872993029 bend   20   19    6
        0.3717530407061 bend    3   18    6
        0.3168461179241 bend    3   19    6
       -0.6864499818884 bend    3   20    6
  31 k  1.0000000000000 tors    1    2    3    4 val=  55.57848
  32 k -0.0264800142485 bend    7    6    3      val=   1.66501
        0.5092538426995 bend    4    6    3
       -0.4902141655628 bend    4    7    3
       -0.4902141655628 bend    2    6    3
        0.5092538426995 bend    2    7    3
        32 non zero eigenvalues  of BmBt
           1           5.290033497    1    0
         1
           2           4.070156397    2    0
         2
           3           3.739884694    3    0
         3
           4           3.424857279    4    0
         4
           5           3.329182112    5    0
         5
           6           3.231801420    6    0
         6
           7           2.914999764    7    0
         7
           8           2.698720486    8    0
         8
           9           2.399763090    9    0
         9
          10           1.534805502   10    0
        10
          11           0.884304427   11    0
        11
          12           0.877565217   12    0
        12
          13           0.849644854   13    0
        13
          14           0.753372097   14    0
        14
          15           0.707154488   15    0
        15
          16           0.695320979   16    0
        16
          17           0.691887524   17    0
        17
          18           0.675804821   18    0
        18
          19           0.610312642   19    0
        19
          20           0.432769869   20    0
        20
          21           0.398033832   21    0
        21
          22           0.368257803   22    0
        22
          23           0.317198146   23    0
        23
          24           0.278671042   24    0
        24
          25           0.267655727   25    0
        25
          26           0.189763847   26    0
        26
          27           0.161955255   27    0
        27
          28           0.096609875   28    0
        28
          29           0.046938483   29    0
        29
          30           0.034566288   30    0
        30
          31           0.018975445   31    0
        31
          32           0.012639063   32    0
        32
$end
