$coord
       -3.74681272892120       -4.21354278454488        6.24129599383206      H
       -4.62886412195774        0.36598999325017        5.90254171059745      H
        0.24109320456174       -3.70311264769203        6.83064654396438      C
       -2.22182292229245       -2.86448303591705        6.41745106152361      C
       -2.71823825110064       -0.28460013499314        6.22563119031174      C
       -0.75377279581412        1.45614014264364        6.44823295034193      C
        1.70861426252491        0.61598907834399        6.86022001150222      C
        2.20687944424457       -1.96348828735183        7.05240112276167      C
       -1.13942000564723        3.45795521669521        6.29787279554235      H
        3.23423105949758        1.96584303729150        7.03001734695325      H
        0.62628987344913       -5.70480388232097        6.98482588819085      H
        4.11838418326239       -2.61333850277642        7.36901106415808      H
$end
