$coord
       -3.33296334991853       -3.71474674344061        0.00000000000000      O
       -1.69058561573426        4.74033924937247        0.00000000000000      O
        0.79956805457672       -2.43710353970529        0.00000000000000      N
       -2.40962672481935        0.49457022547722        0.00000000000000      N
        1.85100114097199        1.94310805201530        0.00000000000000      C
       -0.80501732478539        2.61581036448478        0.00000000000000      C
        2.53097283591826       -0.51523688435555        0.00000000000000      C
       -1.74902248630921       -2.01002719998360        0.00000000000000      C
        3.23701512565215        3.43162342905998        0.00000000000000      H
        1.37166809787354       -4.29297915101051        0.00000000000000      H
       -4.28480971107879        0.85879942774773        0.00000000000000      H
        4.48179995765289       -1.11415722966194        0.00000000000000      H
$end
