$coord
       -3.30068185469839        5.71694867195829        0.00000000000000      O
       -2.15663356803028        3.73539891313700        0.00000000000000      C
       -3.17742573875720        1.15830469515470        0.00000000000000      C
       -3.17742573875720       -1.15830469515470        0.00000000000000      C
       -2.15663356803028       -3.73539891313700        0.00000000000000      C
       -3.30068185469839       -5.71694867195829        0.00000000000000      O
        0.58559157805183       -3.33088375597961        0.00000000000000      C
        2.59183416070534       -2.17257906082491        0.00000000000000      C
        4.31326713606055        0.00000000000000        0.00000000000000      C
        6.60136370939678        0.00000000000000        0.00000000000000      O
        2.59183416070534        2.17257906082491        0.00000000000000      C
        0.58559157805183        3.33088375597961        0.00000000000000      C
$end
