$coord
       -4.88809504183308       -1.27143346750403        0.00000000000000      C
       -2.07486981589811       -1.39872084458503        0.00000000000000      C
       -0.54926724592541        0.67193850988153        0.00000000000000      C
        2.17482654589068        0.47669636691278        0.00000000000000      C
        3.64797309044862        2.90516304425253        0.00000000000000      C
       -1.17849716179725       -3.74417354496839        0.00000000000000      O
        3.22079313845239       -1.73609615277720        0.00000000000000      N
       -5.54305939916327        0.67205769005492        0.00000000000000      H
       -5.62456007150608       -2.23928969036737        1.65824569563275      H
       -5.62456007150608       -2.23928969036737       -1.65824569563275      H
        0.71209944983376       -3.58293781071190        0.00000000000000      H
       -1.41018034311733        2.51846805016525        0.00000000000000      H
        5.13499370128800       -1.62957459291634        0.00000000000000      H
        3.16947747587433        4.02018580604963        1.66329915519100      H
        3.16947747587433        4.02018580604963       -1.66329915519100      H
        5.67117791588119        2.55005873943122        0.00000000000000      H
$end
