$coord
       -0.05218667299999       -1.30387880799999        2.24938808999999      O
       -0.07125589799999        0.90255958900001       -1.56846312300000      H
       -0.07125589799999        0.90255958900001        1.56846312300000      H
       -0.05218667299999        2.59687279400001        0.00000000000000      O
        0.10415791700000       -1.81645375500000        0.00000000000000      H
       -0.05218667299999       -1.30387880799999       -2.24938808999999      O
       -1.59798064300000        3.55177212400001        0.00000000000000      H
        1.44441017100000       -1.72667098300000        3.18755011600000      H
        1.44441017100000       -1.72667098300000       -3.18755011600000      H
$end
