$coord
   -1.88332360130493      2.53007018112862     -3.98608409275760      o
    3.27699641160873     -0.08631186370352      3.67688206792605      al
   -1.16614867306779     -0.32037853786420      1.69058708847006      si
   -5.46850272430429      4.57266985537483     -0.52932965856254      h
    0.97164309414888      0.66747218768211     -3.25964102581397      li
   -2.71819679481837      3.29559046821708     -5.41688109011592      h
    2.85413254707780     -3.25426055782090     -3.79200415312706      cl
   -3.09698974374561      2.78925413414222     -0.83815690575307      al
    2.34072910305112     -3.87746592952390     -1.28536131379933      h
   -1.36811706056119     -5.33992924257833      1.85884414777145      h
    0.32243267919508     -3.89767157004043      2.33599294560113      b
   -0.70224139290426      4.73181417800063      0.83802421106008      h
    1.09114517030528     -4.08447628058437      4.49611170180434      h
    0.64162207927749      2.85728024980057      1.42502824903478      b
    2.20119350049594     -4.36085483793465      0.98418737138644      h
    2.70362540554619      3.77719756570419      1.80180045687518      h
$user-defined bonds
$end
