$coord
   -3.55320072297296     -0.62154415452607     -0.00233822062161      c
   -1.06359485786118      0.80466494259284     -0.02287499532022      c
    1.06165870537228     -0.65088823374885     -0.06107071404215      n
    3.57465172125168      0.45688087760335      0.00509503934949      c
   -0.97494618999816      3.10981762550384     -0.02273311935174      o
   -4.66931851022646     -0.02268554440329     -1.62842040229755      h
   -4.60054237795603     -0.09794209252016      1.69461512451330      h
   -3.33822038964818     -2.67186525687056     -0.05393246842336      h
    0.88904346847279     -2.53930271936825      0.06381337683559      h
    3.66677292559581      2.04058333216176     -1.30721091187417      h
    4.95215976489084     -0.96799138808628     -0.55329468430947      h
    4.05553646307956      1.16027261166167      1.88835197554187      h
$redundant
     number_of_atoms            12
     degrees_of_freedom         30
     internal_coordinates       30
     frozen_coordinates          0
# definitions of redundant internals
   1 k  1.0000000000000 stre    2    5           val=   2.30686
   2 k  0.7071086156898 bend    3    5    2      val=   0.09638
       -0.7071049466786 bend    1    5    2
   3 k  1.0000000000000 outp    5    1    3    2 val=  -0.41113
   4 k  1.0000000000000 tors    6    1    2    3 val= 119.01912
        1.0000000000000 tors    7    1    2    3
        1.0000000000000 tors    8    1    2    3
   5 k  1.0000000000000 stre    1    6           val=   2.06119
   6 k  1.0000000000000 stre    1    7           val=   2.06173
   7 k  1.0000000000000 stre    1    8           val=   2.06221
   8 k  0.3368998206377 bend    7    6    1      val=   0.79250
        0.4494651133499 bend    8    6    1
        0.4507590661688 bend    8    7    1
       -0.4116712675906 bend    2    6    1
       -0.4110639988887 bend    2    7    1
       -0.3779537580979 bend    2    8    1
   9 k  0.7206322390174 bend    7    6    1      val=   2.13394
       -0.2806110712157 bend    8    6    1
       -0.2905539813791 bend    8    7    1
        0.2082123188946 bend    2    6    1
        0.2011542354199 bend    2    7    1
       -0.4834351978681 bend    2    8    1
  10 k -0.0065915430532 bend    7    6    1      val=   0.00167
        0.6618800785820 bend    8    6    1
       -0.6550332386796 bend    8    7    1
        0.2564113831364 bend    2    6    1
       -0.2589408942135 bend    2    7    1
        0.0023633161636 bend    2    8    1
  11 k  0.4710150808086 bend    7    6    1      val=   1.22875
       -0.2116050183743 bend    8    6    1
       -0.2228225226907 bend    8    7    1
       -0.3595067711597 bend    2    6    1
       -0.3391533392991 bend    2    7    1
        0.6629088377477 bend    2    8    1
  12 k  0.0062357195943 bend    7    6    1      val=   0.02494
       -0.2605093426929 bend    8    6    1
        0.2547700463391 bend    8    7    1
        0.6522946389667 bend    2    6    1
       -0.6644997644068 bend    2    7    1
        0.0118316836443 bend    2    8    1
  13 k  1.0000000000000 stre    3    9           val=   1.90040
  14 k  0.7072972711226 bend    2    9    3      val=   0.14072
       -0.7069162399199 bend    4    9    3
  15 k  1.0000000000000 outp    9    4    2    3 val=   6.05893
  16 k  1.0000000000000 tors   10    4    3    2 val=  74.92858
        1.0000000000000 tors   11    4    3    2
        1.0000000000000 tors   12    4    3    2
  17 k  1.0000000000000 stre    4   10           val=   2.05882
  18 k  1.0000000000000 stre    4   11           val=   2.05903
  19 k  1.0000000000000 stre    4   12           val=   2.06704
  20 k  0.4054924268320 bend   11   10    4      val=   0.67224
        0.4029051093429 bend   12   10    4
        0.4312311994158 bend   12   11    4
       -0.4102109026659 bend    3   10    4
       -0.3957432388577 bend    3   11    4
       -0.4029855103227 bend    3   12    4
  21 k  0.2232034656111 bend   11   10    4      val=   0.24484
       -0.6814589977033 bend   12   10    4
        0.4370373113929 bend   12   11    4
       -0.2804386072942 bend    3   10    4
        0.4435850026110 bend    3   11    4
       -0.1392076464723 bend    3   12    4
  22 k  0.7143635101735 bend   11   10    4      val=   0.99159
       -0.1273415250520 bend   12   10    4
       -0.5566463895522 bend   12   11    4
        0.2509778228745 bend    3   10    4
        0.0539170653291 bend    3   11    4
       -0.3125968503042 bend    3   12    4
  23 k  0.1232269566080 bend   11   10    4      val=   0.97538
       -0.4289011078572 bend   12   10    4
        0.3086527570133 bend   12   11    4
        0.4846864633691 bend    3   10    4
       -0.6615443160255 bend    3   11    4
        0.1817431775698 bend    3   12    4
  24 k  0.3219869729687 bend   11   10    4      val=   0.99168
       -0.0880701284099 bend   12   10    4
       -0.2290497504806 bend   12   11    4
       -0.5355561704546 bend    3   10    4
       -0.1850071539721 bend    3   11    4
        0.7176741564194 bend    3   12    4
  25 k  1.0000000000000 tors    1    2    3    4 val= 182.19490
  26 k  1.0000000000000 stre    2    1           val=   2.86926
  27 k  1.0000000000000 bend    3    1    2      val= 115.78946
  28 k  1.0000000000000 stre    3    4           val=   2.74712
  29 k  1.0000000000000 bend    2    4    3      val= 121.76640
  30 k  1.0000000000000 stre    2    3           val=   2.57620
        30 non zero eigenvalues  of BmBt
           1           7.196697338    1    0
         1
           2           4.321055739    2    0
         2
           3           3.914917371    3    0
         3
           4           3.846707349    4    0
         4
           5           3.537712365    5    0
         5
           6           3.428953381    6    0
         6
           7           2.835200787    7    0
         7
           8           2.801803054    8    0
         8
           9           2.445764856    9    0
         9
          10           2.152220811   10    0
        10
          11           1.435892914   11    0
        11
          12           1.327211427   12    0
        12
          13           0.885791784   13    0
        13
          14           0.873620947   14    0
        14
          15           0.701539207   15    0
        15
          16           0.701324558   16    0
        16
          17           0.697780065   17    0
        17
          18           0.695779867   18    0
        18
          19           0.624464983   19    0
        19
          20           0.458243852   20    0
        20
          21           0.358094840   21    0
        21
          22           0.332832783   22    0
        22
          23           0.309540954   23    0
        23
          24           0.299427846   24    0
        24
          25           0.267832681   25    0
        25
          26           0.255300115   26    0
        26
          27           0.233269265   27    0
        27
          28           0.085251024   28    0
        28
          29           0.054807180   29    0
        29
          30           0.036712286   30    0
        30
$user-defined bonds
$end
