$coord
       -4.14407839682764        1.18456483574100       -1.75462633490625      O
       -2.38503394006946       -0.58307904248730       -0.08409320253763      S
       -1.96144574169700        0.56614690913986        2.36371767667768      O
       -3.31885176823381       -3.08584806485465       -0.36797226994840      O
        0.22023628005030       -0.20389433180750       -1.72567415214557      O
        3.02374473694278       -0.69269228685745       -0.26420475049316      S
        3.05542290731918        1.63716903449609        1.61652012483705      O
        2.82222235992387       -3.02967702288103        1.08168457140245      O
        4.82709310448972       -0.19181202764661       -2.19409827886977      O
       -3.72721319060978        2.95590172815604       -1.43172154787990      H
        1.58790364871182        1.44322026900153        2.76046816386355      H
$end
