$coord
   -0.18705427624542     -2.08710347976083      0.00000000000000      c
   -0.93723077431024      0.68023482179078      0.00000000000000      c
   -3.13644088278607      1.34988845711739      0.00000000000000      o
    1.00928639829716      2.37038609840865      0.00000000000000      n
   -1.00696880673296     -2.98627117856904      1.66048696692162      h
    1.84822428444463     -2.39600611357352      0.00000000000000      h
   -1.00696880673296     -2.98627117856904     -1.66048696692162      h
    2.82482310914599      1.83149167224130      0.00000000000000      h
    0.59232975491988      4.22365090091435      0.00000000000000      h
$redundant
     number_of_atoms             9
     degrees_of_freedom         14
     internal_coordinates       14
     frozen_coordinates          0
# definitions of redundant internals
   1 k -0.8158273706684 bend    9    8    4      val=   0.66512
        0.4365366822285 bend    2    8    4
        0.3792906884399 bend    2    9    4
   2 k  1.0000000000000 stre    4    9           val=   1.89959
   3 k  1.0000000000000 stre    4    8           val=   1.89383
   4 k  1.0000000000000 stre    2    4           val=   2.57789
   5 k  1.0000000000000 stre    2    1           val=   2.86722
   6 k  1.0000000000000 stre    1    6           val=   2.05859
   7 k  1.0000000000000 stre    2    3           val=   2.29890
   8 k  0.4516444787671 bend    5    6    1      val=   0.68606
        0.4516444787671 bend    7    6    1
        0.3304315107465 bend    7    5    1
       -0.3765624951140 bend    2    6    1
       -0.4129468692082 bend    2    5    1
       -0.4129468692082 bend    2    7    1
   9 k  1.0000000000000 stre    1    7           val=   2.05864
  10 k -0.2825099506021 bend    5    6    1      val=   2.18806
       -0.2825099506021 bend    7    6    1
        0.7239159128804 bend    7    5    1
       -0.4847504574401 bend    2    6    1
        0.2016668052899 bend    2    5    1
        0.2016668052899 bend    2    7    1
  11 k -0.0330509899239 bend    9    8    4      val=  -2.03093
       -0.6900017331395 bend    2    8    4
        0.7230527230635 bend    2    9    4
  12 k -0.7071067811865 bend    4    3    2      val=   0.00284
        0.7071067811865 bend    1    3    2
  13 k  1.0000000000000 bend    1    4    2      val= 115.80026
  14 k -0.2161263271663 bend    5    6    1      val=   1.24169
       -0.2161263271663 bend    7    6    1
        0.4705239893891 bend    7    5    1
        0.6630147295476 bend    2    6    1
       -0.3504265010123 bend    2    5    1
       -0.3504265010123 bend    2    7    1
        14 non zero eigenvalues  of BmBt
           1           4.213816571    1    0
         1
           2           4.044345663    2    0
         2
           3           3.282399920    3    0
         3
           4           3.194513204    4    0
         4
           5           2.270834529    5    0
         5
           6           1.752482226    6    0
         6
           7           0.950524488    7    0
         7
           8           0.881354464    8    0
         8
           9           0.699882323    9    0
         9
          10           0.636277241   10    0
        10
          11           0.394774278   11    0
        11
          12           0.332550314   12    0
        12
          13           0.275591233   13    0
        13
          14           0.068641096   14    0
        14
$user-defined bonds
$end
