$coord
        0.00000000000000        4.78666837500000        0.57005285282352      C
        0.00000000000000        2.40340642700000       -1.04290575917648      C
        0.00000000000000        0.00000000000000        0.53910103082353      C
        0.00000000000000       -2.40340642700000       -1.04290575917648      C
        0.00000000000000       -4.78666837500000        0.57005285282352      C
        0.00000000000000        6.48907527700001       -0.58560718717647      H
        1.65245766399999       -2.39852337500000       -2.28002432717648      H
       -1.65245766399999       -2.39852337500000       -2.28002432717648      H
        1.66225400399999        4.84741361700000        1.78460431282352      H
       -1.66225400399999        4.84741361700000        1.78460431282352      H
       -1.65376157500000        0.00000000000000        1.77974960682353      H
        1.65376157500000        0.00000000000000        1.77974960682353      H
       -1.65245766399999        2.39852337500000       -2.28002432717648      H
        1.65245766399999        2.39852337500000       -2.28002432717648      H
        0.00000000000000       -6.48907527700001       -0.58560718717647      H
        1.66225400399999       -4.84741361700000        1.78460431282352      H
       -1.66225400399999       -4.84741361700000        1.78460431282352      H
$end
