$coord
       -4.20336628844641       -0.47857244940978        0.31561295373444      C
       -3.09259323394576        0.85563850449662        2.64497009685014      C
       -2.90792708208878       -0.90401252255937        4.96308200629426      C
       -1.44396464940145        0.23225980454374        7.22983658041790      C
        1.44396464940145       -0.23225980454374        7.22983658041790      C
        2.90792708208878        0.90401252255937        4.96308200629426      C
        3.09259323394576       -0.85563850449662        2.64497009685014      C
        4.20336628844641        0.47857244940978        0.31561295373444      C
        4.38846028286657       -1.24609312858212       -2.01724428371429      C
        5.56551609578535        0.08214690404231       -4.32292858913966      C
        5.77521019800260       -1.66248272976288       -6.64449878127739      C
       -4.38846028286657        1.24609312858212       -2.01724428371429      C
       -5.56551609578535       -0.08214690404231       -4.32292858913966      C
       -5.77521019800260        1.66248272976288       -6.64449878127739      C
       -6.09607696815945       -1.22132840065007        0.77632977315704      H
       -3.01833270232908       -2.13073392453907       -0.14681751639286      H
       -1.22228545299415        1.61116250899120        2.15806725605053      H
       -4.27534782003023        2.49854654182249        3.13844748714238      H
       -2.01277421594515       -2.69874283259515        4.40105508625581      H
       -4.84429096271057       -1.38442387083901        5.55656381946713      H
       -1.79693343284760        2.28610268663703        7.30250810005767      H
       -2.20788140256852       -0.55781670076712        8.99683974826018      H
        1.79693343284760       -2.28610268663703        7.30250810005767      H
        2.20788140256852        0.55781670076712        8.99683974826018      H
        2.01277421594515        2.69874283259515        4.40105508625581      H
        4.84429096271057        1.38442387083901        5.55656381946713      H
        1.22228545299415       -1.61116250899120        2.15806725605053      H
        4.27534782003023       -2.49854654182249        3.13844748714238      H
        3.01833270232908        2.13073392453907       -0.14681751639286      H
        6.09607696815945        1.22132840065007        0.77632977315704      H
        2.48494269631577       -1.93813992170314       -2.51304714689890      H
        5.52577115170767       -2.92794463107058       -1.54258642262453      H
        4.42298539199470        1.75701060025708       -4.80060581580112      H
        7.45593350301370        0.78497618346235       -3.80077559721320      H
        3.89745979210746       -2.34063465043966       -7.22989821600001      H
        6.63906957942462       -0.68219181739804       -8.26135482617856      H
        6.94215623888575       -3.32728274254683       -6.20355571244688      H
       -2.48494269631577        1.93813992170314       -2.51304714689890      H
       -5.52577115170767        2.92794463107058       -1.54258642262453      H
       -4.42298539199470       -1.75701060025708       -4.80060581580112      H
       -7.45593350301370       -0.78497618346235       -3.80077559721320      H
       -3.89745979210746        2.34063465043966       -7.22989821600001      H
       -6.63906957942462        0.68219181739804       -8.26135482617856      H
       -6.94215623888575        3.32728274254683       -6.20355571244688      H
$end
