$coord
       -1.89546270194058       -1.30196470620491        0.00000000000000      C
       -0.99027064935772        2.03760182285421        0.00000000000000      S
        2.36562784349789        1.72052171555822        0.00000000000000      C
        3.51611923420322       -0.23848158799372        0.00000000000000      O
       -3.95116478404346       -1.34986462591482        0.00000000000000      H
       -1.16483515203651       -2.23021681405447       -1.68082395153118      H
       -1.16483515203651       -2.23021681405447        1.68082395153118      H
        3.28482136171366        3.59262100980997        0.00000000000000      H
$end
