$coord
       -1.54280687058421       -1.47636501383158       -1.76753514597896      C
        1.18485855581578       -2.25456144683158       -1.91086886647895      C
        2.41251102791579        0.49523953546841       -1.81740475177896      C
        1.33399024881579        2.30860984196842        0.22575406172106      C
       -1.67786207298420        2.34082473406843        0.48463096012104      C
       -2.15983893078421       -0.45089996213158        0.52738870112105      C
        4.47093899161579        0.31913512076842       -1.54097067127895      H
        1.80508851931579       -3.37014741973158       -0.27309275587894      H
        1.78396085191579       -3.23754367033158       -3.64362989367895      H
       -2.04605319838421       -0.27903921603158       -3.39567156507895      H
        2.12541946541580        1.79866032856841        2.08158228922104      H
        1.98769064831579        4.24410563486842       -0.17545180117896      H
       -2.24518564468420        3.42067831416843        2.17293920942104      H
       -2.48517298808422        3.24720958706841       -1.20358703947896      H
        2.13849520881579        1.35490575806841       -3.69462791117895      H
       -1.80360687558421       -1.83958235043157        2.98049695572106      C
       -3.58608028228420       -1.78536182303158        4.06205140322104      H
       -1.34331790458421       -3.84095570133157        2.67162561192105      H
       -0.35302874998420       -0.99491225133157        4.21637120952105      H
$end
