$coord
       11.41703524779661        1.49335179335592        4.30907584694914      H
        9.73807493279660        0.97172505935592        3.78819177494915      O
        9.18032684179661       -1.39211976464408        5.00528245994915      C
        9.83030036379662       -1.37229748464407        6.97213138094915      H
       10.10639783479661       -2.96523104764408        4.01663980494916      H
        6.36267263579662       -1.85117332564407        4.94339072094915      C
        5.99874126779661       -3.74578690264408        5.70694565694915      H
        5.05076816179661       -0.01680761364407        6.52768937094915      O
        2.70774131479660        0.65911052335593        5.43382374894914      C
        1.17096851779661        0.40222759735594        6.78438521394915      H
        2.76346725479660        3.41204879535592        4.79169750294915      N
        4.98618583079661        4.70493790235592        4.48276642094916      C
        6.68149340979662        3.58212772535592        4.75627232094915      H
        5.05482086779662        7.19694621035593        3.87496969294915      C
        6.83854626879660        8.17048693135594        3.64839097994915      H
        2.74123179379661        8.58372068435592        3.52854247894914      C
        2.52950292579660       10.84822960535592        2.98049945394914      O
        0.56184350179660        7.10512007835593        3.86160611794916      N
       -1.12950944820339        7.99338880335593        3.65619913894915      H
        0.42811704179661        4.57428243635593        4.47280831994915      C
       -1.58178777320339        3.42795480835592        4.70051425494915      O
        5.07555588579661       -1.61297997864408        2.37139352394916      C
        5.91091625179662       -0.05274018664407        1.29620141794915      H
        2.32743244679661       -0.95180416064407        3.05262273594915      C
        1.38049547779660        0.12105772335593        1.56488379294914      H
        0.89904148279661       -3.13432032764406        3.71387716594915      O
        0.77469694579661       -4.11967826064407        2.15977614894916      H
        5.39894148279660       -3.91910520064407        0.99757595694915      O
        5.03746656879660       -3.83767123864407       -2.07960074505084      P
        5.53883959779661       -6.46771439364407       -3.00205347905086      O
        6.37925460279662       -1.61757390264406       -3.22816694205084      O
        1.98244595979661       -3.25786362064407       -1.97660822205086      O
        0.62790019679661       -2.63139129764407       -4.24427468605085      C
        1.66582293679661       -3.24119869464407       -5.93004840805084      H
        0.37762526379660       -0.57544160764408       -4.32274858105085      H
       -1.90075802520339       -3.95987755064407       -4.21497807505086      C
       -1.61417106320339       -6.01149183164407       -4.14844309005084      H
       -3.34205732920340       -3.22237777964407       -1.99689405205085      O
       -5.93975120920340       -3.00630386364407       -2.58637668905084      C
       -7.06820240720339       -4.19030469164407       -1.32760526305084      H
       -6.73873076020339       -0.32174986264407       -2.14348727805085      N
       -5.05357648920340        1.52547335635594       -1.46924041505085      C
       -3.12533108020338        0.87714616335593       -1.26983256005085      H
       -5.75328098520339        3.95732299335593       -1.06185952205086      C
       -4.37377250920338        5.36396869135593       -0.51941254205085      H
       -8.36261992420339        4.68449031035593       -1.32069963705084      C
       -9.25807244320339        6.82195352035592       -1.00886007805085      O
       -9.96184797620339        2.66991749435593       -1.97190790605086      N
      -11.83208446620339        3.07159481635593       -2.15837283905085      H
       -9.30713917820339        0.18482029135594       -2.39585489305085      C
      -10.85537429720338       -1.46354687164406       -2.93981932205084      O
       -3.60168394820339       -3.28906280764407       -6.44807880505085      C
       -3.39556435320340       -1.29053981164407       -6.95232535105084      H
       -6.25810673320338       -3.78052290164407       -5.36597975105085      C
       -7.73810875920339       -2.69912021164407       -6.31933574205085      H
       -6.79226480720339       -6.42359930764407       -5.43139658505084      O
       -5.92760027120338       -7.06387210964407       -6.93589418405085      H
       -3.00415636920340       -4.86857553764407       -8.54956484405085      O
       -3.60911850820339       -4.04956016664407      -10.07843291705086      H
$eht charge=-1 unpaired=0
$end
