$coord
       -2.57810423021642       -0.60999414706483       -1.23137389408029      C
       -1.41517432694313       -2.27071192881057       -1.63188245068406      H
       -3.84071340754717       -0.87507548035534        1.14267581858104      O
       -0.92942778338940        1.73467788313464       -1.10912940027004      C
        0.10848917728895        1.87520925673282       -2.88391861030132      H
       -2.14487695534786        3.39497236622664       -0.96380001202047      H
        0.92939565804515        1.73457016874507        1.10919743041082      C
       -0.10847028002765        1.87500516631045        2.88402821441702      H
        2.14489396288306        3.39484386484960        0.96400977162121      H
       -4.91235631051916       -2.33598684889271        1.03946464638120      H
       -3.94804985189507       -0.41025954344947       -2.76629449688598      H
        2.57805131788471       -0.61012642789412        1.23132287147470      C
        3.94770403201276       -0.41063748867606        2.76655149964005      H
        1.41504771529224       -2.27090279115001        1.63129285613059      H
        3.84115749318840       -0.87471643239012       -1.14252841994265      O
        4.90975037818191       -2.33796350242772       -1.04073265261638      H
$end
