$coord
    0.21176544632351      0.00090271223068      4.60875443357698      o
    1.28259755169474     -0.00246232335784      2.57544152054984      c
    0.13843583162317     -0.00603424263427      0.27268624172773      n
   -2.60011666044757     -0.00057036506625      0.07768054623865      c
    1.58363714822042      0.00137485207620     -2.05404739357985      c
    3.36436609958265     -0.00430744273061      2.41277804715460      h
   -3.38536509126958     -0.03381310583871      1.97648088313873      h
   -3.25719461300085     -1.66063592265871     -0.96575398247795      h
   -3.25827933431916      1.69622222811155     -0.90504549196416      h
    3.59749462167358     -0.00450223460313     -1.61879812731940      h
    1.15787420535128     -1.66973706173713     -3.19682765281735      h
    1.16478479456776      1.68356290620819     -3.18334902422782      h
$redundant
     number_of_atoms            12
     degrees_of_freedom         30
     internal_coordinates       30
     frozen_coordinates          0
# definitions of redundant internals
   1 k  1.0000000000000 tors    1    2    3    4 val=  89.90753
        1.0000000000000 tors    1    2    3    5
        1.0000000000000 tors    6    2    3    4
        1.0000000000000 tors    6    2    3    5
   2 k  1.0000000000000 stre    2    1           val=   2.29805
   3 k  1.0000000000000 stre    2    6           val=   2.08811
   4 k  0.8153121140267 bend    6    1    2      val=   2.00431
       -0.3695821578443 bend    3    1    2
       -0.4457299466318 bend    3    6    2
   5 k  0.0439641047890 bend    6    1    2      val=  -6.61548
       -0.7280628147463 bend    3    1    2
        0.6840991852603 bend    3    6    2
   6 k  1.0000000000000 outp    1    3    6    2 val=   0.03295
   7 k  1.0000000000000 tors    7    4    3    2 val=  89.01462
        1.0000000000000 tors    7    4    3    5
        1.0000000000000 tors    8    4    3    2
        1.0000000000000 tors    8    4    3    5
        1.0000000000000 tors    9    4    3    2
        1.0000000000000 tors    9    4    3    5
   8 k  1.0000000000000 stre    4    7           val=   2.05503
   9 k  1.0000000000000 stre    4    8           val=   2.06793
  10 k  1.0000000000000 stre    4    9           val=   2.06834
  11 k  0.4097648062157 bend    8    7    4      val=   0.39491
        0.4087675760601 bend    9    7    4
        0.4150503157943 bend    9    8    4
       -0.4062434693765 bend    3    7    4
       -0.4044676185766 bend    3    8    4
       -0.4051015882714 bend    3    9    4
  12 k  0.5940268321230 bend    8    7    4      val=   0.03076
       -0.5856696460261 bend    9    7    4
       -0.0090216594785 bend    9    8    4
        0.0061667825575 bend    3    7    4
        0.3874034141129 bend    3    8    4
       -0.3923294070401 bend    3    9    4
  13 k  0.3410982616957 bend    8    7    4      val=   0.66086
        0.3563350125149 bend    9    7    4
       -0.6831068587411 bend    9    8    4
        0.4407251779987 bend    3    7    4
       -0.2237911124759 bend    3    8    4
       -0.2138251849521 bend    3    9    4
  14 k  0.2088861759499 bend    8    7    4      val=   1.18001
        0.2342158779947 bend    9    7    4
       -0.4376757344294 bend    9    8    4
       -0.6870358753013 bend    3    7    4
        0.3637036134175 bend    3    8    4
        0.3250397316021 bend    3    9    4
  15 k  0.3970291533345 bend    8    7    4      val=   0.11147
       -0.3823560963150 bend    9    7    4
       -0.0142832505532 bend    9    8    4
       -0.0223560605140 bend    3    7    4
       -0.5782491492465 bend    3    8    4
        0.6009124592825 bend    3    9    4
  16 k  1.0000000000000 tors   10    5    3    2 val=  90.21188
        1.0000000000000 tors   10    5    3    4
        1.0000000000000 tors   11    5    3    2
        1.0000000000000 tors   11    5    3    4
        1.0000000000000 tors   12    5    3    2
        1.0000000000000 tors   12    5    3    4
  17 k  1.0000000000000 stre    5   10           val=   2.06036
  18 k  1.0000000000000 stre    5   11           val=   2.06878
  19 k  1.0000000000000 stre    5   12           val=   2.06894
  20 k  0.4110268406257 bend   11   10    5      val=   1.01638
        0.4114278944024 bend   12   10    5
        0.4256826237254 bend   12   11    5
       -0.4041763757080 bend    3   10    5
       -0.3983283362075 bend    3   11    5
       -0.3981888016317 bend    3   12    5
  21 k  0.5849363179575 bend   11   10    5      val=   0.01464
       -0.5819430331220 bend   12   10    5
       -0.0023800051279 bend   12   11    5
        0.0016709655746 bend    3   10    5
        0.3985499535122 bend    3   11    5
       -0.4004263829222 bend    3   12    5
  22 k  0.3447019689424 bend   11   10    5      val=   0.49972
        0.3491628390764 bend   12   10    5
       -0.6708741909988 bend   12   11    5
        0.4515586356853 bend    3   10    5
       -0.2309621767612 bend    3   11    5
       -0.2279143604751 bend    3   12    5
  23 k  0.2178706310099 bend   11   10    5      val=   0.55282
        0.2388868843770 bend   12   10    5
       -0.4524122318717 bend   12   11    5
       -0.6790012825683 bend    3   10    5
        0.3539396841809 bend    3   11    5
        0.3232221763762 bend    3   12    5
  24 k  0.4054087691586 bend   11   10    5      val=   0.03090
       -0.3932969369673 bend   12   10    5
       -0.0118697894719 bend   12   11    5
       -0.0178960489403 bend    3   10    5
       -0.5743501597064 bend    3   11    5
        0.5921334164164 bend    3   12    5
  25 k  1.0000000000000 stre    3    2           val=   2.57134
  26 k  1.0000000000000 stre    3    5           val=   2.73904
  27 k  1.0000000000000 stre    3    4           val=   2.74549
  28 k  0.7266027488679 bend    5    2    3      val=   0.69575
       -0.6858480345846 bend    4    2    3
       -0.0407543714723 bend    4    5    3
  29 k  0.3724455191551 bend    5    2    3      val=   1.64395
        0.4430343590979 bend    4    2    3
       -0.8154783209381 bend    4    5    3
  30 k  1.0000000000000 outp    2    4    5    3 val=  -0.34013
        30 non zero eigenvalues  of BmBt
           1           4.438380920    1    0
         1
           2           4.226868141    2    0
         2
           3           3.882379784    3    0
         3
           4           3.699688206    4    0
         4
           5           3.270627278    5    0
         5
           6           3.249249277    6    0
         6
           7           3.161691915    7    0
         7
           8           3.094386686    8    0
         8
           9           2.972293216    9    0
         9
          10           1.603594547   10    0
        10
          11           1.587886413   11    0
        11
          12           1.157183222   12    0
        12
          13           0.886919987   13    0
        13
          14           0.864183248   14    0
        14
          15           0.859460197   15    0
        15
          16           0.757354770   16    0
        16
          17           0.704645949   17    0
        17
          18           0.703329575   18    0
        18
          19           0.694231896   19    0
        19
          20           0.591860482   20    0
        20
          21           0.539376346   21    0
        21
          22           0.468703866   22    0
        22
          23           0.385809763   23    0
        23
          24           0.344376004   24    0
        24
          25           0.333707608   25    0
        25
          26           0.308796124   26    0
        26
          27           0.198489296   27    0
        27
          28           0.171975686   28    0
        28
          29           0.072978511   29    0
        29
          30           0.072581851   30    0
        30
$user-defined bonds
$end
