$coord
        2.74524036448939       -0.33552116165926        2.38761836152594      C
        2.74524036448939       -0.33552116165926       -2.38761836152594      C
       -2.74524036448939        0.33552116165926        2.38761836152594      C
       -2.74524036448939        0.33552116165926       -2.38761836152594      C
        1.35922739696416        0.49383067483374        0.00000000000000      C
       -1.35922739696416       -0.49383067483374        0.00000000000000      C
        1.35419148675181        0.49408469178381       -4.77188586867463      C
        1.35419148675181        0.49408469178381        4.77188586867463      C
       -1.35419148675181       -0.49408469178381       -4.77188586867463      C
       -1.35419148675181       -0.49408469178381        4.77188586867463      C
        1.32101977898322        2.55956843123750       -4.85206586333467      H
        1.32101977898322        2.55956843123750        4.85206586333467      H
       -1.32101977898322       -2.55956843123750       -4.85206586333467      H
       -1.32101977898322       -2.55956843123750        4.85206586333467      H
       -2.90683131165914        2.39926092017877       -2.37254229854450      H
       -2.90683131165914        2.39926092017877        2.37254229854450      H
        2.90683131165914       -2.39926092017877       -2.37254229854450      H
        2.90683131165914       -2.39926092017877        2.37254229854450      H
       -1.25820651370009       -2.56894674870106        0.00000000000000      H
        1.25820651370009        2.56894674870106        0.00000000000000      H
        2.35771149713363       -0.15419552816903       -6.45252213110506      H
        2.35771149713363       -0.15419552816903        6.45252213110506      H
       -2.35771149713363        0.15419552816903       -6.45252213110506      H
       -2.35771149713363        0.15419552816903        6.45252213110506      H
       -4.66936340254031       -0.41346188586643       -2.37268806662780      H
       -4.66936340254031       -0.41346188586643        2.37268806662780      H
        4.66936340254031        0.41346188586643       -2.37268806662780      H
        4.66936340254031        0.41346188586643        2.37268806662780      H
$end
