$coord
        1.44234847999999        0.00000000000000       -0.83333333333334      C
       -1.44234847999999        0.00000000000000       -0.83333333333334      C
        2.18800601000001        1.92171526900001       -0.83322888833333      H
        2.18800601000001       -0.96094808600000        0.83086966566668      H
        2.18800601000001       -0.96076718300001       -2.49764077633332      H
       -2.18800601000001       -1.92171526900001       -0.83322888833333      H
       -2.18800601000001        0.96094808600000        0.83086966566668      H
       -2.18800601000001        0.96076718300001       -2.49764077633332      H
        0.00000000000000       -0.00000000000000        6.66666666666667      Ar
$end
