$coord
   -1.14215593590774      0.18195127875450      2.46510250903027      c
   -1.41561922625942      2.70462771567806      0.00000000000000      si
    2.91290967587070     -0.17128587978855      1.31854043229300      c
   -2.18794786115097     -1.96918525522222      1.33080323279799      c
   -1.14215593590774      0.18195127875450     -2.46510250903027      c
    2.91290967587070     -0.17128587978855     -1.31854043229300      c
   -2.18794786115097     -1.96918525522222     -1.33080323279799      c
   -1.08788048323091      0.36869447855450      4.50396019439245      h
   -3.97149154770729      3.89314295640682      0.00000000000000      h
    0.51198889888223      4.74221415153528      0.00000000000000      h
    3.54528977462410      1.49214444979376      2.33078548742903      h
    3.11328530448954     -1.92916613213634      2.33938078216759      h
   -2.71593953715249     -3.64314535176573      2.39508460810177      h
   -1.08788048323091      0.36869447855450     -4.50396019439245      h
    3.54528977462410      1.49214444979376     -2.33078548742903      h
    3.11328530448954     -1.92916613213634     -2.33938078216759      h
   -2.71593953715249     -3.64314535176573     -2.39508460810177      h
$user-defined bonds
$redundant
     number_of_atoms            17
     degrees_of_freedom         24
     internal_coordinates       30
     frozen_coordinates          0
# definitions of redundant internals
   1 k  1.0000000000000 stre    2    9           val=   2.81870
   2 k  1.0000000000000 stre    3   12           val=   2.04265
   3 k  1.0000000000000 stre    4   13           val=   2.05271
   4 k  1.0000000000000 stre    2   10           val=   2.80489
   5 k  1.0000000000000 stre    1    8           val=   2.04811
   6 k  1.0000000000000 stre    3   11           val=   2.04733
   7 k  0.6685420375211 bend   11   12    3      val=  11.66842
       -0.4328217887225 bend    6   12    3
       -0.4491805112239 bend    6   11    3
        0.2762014668711 bend    1   12    3
        0.2960852264283 bend    1   11    3
   8 k -0.7198665450061 bend    4    8    1      val=  12.22264
        0.6669520816951 bend    2    8    1
        0.1922682451774 bend    3    8    1
   9 k  0.7072361003168 bend    1   13    4      val=   0.82144
       -0.7069774384014 bend    7   13    4
  10 k  1.0000000000000 outp   13    7    1    4 val=   7.19374
  11 k -0.5313457678307 bend   11   12    3      val=  27.09419
       -0.0090510345219 bend    6   12    3
       -0.0191919359546 bend    6   11    3
        0.5998211770072 bend    1   12    3
        0.5978594977003 bend    1   11    3
  12 k  0.0564238309703 bend    9   10    2      val=  -0.07383
       -0.4999466622661 bend    5   10    2
        0.4984591362772 bend    5    9    2
       -0.4999466622661 bend    1   10    2
        0.4984591362772 bend    1    9    2
  13 k -0.8411937442800 bend    9   10    2      val=  16.70713
        0.2451135311440 bend    5   10    2
        0.2934551058377 bend    5    9    2
        0.2451135311440 bend    1   10    2
        0.2934551058377 bend    1    9    2
  14 k -0.1139260385592 bend    4    8    1      val=  22.62662
       -0.3867719379355 bend    2    8    1
        0.9151111002298 bend    3    8    1
  15 k  0.0108985490803 bend   11   12    3      val=  -1.24099
       -0.1583847544024 bend    6   12    3
        0.1444085991914 bend    6   11    3
        0.6954349589455 bend    1   12    3
       -0.6857928736557 bend    1   11    3
  16 k  0.0022176237616 bend   11   12    3      val=   0.53913
        0.6985016738674 bend    6   12    3
       -0.6827446806371 bend    6   11    3
        0.1465692209928 bend    1   12    3
       -0.1564214124365 bend    1   11    3
  17 k  1.0000000000000 stre    1    4           val=   2.64721
  18 k  1.0000000000000 stre    1    2           val=   3.53771
  19 k  1.0000000000000 stre    3    6           val=   2.63708
  20 k  1.0000000000000 stre    4    7           val=   2.66161
  21 k  1.0000000000000 bend    2    4    1      val= 104.49778
  22 k  1.0000000000000 bend    1    5    2      val=  88.34276
  23 k  1.0000000000000 bend    7    1    4      val= 115.37171
  24 k  1.0000000000000 tors    7    4    1    2 val= -21.61099
        1.0000000000000 tors    7    4    1    3
  25 k  1.0000000000000 tors    5    2    1    3 val=  20.64994
        1.0000000000000 tors    5    2    1    4
  26 k  1.0000000000000 stre    1    3           val=   4.22882
  27 k  0.8791038851505 bend    3    4    1      val=  96.16945
        0.4766302121280 bend    3    2    1
  28 k -0.4766302121280 bend    3    4    1      val=  20.71631
        0.8791038851505 bend    3    2    1
  29 k  1.0000000000000 bend    1    6    3      val= 105.73154
  30 k  1.0000000000000 tors    6    3    1    2 val=   7.27007
        1.0000000000000 tors    6    3    1    4
        24 non zero eigenvalues  of BmBt
           1           2.739627570    1    0
         1
           2           2.566183553    2    0
         2
           3           2.453993043    3    0
         3
           4           2.269127097    4    0
         4
           5           2.034877852    5    0
         5
           6           1.914423863    6    0
         6
           7           1.454817277    7    0
         7
           8           1.187338551    8    0
         8
           9           1.016053451    9    0
         9
          10           0.962597122   10    0
        10
          11           0.733770411   11    0
        11
          12           0.598540110   12    0
        12
          13           0.508203143   13    0
        13
          14           0.329107173   14    0
        14
          15           0.305374447   15    0
        15
          16           0.238055484   16    0
        16
          17           1.150487798   17    0
        17
          18           0.679939174   18    0
        18
          19           0.559829523   19    0
        19
          20           0.478368639   20    0
        20
          21           0.290773936    0    0
         0.000000000         0.000000000         0.000000000         0.000000000
         0.000000000         0.000000000         0.000000000         0.000000000
         0.000000000         0.000000000         0.000000000         0.000000000
         0.000000000         0.000000000         0.000000000         0.000000000
         0.000000000         0.000000000         0.000000000         0.000000000
         0.725031914        -0.550934071        -0.413280018         0.000000000
         0.000000000         0.000000000         0.000000000         0.000000000
         0.000000000         0.000000000
          22           0.202359471    0    0
         0.000000000         0.000000000         0.000000000         0.000000000
         0.000000000         0.000000000         0.000000000         0.000000000
         0.000000000         0.000000000         0.000000000         0.000000000
         0.000000000         0.000000000         0.000000000         0.000000000
         0.000000000         0.000000000         0.000000000         0.000000000
         0.000000000         0.000000000         0.000000000        -0.616385948
         0.787444197         0.000000000         0.000000000         0.000000000
         0.000000000         0.000000000
          23           0.452412678    0    0
         0.000000000         0.000000000         0.000000000         0.000000000
         0.000000000         0.000000000         0.000000000         0.000000000
         0.000000000         0.000000000         0.000000000         0.000000000
         0.000000000         0.000000000         0.000000000         0.000000000
         0.000000000         0.000000000         0.000000000         0.000000000
         0.000000000         0.000000000         0.000000000         0.000000000
         0.000000000         0.993344119         0.068553595         0.058431561
        -0.068942168         0.020014896
          24           0.070040539    0    0
         0.000000000         0.000000000         0.000000000         0.000000000
         0.000000000         0.000000000         0.000000000         0.000000000
         0.000000000         0.000000000         0.000000000         0.000000000
         0.000000000         0.000000000         0.000000000         0.000000000
         0.000000000         0.000000000         0.000000000         0.000000000
         0.000000000         0.000000000         0.000000000         0.000000000
         0.000000000        -0.025667324        -0.428532723         0.825322047
         0.010004091         0.366666512
$end
