$coord
    1.97098658338820     -1.27330359726610     -0.62359793899190       n
   -0.08049781628230     -0.67344334363074      1.04030316271116       c
   -2.52812352560703     -1.19984315922862     -0.37324346569410       c
   -2.60379823787070     -1.25780202093089     -2.68991422416729       o
   -0.02493426146513      2.08540444189520      1.95569441702608       c
    0.06429475609833      4.41233867833066     -0.55784380720842       s
    1.56489288710404     -1.26140747838930     -2.48479446577798       h
    0.05329174928870     -1.86543382798611      2.72167505975940       h
   -1.61635294477044      2.44454033685132      3.21047010754757       h
    1.71718642402033      2.36218665270793      3.01407423070297       h
    4.38530285162641     -1.35905877365005      0.24055528416557       c
    4.89250474301042     -1.13463018390317      2.49285198689088       o
   -4.58658992322822     -1.45180725514541      1.12566210960034       n
   -7.09443513952584     -1.86814145794771      0.11036695446876       c
   -8.43370008357430     -0.54304553582133      0.93080847884725       h
   -6.99057542099958     -1.56703520723232     -1.91530249062940       h
   -7.73725356177990     -3.79000095823237      0.46460603338123       h
   -4.31698592523973     -1.54171006339497      3.00338915623237       h
    6.38287328290249     -1.73547576465536     -1.75615395850798       c
    7.32525439433009      0.06343508823183     -2.08427340363255       h
    5.61263013794713     -2.41666997615333     -3.53454729812841       h
    7.77822036180375     -3.06292078235912     -1.04714526899663       h
   -2.04741863153924      3.66560694687422     -1.73475292399990       h
$end
