$coord
       -3.88468647990315       -3.60751604721775        0.33775648044609      C
       -1.23452444757211       -2.70350307324239       -0.33996879200981      C
       -0.90045548533202        0.16225901627158       -0.14508832708532      C
        1.55967416216093        1.03238560697689       -1.42927734947197      C
        3.94017958060795        0.08747123095358       -0.10249161625626      C
        1.66552558935343        3.89904566296622       -1.71954726260551      C
       -1.11750664906016        1.04719392651432        2.59253318462241      C
       -5.29667207229068       -2.66093212080467       -0.82699061896064      H
       -4.07659292789270       -5.63419743710125        0.03591887129962      H
       -4.33773272699212       -3.23112105142590        2.30837822419144      H
       -0.79622807956347       -3.28961146490583       -2.27153119636000      H
        0.13926295315533       -3.63937271082786        0.88462849698074      H
       -2.44917670950287        1.02730904098364       -1.21606572932443      H
        1.53239799428204        0.21714128505409       -3.33054527151545      H
        4.11319905792051        0.91229245270781        1.77742883671989      H
        5.61450669625710        0.63289078790461       -1.17106508793215      H
        3.96160372801724       -1.96091293676077        0.09138346187296      H
        1.84264291395977        4.82871466872633        0.10976938880241      H
       -0.03039834360082        4.62049523889010       -2.64085638428950      H
        3.29341646748927        4.45627311937911       -2.85206889212898      H
        0.27869655266534        0.10699612400712        3.78143047805952      H
       -2.97683180356894        0.61817957249614        3.36069354402798      H
       -0.84029997058979        3.07851910845488        2.76557556091693      H
$end
