$coord
   -1.11185424833895     -0.91878742980463     -1.93392299517428      c
   -2.27682170269129     -0.49898785825189      0.68079350584095      c
    1.11185424833895      0.91878742980463     -1.93392299517428      c
    2.27682170269129      0.49898785825189      0.68079350584095      c
    0.00000000000000      0.00000000000000      2.44463044174762      c
   -2.44469793747495     -0.60498942455615     -3.46995839887980      h
   -0.40278827419304     -2.85080267958022     -2.09416256702381      h
   -3.49359797036482      1.16292696562486      0.61656324658399      h
   -3.43349442644227     -2.07950659266219      1.30855588885455      h
    0.40278827419304      2.85080267958022     -2.09416256702381      h
    2.44469793747495      0.60498942455615     -3.46995839887980      h
    3.49359797036482     -1.16292696562486      0.61656324658399      h
    3.43349442644227      2.07950659266219      1.30855588885455      h
    0.36277787135058     -1.61189426077433      3.66981609892460      h
   -0.36277787135058      1.61189426077433      3.66981609892460      h
$user-defined bonds
$redundant
     number_of_atoms            15
     degrees_of_freedom         20
     internal_coordinates       20
     frozen_coordinates          0
# definitions of redundant internals
   1 k  1.0000000000000 stre    1    6           val=   2.05775
   2 k  1.0000000000000 stre    1    7           val=   2.06425
   3 k  1.0000000000000 stre    2    9           val=   2.05670
   4 k  1.0000000000000 stre    2    8           val=   2.06074
   5 k  1.0000000000000 stre    1    3           val=   2.88471
   6 k  1.0000000000000 stre    3    4           val=   2.89312
   7 k  1.0000000000000 stre    5    2           val=   2.92302
   8 k -0.8090169943749 tors    4    5    2    1 val=  10.57125
        0.3090169943749 tors    5    2    1    3
        0.3090169943750 tors    2    1    3    4
       -0.8090169943750 tors    1    3    4    5
        1.0000000000000 tors    3    4    5    2
   9 k  1.0000000000000 stre    5   15           val=   2.05691
  10 k  0.0710793721216 bend    7    6    1      val=   1.03084
       -0.4964862036548 bend    3    6    1
        0.5007343281779 bend    3    7    1
       -0.5094173653413 bend    2    6    1
        0.4880658284619 bend    2    7    1
  11 k  0.0030947578530 bend    8    9    2      val=   0.14934
        0.5238244611707 bend    1    9    2
        0.4761525534440 bend    1    8    2
       -0.5145960078153 bend    5    9    2
       -0.4838057987895 bend    5    8    2
  12 k  0.0003629389580 bend    7    6    1      val=   0.05091
        0.5282241616249 bend    3    6    1
        0.4709228471167 bend    3    7    1
       -0.5151560485471 bend    2    6    1
       -0.4835545688543 bend    2    7    1
  13 k -0.8762779877895 bend    7    6    1      val=   6.38033
        0.2036404457869 bend    3    6    1
        0.2748024168107 bend    3    7    1
        0.2069998885938 bend    2    6    1
        0.2688905628549 bend    2    7    1
  14 k -0.8826811589823 bend    8    9    2      val=   4.74096
        0.2002919729603 bend    1    9    2
        0.2683885780118 bend    1    8    2
        0.2016017017409 bend    5    9    2
        0.2609241694313 bend    5    8    2
  15 k -0.8874242986177 bend   15   14    5      val=   4.16579
        0.2321164804441 bend    4   14    5
        0.2288252534528 bend    4   15    5
        0.2288252534528 bend    2   14    5
        0.2321164804441 bend    2   15    5
  16 k  0.0685252271572 bend    8    9    2      val=   1.23523
       -0.4991857084169 bend    1    9    2
        0.5008298200668 bend    1    8    2
       -0.5050752546277 bend    5    9    2
        0.4900881555904 bend    5    8    2
  17 k -0.8090169943749 bend    1    4    3      val=  -0.04750
        0.3090169943749 bend    3    5    4
        0.3090169943750 bend    4    2    5
       -0.8090169943750 bend    5    1    2
        1.0000000000000 bend    2    3    1
  18 k -0.0023123289092 bend   15   14    5      val=   0.39580
       -0.4986526632731 bend    4   14    5
        0.5013410495642 bend    4   15    5
        0.5013410495642 bend    2   14    5
       -0.4986526632731 bend    2   15    5
  19 k -0.0030524875271 bend    7    6    1      val=   0.65397
        0.4789916373712 bend    3    6    1
       -0.5193150264669 bend    3    7    1
       -0.4755613843412 bend    2    6    1
        0.5241287691565 bend    2    7    1
  20 k -0.0029712460212 bend    8    9    2      val=   0.55276
        0.4803314562696 bend    1    9    2
       -0.5158992569449 bend    1    8    2
       -0.4796838862535 bend    5    9    2
        0.5225171669594 bend    5    8    2
        20 non zero eigenvalues  of BmBt
           1           5.213950307    1    0
         1
           2           3.889837293    2    0
         2
           3           3.699506424    3    0
         3
           4           3.377220647    4    0
         4
           5           2.830076477    5    0
         5
           6           2.272058100    6    0
         6
           7           1.710957622    7    0
         7
           8           0.837969778    8    0
         8
           9           0.790536732    9    0
         9
          10           0.761870568   10    0
        10
          11           0.697294065   11    0
        11
          12           0.469727236   12    0
        12
          13           0.353504574   13    0
        13
          14           0.333495072   14    0
        14
          15           0.313684762   15    0
        15
          16           0.306209386   16    0
        16
          17           0.244938998   17    0
        17
          18           0.235226551   18    0
        18
          19           0.171313068   19    0
        19
          20           0.064136329   20    0
        20
$end
