$coord
    3.18998458105556      0.54239669222222     -2.13246432938889      c
    3.21239400705556      2.34940067222222     -3.11171041738889      h
    4.48558897505556     -0.75502723677778     -3.05408037338889      h
    3.83254965205556      0.81895378322222     -0.19763217638889      h
    0.60505284605556     -0.65923044577778     -2.04846541638889      c
    0.29783044905556     -2.88297457577778     -1.48669193538889      o
   -1.35143718394444      0.91939631322222     -2.60118439238889      n
   -0.96500545894444      2.74117649322222     -2.95624546038889      h
   -3.95266369194445      0.09444873422222     -2.46327713838889      c
   -3.94269628294444     -1.95661470277778     -2.45220557038889      h
   -4.87963294894444      0.75557258322222     -0.74636443638889      h
   -5.00662396194444      0.76489035122222     -4.09470375938889      h
    0.02380367305556      0.57071337322222      4.49311294561111      c
    0.01457885505556      1.97321850522222      5.97821566461111      h
   -1.20174552594444      0.88775013022222      2.88933355661111      h
    1.47607756905556     -1.48334683477778      4.62503398561111      c
    2.69552713305556     -1.80805021477778      6.23154270461111      h
    1.46641731405556     -2.87267362077778      3.12778654861111      h
$user-defined bonds
$end
