$coord
       -2.98812615755363        0.57571834824923        0.00000000000000      N
       -2.09631890479823       -1.79608814734184        0.00000000000000      C
       -3.50271565934466       -3.28121163034060        0.00000000000000      H
        0.46690890928522       -2.38783949812768        0.00000000000000      C
        1.06409748896944       -4.34061498538735        0.00000000000000      H
        2.21772168437894       -0.42703415781439        0.00000000000000      C
        4.22383456732049       -0.81390581994343        0.00000000000000      H
        1.32189380457708        2.04400793079437        0.00000000000000      C
        2.60195838183638        3.63520961107669        0.00000000000000      H
       -1.27843282954496        2.44418925681202        0.00000000000000      C
       -2.03082128512603        4.34756909202297        0.00000000000000      H
$end
