$coord
       -2.31446040951778       -2.20196879062338        0.00000000000000      C
       -1.13122944725555        0.43277490095225        0.00000000000000      C
        1.79362630874816        0.33448888812762        0.00000000000000      C
        2.90668269434743       -0.92934629790921        2.34545633577871      C
        2.90668269434743       -0.92934629790921       -2.34545633577871      C
       -2.05661309549190        1.86653190044835        2.33400017973660      C
       -2.05661309549190        1.86653190044835       -2.33400017973660      C
       -1.77664806124976       -3.27975100946135        1.67012308734640      H
       -4.37001702660272       -2.04008553230147        0.00000000000000      H
       -1.77664806124976       -3.27975100946135       -1.67012308734640      H
        2.41626770749758        2.31042575253915        0.00000000000000      H
        2.38833462086923       -2.92210913501947        2.42752592694697      H
        2.29752260787846       -0.03292690645056        4.09197557698367      H
        4.96303544552242       -0.83399868595536        2.28159673133235      H
        2.38833462086923       -2.92210913501947       -2.42752592694697      H
        4.96303544552242       -0.83399868595536       -2.28159673133235      H
        2.29752260787846       -0.03292690645056       -4.09197557698367      H
       -1.66999464986185        0.83738915724020        4.07304305548955      H
       -4.09397339377613        2.15885661219390        2.22391466010693      H
       -1.15543973467276        3.71753675556639        2.46527807924590      H
       -1.66999464986185        0.83738915724020       -4.07304305548955      H
       -1.15543973467276        3.71753675556639       -2.46527807924590      H
       -4.09397339377613        2.15885661219390       -2.22391466010693      H
$end
