$coord
       -1.39057562275279       -1.87593239736763        0.00000000000000      C
       -2.77996547605656        0.34241839265114        0.00000000000000      C
       -1.50388077741521        2.64228081482021        0.00000000000000      C
        1.11782217770602        2.60816348302062        0.00000000000000      C
        2.49542439854023        0.48415171793592        0.00000000000000      N
        1.24589282704297       -1.70565707108051        0.00000000000000      C
        3.02687209372553       -4.52241338863546        0.00000000000000      S
       -4.82126602716073        0.27756197892792        0.00000000000000      H
       -2.51004165144881        4.41694179726908        0.00000000000000      H
        2.18483992576645        4.35240449027178        0.00000000000000      H
       -2.30725381124816       -3.70059786218896        0.00000000000000      H
        5.24213194330106       -3.31932195562414        0.00000000000000      H
$end
