$coord
   -3.73928560154138      0.73333044370671      0.00000000000000      n
   -0.18427111907443      3.37588647544142      0.00000000000000      n
    2.25144086186927     -2.83749784565750      0.00000000000000      n
    3.86424174292157      1.04465622616604      0.00000000000000      n
   -3.42538356057969     -3.58592235301033      0.00000000000000      n
    4.30891428258959     -1.52510332997184      0.00000000000000      c
    1.33559251126015      1.31592032528664      0.00000000000000      c
   -2.29608259545679     -1.38014027478526      0.00000000000000      c
   -2.70503026753227      2.94006032912265      0.00000000000000      c
    0.35566263881166     -1.09722406951759      0.00000000000000      c
    5.19953088626206      2.40819338095194      0.00000000000000      h
   -5.33003352381084     -3.68341910376467      0.00000000000000      h
   -2.41920012265987     -5.20603614180098      0.00000000000000      h
   -3.90155331506051      4.60205161456978      0.00000000000000      h
    6.20773447815596     -2.27385807619991      0.00000000000000      h
    0.47772270384552      5.16910239946287      0.00000000000000      h
$user-defined bonds
$end
