$coord
       -0.17460534552941       -0.17162680417648       -1.05481092176472      C
        0.15475499747059        1.29601943782352        2.94534026823529      C
        0.11367802347059       -1.24621948917648        3.07370179523529      C
       -0.05982149952941       -2.09207218017648        0.61768917623528      N
        0.00661748647060        1.89513627582353        0.42008997823529      N
        0.27663287447059        2.69357574282353        4.42345748123529      H
        0.19491356447059       -2.48931526017648        4.68746543023529      H
       -0.12538176352941       -4.72578518317647       -0.08474087176470      C
        0.02638402047058        4.44014931982352       -0.56176062376472      C
        1.55094314047059       -5.71527783717646        0.59460428423528      H
       -1.79528915752941       -5.65470267017647        0.68795107823529      H
       -0.18110222352942       -4.84700354617647       -2.13259535276471      H
       -1.60727842852941        5.49565766182353        0.11540945723529      H
        1.74607435647058        5.42604960482353       -0.00208236676471      H
       -0.04067668552941        4.35472236682354       -2.61306196576471      H
        0.15998008947059        0.99379178082352       -6.78101893376470      Cl
       -0.24582344952940        0.34690077982353       -4.33563791276470      H
$end
