$coord
       -1.74246991645679        1.24920432912263        0.00000000000000      O
        0.07973372763483        1.18783709988660        0.00000000000000      H
       -2.61444426900150       -1.27448235622995        0.00000000000000      C
       -4.66722848609430       -1.21516139522814        0.00000000000000      H
       -2.00690830058981       -2.32109668754219       -1.67239243065228      H
       -2.00690830058981       -2.32109668754219        1.67239243065228      H
        3.76692366694740        1.06681041463473        0.00000000000000      O
        4.59604045350448        1.80946547218324       -1.43108382022914      H
        4.59604045350448        1.80946547218324        1.43108382022914      H
$end
