$coord
   -2.32337289074009     -0.52443088807223      0.76221779262340       n
    0.15241174877138     -0.18300824568791     -0.31990341778584       c
    2.01940653580983     -1.34634466481553      1.53707103689535       c
    1.52187373603454     -1.37371087805405      3.81020838130530       o
    0.65517926688285      2.64511218633230     -0.75912173172639       c
    2.94920072896734      2.80189872958134     -2.16840151743142       o
    0.81092329125002      4.16339894646920      1.66328101822147       c
   -2.36688485189821     -0.88331360946650      2.63324174175432       h
    0.19954496231912     -1.10616719020696     -2.15923075184768       h
   -0.93020373673545      3.30024111991312     -1.91076969275855       h
    3.29783008960685      4.56478359232966     -2.44398305312741       h
    1.02385926678659      6.16439880422169      1.21929405061460       h
    2.41586610492742      3.56218775963042      2.79904597589857       h
   -0.90427001986065      3.94189023770743      2.77601270433896       h
    4.20536761189874     -2.28098790330109      0.61378289677221       n
    5.30206701188149     -3.06874641292727      1.95808943062292       h
    4.86611929922403     -2.69646936695167     -2.01759347366140       c
    4.41743344828329     -1.03801557471238     -3.13086208111475       h
    6.89310445245312     -3.00400862244193     -2.12337948465401       h
    3.91566336743662     -4.34888406879415     -2.80008901826533       h
   -4.42744672996989     -0.60779048120851     -0.70513681509603       c
   -4.35250516158907     -0.28774755862323     -2.99914251873481       o
   -6.86400249239842     -1.12174534847192      0.68635795374460       c
   -7.65926881236983     -2.88035151243000     -0.02038938785058       h
   -8.19473906016134      0.38182113643567      0.25247838358586       h
   -6.62079689887026     -1.25538170099738      2.72171777274231       h
$end
