$coord
   -0.22475950984104      1.72025947663879     -0.63635775560324       n
   -0.18671839219936     -0.74117445737591      0.56593444575827       c
    2.38246895913443     -2.05826180038407      0.52342082967376       c
    2.73596019270725     -3.92387127414306      1.84915118933072       o
   -2.06779857175035     -2.49806494492513     -0.76284237191558       c
   -4.69448030202581     -1.38653518653312     -0.69868464591299       c
   -5.26626650930229      0.45463056689208     -1.99378221495410       o
   -6.33586645866972     -2.49289974336893      0.92173433924708       n
   -1.73682643236780      2.04269204041555     -1.76966722847942       h
   -0.66974051846081     -0.56399030214048      2.56528835726761       h
   -1.96020042380822     -4.33799779994140      0.14666272024418       h
   -1.51640239439075     -2.69748557715417     -2.73758699339419       h
   -8.07344405733273     -1.75007080539064      1.10746742924403       h
   -5.83055613716478     -3.96932699197819      1.99385771933481       h
    4.06266987385349     -1.11878467890406     -1.14804293356946       n
    3.60770227863375      0.54110621676406     -1.95546325957870       h
    6.62085623688869     -2.06875449921041     -1.28500904803106       c
    7.26947155757994     -2.07147972142471     -3.23402389190726       h
    7.90896935597096     -0.93992401533273     -0.14170340340865       h
    6.61487076700045     -3.98845162826834     -0.56237513695754       h
    0.73980635861326      3.74571905550395      0.67071425213185       c
    2.08206377071630      3.46732713725542      2.53016952227780       o
    0.03035923363398      6.30154948765319     -0.37320985627281       c
   -1.52162368943961      7.05659729084790      0.74814763133977       h
   -0.56302608369772      6.21090088131946     -2.33794050217366       h
    1.63003888582773      7.57123664589285     -0.17778875303600       h
$end
