$coord
   -4.08401877740556      1.10444653509444     -0.73568810349444      c
   -1.48933844620556      1.07257900889444     -0.96716413889444      c
   -0.50335798310556      3.57554840669444     -1.25371639749444      c
   -2.33658965180556      5.41242202349444     -1.23452362239444      c
   -5.30170001300556      4.12189493189444     -0.86426781829444      s
   -5.34362698190556     -0.50037463550556     -0.50324372929444      h
    1.50059969009444      3.99476973219444     -1.47950262259444      h
   -2.10987408230556      7.44283031099444     -1.42786229769444      h
    0.10824967649444     -1.28288779730556     -0.88327753589444      c
    1.41181129549445     -1.29556860950556     -2.51223584609444      h
   -1.11361566760556     -2.95374987720556     -1.10685705909444      h
    1.66182403579444     -1.55624275650556      1.56371193560556      c
    2.88057176789444      0.11704599419444      1.79242615660556      h
    0.36232670029444     -1.54533078850556      3.19100173340556      h
    3.27430371429444     -3.95566677560556      1.60042600200556      c
    4.62145655019444     -3.98529782730556      0.01543151800556      h
    4.36852252959444     -4.10628390510556      3.35962925170556      h
    2.09245564319444     -5.66013397090556      1.44571257390556      h
$redundant
     number_of_atoms            18
     degrees_of_freedom         48
     internal_coordinates       48
     frozen_coordinates          0
# definitions of redundant internals
   1 k  1.0000000000000 stre    1    6           val=   2.05331
   2 k  0.7071082105755 bend    2    6    1      val=   3.87156
       -0.7071053517947 bend    5    6    1
   3 k  1.0000000000000 outp    6    5    2    1 val=   0.21993
   4 k  1.0000000000000 stre    3    7           val=   2.05975
   5 k  0.7071071458853 bend    4    7    3      val=  -0.35940
       -0.7071064164876 bend    2    7    3
   6 k  1.0000000000000 outp    7    2    4    3 val=   0.35213
   7 k  1.0000000000000 stre    4    8           val=   2.05215
   8 k  0.7071097999209 bend    3    8    4      val=   4.09469
       -0.7071037624393 bend    5    8    4
   9 k  1.0000000000000 outp    8    5    3    4 val=  -0.31226
  10 k  1.0000000000000 stre    9   11           val=   2.08200
  11 k  1.0000000000000 stre    9   10           val=   2.08637
  12 k  0.0160355587973 bend   10   11    9      val=   0.17959
       -0.5026097434885 bend    2   11    9
       -0.5014834240125 bend    2   10    9
        0.5004549703016 bend   12   11    9
        0.4951620994639 bend   12   10    9
  13 k  0.0109992893688 bend   10   11    9      val=   0.13384
       -0.5164883769719 bend    2   11    9
        0.5111984523564 bend    2   10    9
       -0.4865359407415 bend   12   11    9
        0.4848481130844 bend   12   10    9
  14 k  0.9072890364343 bend   10   11    9      val=   2.62484
       -0.1969464078243 bend    2   11    9
       -0.2067221199277 bend    2   10    9
       -0.2116143267143 bend   12   11    9
       -0.2247755740135 bend   12   10    9
  15 k -0.0016531716029 bend   10   11    9      val=   0.16798
       -0.4834429746891 bend    2   11    9
        0.4880295605867 bend    2   10    9
        0.5129188170869 bend   12   11    9
       -0.5148024789364 bend   12   10    9
  16 k  1.0000000000000 stre   12   14           val=   2.08252
  17 k  1.0000000000000 stre   12   13           val=   2.08268
  18 k  0.0224237565313 bend   13   14   12      val=   0.34814
       -0.5027716523833 bend   15   14   12
       -0.5005757999056 bend   15   13   12
        0.4962418085771 bend    9   14   12
        0.4998857636218 bend    9   13   12
  19 k  0.0016616006454 bend   13   14   12      val=   0.05937
        0.5099730546373 bend   15   14   12
       -0.5127885762010 bend   15   13   12
        0.4898067644389 bend    9   14   12
       -0.4868900617746 bend    9   13   12
  20 k  0.9049983055150 bend   13   14   12      val=   1.65211
       -0.2008698331891 bend   15   14   12
       -0.2021337544065 bend   15   13   12
       -0.2254562626544 bend    9   14   12
       -0.2212256677899 bend    9   13   12
  21 k -0.0022069927777 bend   13   14   12      val=   0.23082
        0.4896601331378 bend   15   14   12
       -0.4870434905552 bend   15   13   12
       -0.5108052423351 bend    9   14   12
        0.5119518785092 bend    9   13   12
  22 k  1.0000000000000 tors   17   15   12    9 val=  59.80675
        1.0000000000000 tors   18   15   12    9
        1.0000000000000 tors   16   15   12    9
  23 k  1.0000000000000 stre   15   17           val=   2.07721
  24 k  1.0000000000000 stre   15   18           val=   2.07988
  25 k  1.0000000000000 stre   15   16           val=   2.08036
  26 k  0.4226758124854 bend   18   17   15      val=   1.59759
        0.4235531855496 bend   16   17   15
        0.4166717900310 bend   16   18   15
       -0.3946663039856 bend   12   17   15
       -0.3954724337607 bend   12   18   15
       -0.3951867135630 bend   12   16   15
  27 k -0.3429382075682 bend   18   17   15      val=   0.09823
       -0.3332565117600 bend   16   17   15
        0.6838585729180 bend   16   18   15
       -0.4511538049565 bend   12   17   15
        0.2207626795185 bend   12   18   15
        0.2267046956089 bend   12   16   15
  28 k  0.6368969492379 bend   18   17   15      val=   0.03326
       -0.6418676091544 bend   16   17   15
        0.0062298840839 bend   16   18   15
       -0.0031591694298 bend   12   17   15
        0.3033049553073 bend   12   18   15
       -0.3005421112736 bend   12   16   15
  29 k  0.2255641596946 bend   18   17   15      val=   0.05078
        0.2226447174815 bend   16   17   15
       -0.4507923789909 bend   16   18   15
       -0.6801891156281 bend   12   17   15
        0.3400955345359 bend   12   18   15
        0.3435318981584 bend   12   16   15
  30 k -0.3015583458465 bend   18   17   15      val=  -0.01366
        0.3023108703293 bend   16   17   15
       -0.0008057189612 bend   16   18   15
       -0.0024384577287 bend   12   17   15
        0.6406977116746 bend   12   18   15
       -0.6380991684111 bend   12   16   15
  31 k  1.0000000000000 tors   15   12    9    2 val= 180.20208
  32 k  1.0000000000000 stre   12   15           val=   2.89114
  33 k  1.0000000000000 bend    9   15   12      val= 112.71921
  34 k  1.0000000000000 tors   12    9    2    1 val= 161.65244
        1.0000000000000 tors   12    9    2    3
  35 k  1.0000000000000 stre    9   12           val=   2.91137
  36 k  1.0000000000000 bend    2   12    9      val= 113.69297
  37 k  1.0000000000000 stre    2    9           val=   2.84738
  38 k  0.7071103769042 bend    1    9    2      val=   0.08157
       -0.7071031854506 bend    3    9    2
  39 k  1.0000000000000 outp    9    3    1    2 val=   0.83859
  40 k  1.0000000000000 stre    1    2           val=   2.60518
  41 k  1.0000000000000 stre    2    3           val=   2.70539
  42 k  1.0000000000000 stre    3    4           val=   2.59523
  43 k  1.0000000000000 stre    4    5           val=   3.25491
  44 k  1.0000000000000 stre    5    1           val=   3.25642
  45 k -0.8090169943749 bend    1    3    2      val=   5.43506
        0.3090169943749 bend    2    4    3
        0.3090169943750 bend    3    5    4
       -0.8090169943750 bend    4    1    5
        1.0000000000000 bend    5    2    1
  46 k  0.5877852522925 bend    1    3    2      val=   3.07064
       -0.9510565162952 bend    2    4    3
        0.9510565162952 bend    3    5    4
       -0.5877852522925 bend    4    1    5
  47 k -0.8090169943749 tors    3    4    5    1 val=   0.02748
        0.3090169943749 tors    4    5    1    2
        0.3090169943750 tors    5    1    2    3
       -0.8090169943750 tors    1    2    3    4
        1.0000000000000 tors    2    3    4    5
  48 k  0.5877852522925 tors    3    4    5    1 val=  -0.00490
       -0.9510565162952 tors    4    5    1    2
        0.9510565162952 tors    5    1    2    3
       -0.5877852522925 tors    1    2    3    4
        48 non zero eigenvalues  of BmBt
           1           6.273883757    1    0
         1
           2           5.566279847    2    0
         2
           3           4.275219915    3    0
         3
           4           4.116881232    4    0
         4
           5           3.977030554    5    0
         5
           6           3.880259673    6    0
         6
           7           3.671765378    7    0
         7
           8           3.537122863    8    0
         8
           9           3.488775982    9    0
         9
          10           3.089840809   10    0
        10
          11           3.027859073   11    0
        11
          12           2.966781763   12    0
        12
          13           2.598973199   13    0
        13
          14           2.518302063   14    0
        14
          15           2.324151725   15    0
        15
          16           2.030690147   16    0
        16
          17           1.829774749   17    0
        17
          18           1.577742612   18    0
        18
          19           1.235375371   19    0
        19
          20           1.082595675   20    0
        20
          21           0.992650639   21    0
        21
          22           0.876906319   22    0
        22
          23           0.776005734   23    0
        23
          24           0.750998515   24    0
        24
          25           0.750065278   25    0
        25
          26           0.683002604   26    0
        26
          27           0.680125631   27    0
        27
          28           0.669726817   28    0
        28
          29           0.565229073   29    0
        29
          30           0.485406355   30    0
        30
          31           0.431326321   31    0
        31
          32           0.386017854   32    0
        32
          33           0.358217165   33    0
        33
          34           0.342204028   34    0
        34
          35           0.317163563   35    0
        35
          36           0.313040117   36    0
        36
          37           0.299531776   37    0
        37
          38           0.262410293   38    0
        38
          39           0.232882431   39    0
        39
          40           0.206422446   40    0
        40
          41           0.169282304   41    0
        41
          42           0.168356078   42    0
        42
          43           0.080597749   43    0
        43
          44           0.067364972   44    0
        44
          45           0.051293954   45    0
        45
          46           0.047515771   46    0
        46
          47           0.020073020   47    0
        47
          48           0.012898297   48    0
        48
$user-defined bonds
$end
