$coord
        0.38854013243304        5.22361870272625        1.25906311580823      C
        1.13560398564637        3.64772333114096        2.32152443377108      H
       -0.35639015504201        6.80097120369653        2.32087326598233      H
        0.38854013243304        5.22361870272625       -1.25906311580823      C
        1.13560398564637        3.64772333114096       -2.32152443377108      H
       -0.35639015504201        6.80097120369653       -2.32087326598233      H
        0.42521676581914       -1.90071078251375       -4.78649783468906      C
        1.82221869431703       -0.38727504576456       -4.84312005361135      H
        1.44675142514400       -3.68788602235728       -4.85543021408048      H
       -0.72268943029970       -1.76257656355766       -6.48873571199050      H
       -1.17694184528643       -1.72990745620550       -2.40170999831705      C
       -2.58669825934792       -3.23801443293078       -2.40158118635783      H
       -2.22405181532971        0.04855088185592       -2.38519296447024      H
        0.39752756363179       -1.91308277354728        0.00000000000000      C
        1.44343426216982       -3.69665566035014        0.00000000000000      H
        1.82050489077828       -0.41220518967242        0.00000000000000      H
       -1.17694184528643       -1.72990745620550        2.40170999831705      C
       -2.58669825934792       -3.23801443293078        2.40158118635783      H
       -2.22405181532971        0.04855088185592        2.38519296447024      H
        0.42521676581914       -1.90071078251375        4.78649783468906      C
        1.82221869431703       -0.38727504576456        4.84312005361135      H
       -0.72268943029970       -1.76257656355766        6.48873571199050      H
        1.44675142514400       -3.68788602235728        4.85543021408048      H
$end
