$coord
       -0.00037715611764       -0.00043721664706       -0.00201953258825      C
       -2.48866664511765        1.40039549535293        0.40403137841175      C
       -3.82483785211765        0.23215520135294        1.45256916541176      H
       -2.18725618111765        3.13929215135293        1.47018646841176      H
       -3.35361270211766        1.89455321035294       -1.40094730758823      H
        1.16262941088236       -0.66833804364707        2.55152457041176      C
        2.94494748188235       -1.67437772464706        2.30438274441177      H
        1.53494502488235        1.03192730635293        3.65664037841175      H
       -0.10593234811765       -1.87348624064705        3.64139899241175      H
        1.82344326488234        1.68799104535294       -1.46804834458824      C
        3.61598155688236        0.71932750535295       -1.78997071858823      H
        2.21138548888235        3.42301735635294       -0.42222414358823      H
        1.02523172188235        2.21425442835294       -3.29629103958823      H
       -0.49419504911766       -2.41935147764705       -1.49559261458824      C
       -1.37053355811765       -2.00014656164706       -3.31468941158824      H
        1.26811862288235       -3.43677791064706       -1.83505671758824      H
       -1.76127108111765       -3.66999852464705       -0.45589386758825      H
$end
