$coord
        0.00000000000000        0.00000000000000       -2.64450522800000      B
        0.00000000000000        0.00000000000000        1.05688217200000      P
        0.00000000000000        2.35684924800000        2.30992546200000      H
        2.04109115299999       -1.17842556900000        2.30992546200000      H
       -2.04109115299999       -1.17842556900000        2.30992546200000      H
        0.00000000000000       -2.21683188999999       -3.18682635100000      H
        1.91983310500000        1.10841689000000       -3.18682635100000      H
       -1.91983310500000        1.10841689000000       -3.18682635100000      H
$end
