$coord
        2.03133337960991        0.27776790258077       -2.00704948534401      C
       -0.53807071255225        1.65614823293712       -1.43842492481962      C
       -0.53807071255225        1.65614823293712        1.43842492481962      C
        2.03133337960991        0.27776790258077        2.00704948534401      C
        1.70881819693159       -2.45957935456079       -1.25579094930227      C
        1.70881819693159       -2.45957935456079        1.25579094930227      C
        3.51857949880034        1.25691876252017        0.00000000000000      O
       -2.88571169971909        0.22348390338250       -2.15686117420267      C
       -2.88571169971909        0.22348390338250        2.15686117420267      C
       -4.12992656409765       -0.54403504610175        0.00000000000000      O
       -3.67502694043603       -0.26443585113620        4.19842439284204      O
       -3.67502694043603       -0.26443585113620       -4.19842439284204      O
        2.85859687259888        0.69835358530639       -3.83765440751235      H
       -0.55118117911476        3.52251387628980       -2.30643026700920      H
       -0.55118117911476        3.52251387628980        2.30643026700920      H
        2.85859687259888        0.69835358530639        3.83765440751235      H
        1.35691561533037       -4.01069415300881       -2.53646744367083      H
        1.35691561533037       -4.01069415300881        2.53646744367083      H
$end
