$coord
       -0.00153256800000        7.26998375500000        0.00000000000000      N
       -0.89303347999999        7.95045329700001        1.54541224600001      H
       -0.89303347999999        7.95045329700001       -1.54541224600001      H
        1.78481785200001        7.94573654100000        0.00000000000000      H
        0.00028912799999        2.23786265099999        0.00000000000000      Br
       -2.16947346700000       -2.74496873099999        0.00000000000000      C
        0.00000000000000       -1.25883529899999        0.00000000000000      N
       -4.31270619899999       -2.00876172000000        0.00000000000000      O
        4.31271186799999       -2.00853117400001        0.00000000000000      O
        2.16951693099999       -2.74487991300001        0.00000000000000      C
        1.25028051000001       -5.43086462700001        0.00000000000000      C
       -1.25007641900001       -5.43091942900000        0.00000000000000      C
       -2.55092410699999       -7.00092645800000        0.00000000000000      H
        2.55121701400001       -7.00079795700000        0.00000000000000      H
$end
