$coord
    -1.225714072    -2.357036331    -1.169513621     C 
     0.172626469    -0.177048428    -0.030745842     N 
    -0.977120618     2.431038000    -0.513495243     C 
    -3.187665390     2.954416511     1.263338516     C 
     0.292283919    -0.364112404     1.904050113     H 
     2.005358324    -0.116010279    -0.683192637     H 
    -1.249297852    -2.166079519    -3.229088183     H 
    -0.267415125    -4.109001296    -0.630979508     H 
    -3.158941555    -2.381149234    -0.444312375     H 
    -3.927398629     4.851228974     0.876398223     H 
    -4.748068832     1.610443386     1.009737288     H 
    -2.543552286     2.904244286     3.231242471     H 
    -1.515824806     2.503131047    -2.513656821     H 
     0.558187263     3.770192324    -0.155959086     H 
$end
