$coord
   -3.16062845575073      0.03517902888433      0.32620954573272      c
   -1.61418329149464      0.21857430375523     -2.09319949633892      c
    1.17030924249865     -0.52312606453143     -1.86107993082858      c
    2.25725451606459      0.62267873552949      0.55127642292402      c
    0.76161676360538     -0.32690461324450      2.80481620420261      c
   -1.93710787499757      0.06381270790693      2.58127142698493      o
   -5.43181890931481      0.00228429424892      0.31379879523373      o
   -1.76851867675041      2.19870306101885     -2.67960757024011      h
   -2.60816245604830     -0.88220370843935     -3.52296423729269      h
    1.35150369100492     -2.58322419653579     -1.78443370258000      h
    2.21124650316143      0.10465575475629     -3.52880010378399      h
    2.17039549141911      2.68802265182608      0.46288994655847      h
    4.23948987811894      0.10200694898313      0.81115092911406      h
    1.06999109802717     -2.35539767004607      3.07137453135743      h
    1.28861248045621      0.63493876588784      4.54729723895635      h
$redundant
     number_of_atoms            15
     degrees_of_freedom         39
     internal_coordinates       39
     frozen_coordinates          0
# definitions of redundant internals
   1 k  1.0000000000000 stre    1    7           val=   2.27146
   2 k  0.7071822040214 bend    6    7    1      val=  -1.71563
       -0.7070313503060 bend    2    7    1
   3 k  1.0000000000000 outp    7    2    6    1 val=  -3.44288
   4 k  1.0000000000000 stre    2    9           val=   2.06008
   5 k  1.0000000000000 stre    2    8           val=   2.07089
   6 k  0.1140205781874 bend    8    9    2      val=   1.92024
        0.4992197211204 bend    1    9    2
        0.4807647768357 bend    1    8    2
       -0.5223000131724 bend    3    9    2
       -0.4835771948600 bend    3    8    2
   7 k  0.0764547918837 bend    8    9    2      val=   1.89970
       -0.4618586617623 bend    1    9    2
        0.4306310204235 bend    1    8    2
       -0.5393117271987 bend    3    9    2
        0.5518523593392 bend    3    8    2
   8 k  0.9015036484686 bend    8    9    2      val=   4.02137
       -0.2317460811536 bend    1    9    2
       -0.2881032572128 bend    1    8    2
       -0.1064845524090 bend    3    9    2
       -0.1980971452329 bend    3    8    2
   9 k -0.0046149856367 bend    8    9    2      val=   0.53110
       -0.5299534526423 bend    1    9    2
        0.5651808486419 bend    1    8    2
        0.4363051247404 bend    3    9    2
       -0.4575330440459 bend    3    8    2
  10 k  1.0000000000000 stre    3   11           val=   2.06372
  11 k  1.0000000000000 stre    3   10           val=   2.06947
  12 k  0.0096843170877 bend   10   11    3      val=   0.14213
       -0.5139908670798 bend    4   11    3
       -0.4875101301260 bend    4   10    3
        0.4994498977530 bend    2   11    3
        0.4986013189113 bend    2   10    3
  13 k  0.0306275759122 bend   10   11    3      val=   0.54977
       -0.4994763787755 bend    4   11    3
        0.5076057271494 bend    4   10    3
       -0.5050169091293 bend    2   11    3
        0.4867028311996 bend    2   10    3
  14 k  0.8954047470476 bend   10   11    3      val=  -1.25707
       -0.1981483686404 bend    4   11    3
       -0.2369929103662 bend    4   10    3
       -0.2161751558317 bend    2   11    3
       -0.2368337505659 bend    2   10    3
  15 k -0.0064742051491 bend   10   11    3      val=   0.88153
        0.4923503123911 bend    4   11    3
       -0.4993842425785 bend    4   10    3
       -0.4938454543929 bend    2   11    3
        0.5140829699531 bend    2   10    3
  16 k  1.0000000000000 stre    4   13           val=   2.06589
  17 k  1.0000000000000 stre    4   12           val=   2.06906
  18 k  0.0383868685749 bend   12   13    4      val=   0.68984
        0.4882334419969 bend    5   13    4
        0.5056291256237 bend    5   12    4
       -0.5112430575056 bend    3   13    4
       -0.4930763408542 bend    3   12    4
  19 k -0.0025042125568 bend   12   13    4      val=   0.08130
        0.4983399510343 bend    5   13    4
       -0.4781902774582 bend    5   12    4
        0.5034717294307 bend    3   13    4
       -0.5191351445733 bend    3   12    4
  20 k  0.8947178495471 bend   12   13    4      val=  -1.05528
       -0.2449361352913 bend    5   13    4
       -0.2366526909683 bend    5   12    4
       -0.1963946079220 bend    3   13    4
       -0.2119219695243 bend    3   12    4
  21 k -0.0088084436707 bend   12   13    4      val=   1.19170
       -0.5067836184545 bend    5   13    4
        0.5159606698621 bend    5   12    4
        0.4925126476072 bend    3   13    4
       -0.4840543920766 bend    3   12    4
  22 k  1.0000000000000 stre    5   15           val=   2.05891
  23 k  1.0000000000000 stre    5   14           val=   2.06904
  24 k  0.1106538961119 bend   14   15    5      val=   2.18103
        0.4788358626097 bend    6   15    5
        0.5045151416173 bend    6   14    5
       -0.5134777124785 bend    4   15    5
       -0.4901806224452 bend    4   14    5
  25 k -0.0015930756121 bend   14   15    5      val=   0.39012
        0.4870050087035 bend    6   15    5
       -0.4560184356019 bend    6   14    5
        0.5173552981167 bend    4   15    5
       -0.5359237497159 bend    4   14    5
  26 k  0.8983710199277 bend   14   15    5      val=   2.92495
       -0.2732769099463 bend    6   15    5
       -0.2571159749159 bend    6   14    5
       -0.1473338745530 bend    4   15    5
       -0.1744515574494 bend    4   14    5
  27 k -0.0170745297405 bend   14   15    5      val=   1.68626
       -0.5199315893982 bend    6   15    5
        0.5335302933231 bend    6   14    5
        0.4788082214739 bend    4   15    5
       -0.4641850018425 bend    4   14    5
  28 k  1.0000000000000 stre    1    6           val=   2.56576
  29 k  1.0000000000000 stre    6    5           val=   2.73601
  30 k  1.0000000000000 stre    5    4           val=   2.86655
  31 k  1.0000000000000 stre    4    3           val=   2.88336
  32 k  1.0000000000000 stre    3    2           val=   2.89092
  33 k  1.0000000000000 stre    2    1           val=   2.87727
  34 k -0.5000000000000 bend    1    5    6      val=  -0.65881
       -0.5000000000000 bend    6    4    5
        1.0000000000000 bend    5    3    4
       -0.5000000000000 bend    4    2    3
       -0.5000000000000 bend    3    1    2
        1.0000000000000 bend    2    6    1
  35 k  0.8660254037844 bend    1    5    6      val=   0.60187
       -0.8660254037844 bend    6    4    5
        0.8660254037844 bend    4    2    3
       -0.8660254037844 bend    3    1    2
  36 k -1.0000000000000 bend    1    5    6      val=  -0.98473
        1.0000000000000 bend    6    4    5
       -1.0000000000000 bend    5    3    4
        1.0000000000000 bend    4    2    3
       -1.0000000000000 bend    3    1    2
        1.0000000000000 bend    2    6    1
  37 k -0.5000000000000 tors    6    5    4    3 val=  -4.46774
       -0.5000000000000 tors    5    4    3    2
        1.0000000000000 tors    4    3    2    1
       -0.5000000000000 tors    3    2    1    6
       -0.5000000000000 tors    2    1    6    5
        1.0000000000000 tors    1    6    5    4
  38 k  0.8660254037844 tors    6    5    4    3 val= -19.04551
       -0.8660254037844 tors    5    4    3    2
        0.8660254037844 tors    3    2    1    6
       -0.8660254037844 tors    2    1    6    5
  39 k -1.0000000000000 tors    6    5    4    3 val=  37.15097
        1.0000000000000 tors    5    4    3    2
       -1.0000000000000 tors    4    3    2    1
        1.0000000000000 tors    3    2    1    6
       -1.0000000000000 tors    2    1    6    5
        1.0000000000000 tors    1    6    5    4
        39 non zero eigenvalues  of BmBt
           1           7.449971268    1    0
         1
           2           4.580236867    2    0
         2
           3           4.335449430    3    0
         3
           4           4.060838958    4    0
         4
           5           3.883875126    5    0
         5
           6           3.604717183    6    0
         6
           7           3.380652728    7    0
         7
           8           3.141405737    8    0
         8
           9           3.080770416    9    0
         9
          10           2.565680301   10    0
        10
          11           2.376249982   11    0
        11
          12           2.210027898   12    0
        12
          13           2.010138052   13    0
        13
          14           1.884437025   14    0
        14
          15           1.792680339   15    0
        15
          16           1.120861440   16    0
        16
          17           0.895474454   17    0
        17
          18           0.814019173   18    0
        18
          19           0.777488143   19    0
        19
          20           0.764273854   20    0
        20
          21           0.753207286   21    0
        21
          22           0.682997247   22    0
        22
          23           0.636999465   23    0
        23
          24           0.488856479   24    0
        24
          25           0.397073654   25    0
        25
          26           0.374457462   26    0
        26
          27           0.349674408   27    0
        27
          28           0.348138777   28    0
        28
          29           0.326628117   29    0
        29
          30           0.284051859   30    0
        30
          31           0.275496862   31    0
        31
          32           0.258591636   32    0
        32
          33           0.244606579   33    0
        33
          34           0.232907859   34    0
        34
          35           0.175302041   35    0
        35
          36           0.122899722   36    0
        36
          37           0.092721894   37    0
        37
          38           0.060286478   38    0
        38
          39           0.056227679   39    0
        39
$user-defined bonds
$end
