$coord
    1.38227394912931     -3.92401441781010      2.21505886871659      b
   -4.94372933010698      1.91842004530398     -0.89165147046564      si
    2.89284938378182     -2.44102930364194     -0.15397687135886      b
   -0.51640333675590     -3.71051083175890      3.89580351163823      o
   -6.95344510576003      3.12791073229668     -2.42603992152638      h
    4.06161550341566     -5.57237127854899      1.04913523625188      s
   -1.68633091396224     -1.36962331222993      1.76665363503174      al
   -5.12097683596175     -0.85240899589182      0.84478410804784      c
   -0.37308113391534      1.69457579037097      1.20436111441585      h
   -1.29992227296702      2.66541126974260     -0.85104497647149      b
   -6.67603282861319     -2.17448534752515      1.07006713718671      h
    0.92382492277113      3.69618669756465     -2.96256454520918      s
    6.14728576770757      2.91741749696644     -2.71885339324426      f
    3.94256882536540     -0.73161790953702     -1.60109065974385      o
    4.17725576830437      2.03961674741162     -1.30539484310864      b
    4.04224763756721      2.71652261728687      0.86475306983942      h
$user-defined bonds
$end
