$coord
        0.82878107051667        0.02944632045000       -0.01644208503333      C
       -1.30178917398333        1.52795970035001        0.11594599686668      C
       -3.32848327728334       -0.12203871055000        0.06146838636666      N
       -5.18031194238332        0.36260177375001        0.12548976756666      H
       -3.55517705188334       -4.18274306275000       -0.17500582773334      H
       -1.55688644708333        3.55737372175000        0.24072431216667      H
        3.54157906261668        0.81232765384999       -0.02345387693334      C
        4.55224178821668        0.00332754575000        1.60326631636666      H
        4.50304384951667        0.13658302355000       -1.73806165503332      H
        3.72752889021668        2.87740353345000        0.05685079886668      H
       -2.36237492518332       -2.51352771754999       -0.10023648183333      C
        0.13184815671668       -2.48871378205000       -0.15054565163332      N
$end
