$coord
        2.00918123900000        4.52421567000000        0.00000000000000      C
        0.00000000000000        1.03859529400000        0.00000000000000      I
        1.48554005700000        5.56498414900000        1.68484567800000      H
        4.01587937900001        4.11282421200001        0.00000000000000      H
        1.48554005700000        5.56498414900000       -1.68484567800000      H
       -0.14092631600001       -7.30037243900001       -1.69036934700000      H
       -0.14092631600001       -7.30037243900001        1.69036934700000      H
       -2.20245296500000       -4.56978641300001        0.00000000000000      F
        1.59712837700000       -4.94347972700000        0.00000000000000      H
       -0.08920829500001       -6.12688850300000        0.00000000000000      C
$end
