$coord
    2.49468372924751      0.00000000000000      0.81508474117670      c
    1.30338785191709      0.00000000000000     -1.53457555330170      c
   -1.30338785191709      0.00000000000000     -1.53457555330170      c
   -2.49468372924751      0.00000000000000      0.81508474117670      c
   -1.25771273561837      0.00000000000000      3.00702907411446      n
    1.25771273561837      0.00000000000000      3.00702907411446      n
   -4.53684796571539      0.00000000000000      0.97778988842773      h
   -2.39517464603656      0.00000000000000     -3.26532815041717      h
    2.39517464603656      0.00000000000000     -3.26532815041717      h
    4.53684796571539      0.00000000000000      0.97778988842773      h
$redundant
     number_of_atoms            10
     degrees_of_freedom          9
     internal_coordinates        9
     frozen_coordinates          0
# definitions of redundant internals
   1 k  1.0000000000000 stre    1   10           val=   2.04864
   2 k  1.0000000000000 stre    6    5           val=   2.51543
   3 k  1.0000000000000 stre    1    6           val=   2.51689
   4 k  1.0000000000000 stre    3    2           val=   2.60678
   5 k  1.0000000000000 stre    4    3           val=   2.63440
   6 k  1.0000000000000 stre    2    9           val=   2.04634
   7 k  0.7071067811865 bend    6   10    1      val=  -3.27940
       -0.7071067811865 bend    2   10    1
   8 k -0.7071067811865 bend    3    9    2      val=  -0.68707
        0.7071067811865 bend    1    9    2
   9 k -0.5000000000000 bend    1    5    6      val=   2.75811
       -0.5000000000000 bend    6    4    5
        1.0000000000000 bend    5    3    4
       -0.5000000000000 bend    4    2    3
       -0.5000000000000 bend    3    1    2
        1.0000000000000 bend    2    6    1
         9 non zero eigenvalues  of BmBt
           1           4.106694115    1    0
         1
           2           3.498976842    2    0
         2
           3           2.891757707    3    0
         3
           4           2.096514148    4    0
         4
           5           1.807193454    5    0
         5
           6           0.588088103    6    0
         6
           7           0.382198189    7    0
         7
           8           0.319915290    8    0
         8
           9           0.282982297    9    0
         9
$user-defined bonds
$end
