$coord
       -3.62525727482905        0.37791704261126        0.00000000000000      O
       -2.49907612548410       -0.69415875567751       -2.78140368340993      S
       -0.01347981894700        1.23746366525961       -3.13810618836674      O
        2.94155908613795        0.02378140090317       -2.77934440710131      S
        2.76725099141532       -1.51208966358173        0.00000000000000      O
        2.94155908613795        0.02378140090317        2.77934440710131      S
       -0.01347981894700        1.23746366525961        3.13810618836674      O
       -2.49907612548410       -0.69415875567751        2.78140368340993      S
$end
