$coord
       -1.42754169820131       -1.50508961850828       -1.93430551124332      C
        1.19860572924150       -1.66299114873979       -2.03189643761298      C
        2.65876001301880        0.37736955363609       -1.23426391650600      C
        1.50963368042357        2.57230374419743       -0.34128058818180      C
       -1.12092277855372        2.71045691257517       -0.25246348639233      C
       -2.60071517756219        0.67879949508240       -1.04550707592673      C
       -2.86169588073341        5.99660765711209        1.08394899986030      I
        2.09930989272956       -3.36144811062375       -2.72237695164263      H
        2.64405246349916        4.15317840474646        0.27856972788527      H
        4.69864865613751        0.26922271535392       -1.30274048619152      H
       -4.63786461351838        0.79856258572809       -0.96906659938433      H
       -2.57447518692274       -3.08132039046931       -2.54875517521577      H
       -5.88211879210329       11.88491819358156        2.31866455902233      S
       -8.18022701418704       10.95619984550778        1.83940856333093      H
       -5.08172874482866       12.66714386256482       -0.92419491629867      C
       -3.18311711399702       13.44626574330220       -0.86977613647871      H
       -5.07177399637297       10.99164969235585       -2.10739192258756      H
       -6.35955320518616       14.08073002965080       -1.68204314084442      H
$end
