$coord
        1.52015812545279        0.55373767339591       -2.12109877924093      C
       -0.66821328969996       -1.30517731894631       -1.45420112924029      C
       -0.66821328969996       -1.30517731894631        1.45420112924029      C
        1.52015812545279        0.55373767339591        2.12109877924093      C
        3.90048615775492       -0.77416687202325       -1.25879368651500      C
        3.90048615775492       -0.77416687202325        1.25879368651500      C
        1.23291170039553        2.51002337133221        0.00000000000000      C
       -3.24967603547791       -0.31768867478126       -2.20333253484756      C
       -3.24967603547791       -0.31768867478126        2.20333253484756      C
       -4.57438003965667        0.15496790434139        0.00000000000000      N
       -4.05178019915891        0.02790131717034        4.29975634718803      O
       -4.05178019915891        0.02790131717034       -4.29975634718803      O
       -6.34470741004946        0.86711244501745        0.00000000000000      H
        1.47057303733494        1.22293632256360       -4.06462781967985      H
       -0.39090841436189       -3.14922075351469       -2.33035744277600      H
       -0.39090841436189       -3.14922075351469        2.33035744277600      H
        1.47057303733494        1.22293632256360        4.06462781967985      H
        5.22484763212848       -1.71656089892239       -2.50041194362810      H
        5.22484763212848       -1.71656089892239        2.50041194362810      H
       -0.58457925025177        3.49193113690736        0.00000000000000      H
        2.75978097161743        3.89244355251766        0.00000000000000      H
$end
