$coord
       -4.28651958394806       -3.70046717283546       -0.61042895793018      F
       -5.10923475371136        1.37109151948029       -0.47832566461892      F
        0.07553313965751       -3.06258288469800        0.00118585795043      C
       -2.35594909939884       -2.12089908405253       -0.29893380408710      C
       -2.77593329447062        0.46918425807027       -0.23328333306139      C
       -0.76504272940761        2.11670250875798        0.12910946822907      C
        1.66838092357081        1.17598328669170        0.42186245056704      C
        2.08656809680459       -1.41510639506810        0.36329226368657      C
       -1.17192828967903        4.59341914682365        0.21365263878475      F
        3.59280833931957        2.75224281461527        0.75471406651119      F
        0.47398399615190       -5.54414747531786       -0.01921686126109      F
        4.40915409266568       -2.31943205806312        0.67044210000147      F
$end
