$coord
    0.00000000000000      2.36080765404610     -2.41329856942881      c
    0.00000000000000     -2.36080765404610     -2.41329856942881      c
    2.39426143705741      0.00000000000000      0.94876796870576      c
   -2.39426143705741      0.00000000000000      0.94876796870576      c
    0.00000000000000      0.00000000000000     -4.08227544112601      c
    2.35701926624890      2.35083082225221     -0.74075436962783      c
   -2.35701926624890      2.35083082225221     -0.74075436962783      c
   -2.35701926624890     -2.35083082225221     -0.74075436962783      c
    2.35701926624890     -2.35083082225221     -0.74075436962783      c
    0.00000000000000      0.00000000000000      2.57435112960222      c
    1.66527741906184      0.00000000000000     -5.30586471651363      h
   -1.66527741906184      0.00000000000000     -5.30586471651363      h
    2.39625600070417      4.04732181329583      0.44329881948176      h
   -2.39625600070417      4.04732181329583      0.44329881948176      h
   -2.39625600070417     -4.04732181329583      0.44329881948176      h
    2.39625600070417     -4.04732181329583      0.44329881948176      h
    4.06159402807717      2.38074237851552     -1.91309573381618      h
   -4.06159402807717      2.38074237851552     -1.91309573381618      h
   -4.06159402807717     -2.38074237851552     -1.91309573381618      h
    4.06159402807717     -2.38074237851552     -1.91309573381618      h
    0.00000000000000     -1.66688331181849      3.80476510294431      h
    0.00000000000000      1.66688331181849      3.80476510294431      h
    0.00000000000000      4.05073530725629     -3.59966729065546      h
    0.00000000000000     -4.05073530725629     -3.59966729065546      h
    4.73373488618336      0.00000000000000      2.61606497991907      c
   -4.73373488618336      0.00000000000000      2.61606497991907      c
    4.77056129975045      1.67008121750374      3.82645873274830      h
   -4.77056129975045      1.67008121750374      3.82645873274830      h
   -4.77056129975045     -1.67008121750374      3.82645873274830      h
    4.77056129975045     -1.67008121750374      3.82645873274830      h
    6.44988800586774      0.00000000000000      1.47137978321858      h
   -6.44988800586774      0.00000000000000      1.47137978321858      h
$user-defined bonds
$redundant
     number_of_atoms            32
     degrees_of_freedom         27
     internal_coordinates       32
     frozen_coordinates          0
# definitions of redundant internals
   1 k  1.0000000000000 stre    6   13           val=   2.06920
   2 k  1.0000000000000 stre    1   23           val=   2.06478
   3 k  1.0000000000000 stre   25   31           val=   2.06288
   4 k  1.0000000000000 stre    6   17           val=   2.06902
   5 k  1.0000000000000 stre    3   25           val=   2.87281
   6 k  0.4177261862630 bend   27   31   25      val=   1.21392
        0.4177261862630 bend   30   31   25
        0.4176360022136 bend   30   27   25
       -0.3986087117817 bend    3   31   25
       -0.3985604917494 bend    3   27   25
       -0.3985604917494 bend    3   30   25
   7 k  1.0000000000000 stre   10   21           val=   2.07182
   8 k  1.0000000000000 stre    5   11           val=   2.06648
   9 k  1.0000000000000 stre   25   27           val=   2.06291
  10 k  0.0193391827333 bend   13   17    6      val=   0.32482
       -0.5015335415543 bend    1   17    6
       -0.5013587358475 bend    1   13    6
        0.4984771984382 bend    3   17    6
        0.4982469300796 bend    3   13    6
  11 k -0.3441039102970 bend   27   31   25      val=   0.00735
       -0.3441039102973 bend   30   31   25
        0.6883574069417 bend   30   27   25
       -0.4391850724416 bend    3   31   25
        0.2196196146630 bend    3   27   25
        0.2196196146627 bend    3   30   25
  12 k  0.8962102230760 bend   12   11    5      val=  -0.75521
       -0.2218148079221 bend    1   11    5
       -0.2218148079221 bend    1   12    5
       -0.2218148079221 bend    2   11    5
       -0.2218148079221 bend    2   12    5
  13 k  0.8987097479357 bend   13   17    6      val=   0.13951
       -0.2094051082417 bend    1   17    6
       -0.2100028401288 bend    1   13    6
       -0.2281287936951 bend    3   17    6
       -0.2287495360273 bend    3   13    6
  14 k  0.0005952110018 bend   13   17    6      val=   0.00735
       -0.5075534746126 bend    1   17    6
        0.5073712211996 bend    1   13    6
       -0.4925028596987 bend    3   17    6
        0.4923459080967 bend    3   13    6
  15 k  0.9017374113577 bend   22   21   10      val=   1.10274
       -0.2161421065861 bend    3   21   10
       -0.2161421065861 bend    3   22   10
       -0.2161421065861 bend    4   21   10
       -0.2161421065861 bend    4   22   10
  16 k  0.4085989820636 bend    6   23    1      val=   0.03111
        0.4085989820636 bend    7   23    1
       -0.8161456632937 bend    5   23    1
  17 k  0.8169485040109 bend   10   25    3      val=   0.04827
       -0.4077959917621 bend    6   25    3
       -0.4077959917620 bend    9   25    3
  18 k -0.0000193614118 bend   13   17    6      val=   0.00246
       -0.4923151468129 bend    1   17    6
        0.4925338062365 bend    1   13    6
        0.5073692101284 bend    3   17    6
       -0.5075556424389 bend    3   13    6
  19 k -0.2195616314390 bend   27   31   25      val=   0.01089
       -0.2195616314397 bend   30   31   25
        0.4392430514080 bend   30   27   25
        0.6882885100285 bend    3   31   25
       -0.3441728117913 bend    3   27   25
       -0.3441728117902 bend    3   30   25
  20 k  1.0000000000000 stre    1    6           val=   2.89016
  21 k  1.0000000000000 stre    1    5           val=   2.89118
  22 k  1.0000000000000 stre    3   10           val=   2.89396
  23 k  1.0000000000000 stre    3    6           val=   2.89522
  24 k  0.9830338865697 bend    7    6    1      val=  74.90150
       -0.1834240383803 bend    5    6    1
  25 k  0.1834240383803 bend    7    6    1      val= 109.33429
        0.9830338865697 bend    5    6    1
  26 k -0.1499487564851 bend    6   10    3      val=  79.99191
        0.9886937697936 bend    9    6    3
  27 k  0.9886937697936 bend    6   10    3      val= 108.50217
        0.1499487564851 bend    9    6    3
  28 k  1.0000000000000 bend    2    1    5      val= 109.48307
  29 k  1.0000000000000 bend    3    1    6      val= 110.54842
  30 k  1.0000000000000 bend    4    3   10      val= 111.65093
  31 k  1.0000000000000 tors    3    6    1    5 val=  -0.12439
        1.0000000000000 tors    3    6    1    7
  32 k  1.0000000000000 tors    1    6    3    9 val=   0.13249
        1.0000000000000 tors    1    6    3   10
        27 non zero eigenvalues  of BmBt
           1           3.468145155    1    0
         1
           2           3.307041481    2    0
         2
           3           2.875276271    3    0
         3
           4           2.253237052    4    0
         4
           5           2.205533995    5    0
         5
           6           2.139047020    6    0
         6
           7           2.032347152    7    0
         7
           8           1.543921000    8    0
         8
           9           1.109842932    9    0
         9
          10           0.994713838   10    0
        10
          11           0.923815046   11    0
        11
          12           0.775936813   12    0
        12
          13           0.738285364   13    0
        13
          14           0.732434194   14    0
        14
          15           0.693422763   15    0
        15
          16           0.642034350   16    0
        16
          17           0.368372267   17    0
        17
          18           0.366315571   18    0
        18
          19           0.127335563   19    0
        19
          20           0.665500032   20    0
        20
          21           0.375712226   21    0
        21
          22           0.332696529   22    0
        22
          23           0.144009731   23    0
        23
          24           0.583380561    0    0
         0.000000000         0.000000000         0.000000000         0.000000000
         0.000000000         0.000000000         0.000000000         0.000000000
         0.000000000         0.000000000         0.000000000         0.000000000
         0.000000000         0.000000000         0.000000000         0.000000000
         0.000000000         0.000000000         0.000000000         0.000000000
         0.000000000         0.000000000         0.000000000         0.205637408
         0.495689791         0.151212768         0.231259930        -0.471713766
        -0.622540043        -0.159963901         0.000000000         0.000000000
          25           0.227232413    0    0
         0.000000000         0.000000000         0.000000000         0.000000000
         0.000000000         0.000000000         0.000000000         0.000000000
         0.000000000         0.000000000         0.000000000         0.000000000
         0.000000000         0.000000000         0.000000000         0.000000000
         0.000000000         0.000000000         0.000000000         0.000000000
         0.000000000         0.000000000         0.000000000        -0.082942481
         0.360170111        -0.130234263        -0.545839165        -0.434487666
         0.209832513         0.561860715         0.000000000         0.000000000
          26           0.131625779    0    0
         0.000000000         0.000000000         0.000000000         0.000000000
         0.000000000         0.000000000         0.000000000         0.000000000
         0.000000000         0.000000000         0.000000000         0.000000000
         0.000000000         0.000000000         0.000000000         0.000000000
         0.000000000         0.000000000         0.000000000         0.000000000
         0.000000000         0.000000000         0.000000000         0.490419028
        -0.184687737         0.528166943        -0.292729956         0.324409882
        -0.313255479         0.396683380         0.000000000         0.000000000
          27           0.059085856    0    0
         0.000000000         0.000000000         0.000000000         0.000000000
         0.000000000         0.000000000         0.000000000         0.000000000
         0.000000000         0.000000000         0.000000000         0.000000000
         0.000000000         0.000000000         0.000000000         0.000000000
         0.000000000         0.000000000         0.000000000         0.000000000
         0.000000000         0.000000000         0.000000000         0.689895186
        -0.183770605        -0.658601996         0.161766314        -0.093566369
         0.015018323         0.146177467         0.000000000         0.000000000
$end
