$coord
     0.000000000     2.249669659     0.050026716     C 
     0.000000000     1.383532648    -2.338490560     C 
     0.000000000    -1.383532648    -2.338490560     C 
     0.000000000    -2.249669659     0.050026716     C 
     0.000000000     0.000000000     1.799844953     C 
     0.000000000     4.917410957     0.950475481     C 
     0.000000000    -4.917410957     0.950475481     C 
     0.000000000     2.542467583    -4.020505428     H 
     0.000000000    -2.542467583    -4.020505428     H 
    -1.653614177     0.000000000     3.046064442     H 
     1.653614177     0.000000000     3.046064442     H 
    -1.657057257     5.325051310     2.116937195     H 
     0.000000000     6.236112776    -0.631022972     H 
     1.657057257     5.325051310     2.116937195     H 
     0.000000000    -6.236112776    -0.631022972     H 
    -1.657057257    -5.325051310     2.116937195     H 
     1.657057257    -5.325051310     2.116937195     H 
$end
