$coord
        0.13532633300000        0.76896157533334       -0.86189639177778      C
        0.60112366199999        2.74075126833333       -1.97161772777778      O
       -0.43923965600000       -1.41368429666667       -2.09242424777779      N
       -0.39161797199999       -1.42694134766668       -3.99469160677778      H
       -0.73361452899999       -3.03033036266667       -1.15568384077779      H
        0.17849655600000        0.58964201833334        1.98859930922221      C
        2.12815294000001        0.74878015833334        2.62179696622221      H
       -0.61878623000001       -1.16145933566666        2.70863342522223      H
       -0.85984110400000        2.18428032233333        2.75728411422222      H
$end
