$coord
       -1.08030154700000       -1.95002903699999        0.00000000000000      C
        1.24144604099999       -3.59500905500001        0.00000000000000      C
        3.36382942600000       -2.25570355400000        0.00000000000000      C
        2.87369875500000        0.54576420400000        0.00000000000000      C
        0.00000000000000        0.71692802599999        0.00000000000000      C
       -1.31421938900001        2.85371112300001        0.00000000000000      C
       -4.13532517900000        3.06577050400000        0.00000000000000      C
       -2.27447042300000       -2.30646915300001        1.65200602000000      H
        1.14254912100000       -5.63566368099999        0.00000000000000      H
        5.24792592299999       -3.04563169500000        0.00000000000000      H
        3.70270075999999        1.47148238600000       -1.65371055300001      H
        3.70270075999999        1.47148238600000        1.65371055300001      H
       -2.27447042300000       -2.30646915300001       -1.65200602000000      H
       -0.28217388499999        4.62829988799999        0.00000000000000      H
       -4.80402928799999        4.10545995000001        1.65586106099999      H
       -5.05147567800000        1.22345584900000        0.00000000000000      H
       -4.80402928799999        4.10545995000001       -1.65586106099999      H
$end
