$coord
        0.00000000000000        0.00000000000000       -1.88942042033260      C
        1.79098651492491       -1.51684987262698       -0.14783713965800      C
       -1.79098651492491        1.51684987262698       -0.14783713965800      C
       -1.40185470067969        0.32888501348489        2.46368631467641      C
        1.40185470067969       -0.32888501348489        2.46368631467641      C
        4.52269749053155       -1.53971079940082       -1.03200793020695      C
       -4.52269749053155        1.53971079940082       -1.03200793020695      C
       -1.07463894700520       -1.25982540779195       -3.11842473485740      H
        1.07463894700520        1.25982540779195       -3.11842473485740      H
        1.10929408150984       -3.46438913214782       -0.04860280783501      H
       -1.10929408150984        3.46438913214782       -0.04860280783501      H
       -1.97216245009539        1.57709347184077        3.99964627669364      H
       -2.52175421462399       -1.40327612644132        2.60699396421298      H
        2.52175421462399        1.40327612644132        2.60699396421298      H
        1.97216245009539       -1.57709347184077        3.99964627669364      H
        5.24492085365596        0.38788594925258       -1.15248044452982      H
        4.70279029370237       -2.39888146457881       -2.89547513177069      H
        5.72630667814655       -2.58997442286764        0.26921184344112      H
       -5.24492085365596       -0.38788594925258       -1.15248044452982      H
       -4.70279029370237        2.39888146457881       -2.89547513177069      H
       -5.72630667814655        2.58997442286764        0.26921184344112      H
$end
