$coord
       -3.18624242599999       -2.41496021200000       -0.10365525000000      C
       -3.17361716700001        0.22616429600000        0.93212057300001      C
       -0.98284270800000       -1.34695322200000        0.04119980600001      C
       -4.14795799800000        2.45450839700001       -0.58439398300001      C
        1.69290158000000       -1.36152867900000       -0.32076397900001      C
        3.16913284699999        0.60240496200001        0.27253250300000      C
       -6.18060585400000        2.70467221400000       -0.32012714200001      H
       -3.79671840700000        2.17631616500000       -2.59689736100001      H
       -3.22988564800000        4.21347668700000       -0.01251187599999      H
        2.52329253400000       -3.06158287200001       -1.11521990400001      H
        2.27732012900000        2.27385626199999        1.05802545700000      H
       -4.32598908299999       -4.01845129599999       -0.60763005400001      H
        5.96555503700001        0.68478945599999       -0.06186584900000      C
        6.91698482999999        1.01936733199999        1.74163005400000      H
        6.68868325300000       -1.07135369400001       -0.85773717800000      H
        6.51658401800000        2.23755651500001       -1.30895650200000      H
       -3.41125587899999        0.45958136100000        2.96838347600000      H
$end
