$coord
   -0.18542702375029     -1.62840375032680      1.40803911643487      c
   -0.18542702375029     -1.62840375032680     -1.40803911643487      c
   -0.14455601547189      0.92322424352464      2.17180616257250      c
   -0.14455601547189      0.92322424352464     -2.17180616257250      c
   -0.12546599671710      2.44036861860394      0.00000000000000      c
    1.81458975702248     -2.06521595832387      0.00000000000000      h
   -0.47143904399924     -3.29781663077176      2.55785464320770      h
   -0.47143904399924     -3.29781663077176     -2.55785464320770      h
   -0.04797775487986      1.57222252020731      4.11001754308851      h
   -0.04797775487986      1.57222252020731     -4.11001754308851      h
    0.00967591589717      4.48639457445319      0.00000000000000      h
$user-defined bonds
$redundant
     number_of_atoms            11
     degrees_of_freedom         15
     internal_coordinates       15
     frozen_coordinates          0
# definitions of redundant internals
   1 k -0.8090169943749 tors    3    5    4    2 val=  -0.15197
        0.3090169943749 tors    5    4    2    1
        0.3090169943750 tors    4    2    1    3
       -0.8090169943750 tors    2    1    3    5
        1.0000000000000 tors    1    3    5    4
   2 k  1.0000000000000 stre    1    6           val=   2.48464
   3 k  1.0000000000000 stre    1    2           val=   2.81608
   4 k  1.0000000000000 stre    1    7           val=   2.04715
   5 k  1.0000000000000 stre    3    9           val=   2.04626
   6 k  1.0000000000000 stre    5   11           val=   2.05048
   7 k  1.0000000000000 stre    1    3           val=   2.66380
   8 k  1.0000000000000 outp    9    1    5    3 val=   2.31659
   9 k  1.0000000000000 outp   11    4    3    5 val=  -3.05804
  10 k  1.0000000000000 stre    3    5           val=   2.64931
  11 k  0.7071190977756 bend    5    9    3      val=   0.65229
       -0.7070944643829 bend    1    9    3
  12 k -0.6228155811326 bend    3    7    1      val=  27.81983
        0.5852349589972 bend    2    7    1
        0.5192309646641 bend    6    7    1
  13 k  0.5877852522925 bend    2    3    1      val=   0.26177
       -0.9510565162952 bend    1    5    3
        0.9510565162952 bend    3    4    5
       -0.5877852522925 bend    5    2    4
  14 k  1.0000000000000 tors    4    2    1    6 val= 258.59748
        1.0000000000000 tors    3    2    1    6
  15 k  0.2415461913115 bend    3    7    1      val=  38.29297
       -0.4874077647725 bend    2    7    1
        0.8391001777513 bend    6    7    1
        15 non zero eigenvalues  of BmBt
           1           5.919934276    1    0
         1
           2           4.468791155    2    0
         2
           3           3.885306562    3    0
         3
           4           3.101560494    4    0
         4
           5           2.580340701    5    0
         5
           6           1.764693840    6    0
         6
           7           1.708819378    7    0
         7
           8           0.907605848    8    0
         8
           9           0.742025018    9    0
         9
          10           0.454525395   10    0
        10
          11           0.412324937   11    0
        11
          12           0.365893642   12    0
        12
          13           0.292972753   13    0
        13
          14           0.179593077   14    0
        14
          15           0.107249117   15    0
        15
$end
