$coord
    0.00000000000000     -2.21405451265034      0.36025996302501      c
    0.00000000000000     -1.37936303688435     -2.03481348687590      c
    0.00000000000000      1.37936303688435     -2.03481348687590      c
    0.00000000000000      2.21405451265034      0.36025996302501      c
    0.00000000000000      0.00000000000000      2.10853729653747      c
    0.00000000000000     -4.16192128129501      0.97753056001441      h
    0.00000000000000     -2.54265384753122     -3.71732106947493      h
    0.00000000000000      2.54265384753122     -3.71732106947493      h
    0.00000000000000      4.16192128129501      0.97753056001441      h
   -1.65502973830559      0.00000000000000      3.36007538504267      h
    1.65502973830559      0.00000000000000      3.36007538504267      h
$redundant
     number_of_atoms            11
     degrees_of_freedom         10
     internal_coordinates       10
     frozen_coordinates          0
# definitions of redundant internals
   1 k  1.0000000000000 stre    2    3           val=   2.75873
   2 k  1.0000000000000 stre    2    7           val=   2.04550
   3 k  1.0000000000000 stre    1    2           val=   2.53635
   4 k  1.0000000000000 stre    1    6           val=   2.04333
   5 k  1.0000000000000 stre    4    5           val=   2.82108
   6 k  1.0000000000000 stre    5   11           val=   2.07496
   7 k -0.7071067811865 bend    2    6    1      val=  -1.33778
        0.7071067811865 bend    5    6    1
   8 k  0.7071067811865 bend    1    7    2      val=   0.73309
       -0.7071067811865 bend    3    7    2
   9 k  0.5877852522925 bend    1    3    2      val=   1.06792
       -0.9510565162952 bend    2    4    3
        0.9510565162952 bend    3    5    4
       -0.5877852522925 bend    4    1    5
  10 k -0.8825008661300 bend   11   10    5      val=   6.54247
        0.2351553854793 bend    4   10    5
        0.2351553854793 bend    4   11    5
        0.2351553854793 bend    1   10    5
        0.2351553854793 bend    1   11    5
        10 non zero eigenvalues  of BmBt
           1           3.973715822    1    0
         1
           2           3.878771464    2    0
         2
           3           2.994338947    3    0
         3
           4           2.145889033    4    0
         4
           5           1.626997919    5    0
         5
           6           0.776778090    6    0
         6
           7           0.442343373    7    0
         7
           8           0.380716090    8    0
         8
           9           0.329055388    9    0
         9
          10           0.267575696   10    0
        10
$user-defined bonds
$end
