$coord
    -0.000668963    -7.112726427     0.000000000     C 
     0.000359048    -3.082044825     0.000000000     I 
     1.942198012    -7.765318732     0.000000000     H 
    -0.970971450    -7.765980136     1.682829340     H 
    -0.970971450    -7.765980136    -1.682829340     H 
    -2.252097957     6.720870956     0.000000000     C 
    -2.151116669     4.103575893     0.000000000     C 
     0.000000000     2.806537893     0.000000000     N 
     3.873465849     2.992084419     0.000000000     H 
     4.055546617     7.681173013     0.000000000     H 
    -0.000995886    10.101091865     0.000000000     H 
    -4.056867536     7.680067523     0.000000000     H 
    -3.873507423     2.990977039     0.000000000     H 
     2.150750062     4.104174936     0.000000000     C 
    -0.000716206     8.055023175     0.000000000     C 
     2.251034041     6.721494566     0.000000000     C 
$end
