$coord
       -1.82306780638888        0.02070880827778        3.50495691361112      C
        0.13026765361111        0.64139203127778        3.36222360761111      H
       -1.88577115538890       -1.87384097372222        4.30050596661112      H
       -2.84632779838890        1.26108156227779        4.78375779361112      H
       -3.17368369538890       -0.00541542172223        0.98738610761111      C
       -5.41394338038888       -0.56895940172221        0.79328369961110      O
       -1.73299740838890        0.61057570827778       -1.03676323438888      N
        0.08650839161111        1.11648362827777       -0.79039593038888      H
       -2.83602356038889        0.65782476127778       -3.53588521438890      C
       -3.79273011338889       -1.11936755072222       -3.92509221138889      H
       -4.22425868038888        2.16689057527779       -3.71870240538889      H
       -1.34180980038890        0.94491598727778       -4.91347826138889      H
        3.82037667761111        1.13851221127778       -0.34630056638889      O
        5.18259474361111        2.32393661427777       -0.17544134538888      H
        4.80130350661112       -1.32827119172222        0.09567193161111      C
        3.22797149861111       -2.62989119172223       -0.10383885538889      H
        6.24909583161112       -1.83659377772222       -1.27793355938888      H
        5.57249509561111       -1.51998237872222        1.99604556361110      H
$end
