$coord
    3.55623560099147     -1.87736596140430     -0.82305797609594      h
    2.01232135799689     -0.98004437304974      0.22499576984686      c
   -2.01367515817863     -0.97851747390562     -0.22543002903414      c
    1.29217487243306      1.58802613250090     -0.15861307366574      c
   -1.29048999213987      1.58901068009259      0.15787456848564      c
   -3.55776892520624     -1.87444255425585      0.82356480078709      h
   -2.52969903873006      3.11727231713332      0.76195782182999      h
    1.64543848518301     -1.84995925560341      2.04193394173209      h
   -1.64776171514313     -1.84945280885759     -2.04204883711324      h
    2.53322451279351      3.11547329734966     -0.76117698677263      h
$user-defined bonds
$redundant
     number_of_atoms            10
     degrees_of_freedom         24
     internal_coordinates       24
     frozen_coordinates          0
# definitions of redundant internals
   1 k  1.0000000000000 tors    8    2    4    5 val=  41.78586
        1.0000000000000 tors    1    2    4    5
   2 k  1.0000000000000 stre    2    8           val=   2.04759
   3 k  1.0000000000000 stre    2    1           val=   2.07057
   4 k  0.8176851862378 bend    1    8    2      val=  -3.40271
       -0.3961358843865 bend    4    8    2
       -0.4176928264989 bend    4    1    2
   5 k  0.0167577634712 bend    1    8    2      val=   2.88598
       -0.7088951507121 bend    4    8    2
        0.7051147726862 bend    4    1    2
   6 k  1.0000000000000 outp    1    8    4    2 val= -21.98663
   7 k  1.0000000000000 tors    9    3    5    4 val=  41.77232
        1.0000000000000 tors    6    3    5    4
   8 k  1.0000000000000 stre    3    9           val=   2.04757
   9 k  1.0000000000000 stre    3    6           val=   2.07058
  10 k  0.8176792608450 bend    6    9    3      val=  -3.40583
       -0.3961655829093 bend    5    9    3
       -0.4176762589639 bend    5    6    3
  11 k  0.0167396662578 bend    6    9    3      val=   2.88589
       -0.7088735120804 bend    5    9    3
        0.7051369565158 bend    5    6    3
  12 k  1.0000000000000 outp    6    9    5    3 val= -21.94553
  13 k  1.0000000000000 stre    5    7           val=   2.05819
  14 k  0.7072911826383 bend    4    7    5      val=   1.69712
       -0.7069223316335 bend    3    7    5
  15 k  1.0000000000000 outp    7    3    4    5 val=   4.66541
  16 k  1.0000000000000 stre    4   10           val=   2.05825
  17 k  0.7072874031749 bend    5   10    4      val=   1.69818
       -0.7069261130486 bend    2   10    4
  18 k  1.0000000000000 outp   10    2    5    4 val=   4.61806
  19 k  1.0000000000000 tors    2    4    5    3 val= -20.67515
  20 k  1.0000000000000 stre    4    2           val=   2.69458
  21 k  1.0000000000000 bend    5    2    4      val= 104.37799
  22 k  1.0000000000000 stre    5    3           val=   2.69483
  23 k  1.0000000000000 bend    4    3    5      val= 104.40097
  24 k  1.0000000000000 stre    4    5           val=   2.60198
        24 non zero eigenvalues  of BmBt
           1           5.018293298    1    0
         1
           2           4.289579955    2    0
         2
           3           4.150745883    3    0
         3
           4           3.548868744    4    0
         4
           5           3.475509414    5    0
         5
           6           2.809996337    6    0
         6
           7           2.739437795    7    0
         7
           8           2.167659522    8    0
         8
           9           2.047344209    9    0
         9
          10           1.709714435   10    0
        10
          11           1.633231759   11    0
        11
          12           0.910839217   12    0
        12
          13           0.884300263   13    0
        13
          14           0.877725807   14    0
        14
          15           0.474629646   15    0
        15
          16           0.467269541   16    0
        16
          17           0.418845715   17    0
        17
          18           0.359943283   18    0
        18
          19           0.330759333   19    0
        19
          20           0.305400860   20    0
        20
          21           0.267893514   21    0
        21
          22           0.150686014   22    0
        22
          23           0.058487652   23    0
        23
          24           0.027788272   24    0
        24
$end
