$coord
        0.00000000000000        0.00000000000000        0.00000000000000      C
        1.66631082921790        1.66631082921790        1.66631082921790      C
        2.87596971674003        2.87596971674003        0.51926082608146      H
        0.51926082608146        2.87596971674003        2.87596971674003      H
        2.87596971674003        0.51926082608146        2.87596971674003      H
       -1.66631082921790        1.66631082921790       -1.66631082921790      C
       -2.87596971674003        0.51926082608146       -2.87596971674003      H
       -2.87596971674003        2.87596971674003       -0.51926082608146      H
       -0.51926082608146        2.87596971674003       -2.87596971674003      H
       -1.66631082921790       -1.66631082921790        1.66631082921790      C
       -2.87596971674003       -2.87596971674003        0.51926082608146      H
       -2.87596971674003       -0.51926082608146        2.87596971674003      H
       -0.51926082608146       -2.87596971674003        2.87596971674003      H
        1.66631082921790       -1.66631082921790       -1.66631082921790      C
        2.87596971674003       -2.87596971674003       -0.51926082608146      H
        0.51926082608146       -2.87596971674003       -2.87596971674003      H
        2.87596971674003       -0.51926082608146       -2.87596971674003      H
$end
