$coord
   -0.77142810031012      3.77338524096771      1.19945377407925      o
   -1.94021823329411      1.82662433880238      0.63087902234025      c
   -0.71083667747573     -0.48602817180147     -0.12936403701589      c
    1.85947205449732     -0.72265117439381     -0.28584035280551      c
    3.08333409822676     -3.14804833656527     -1.07897088297009      c
   -4.79387514724862      1.79895402390160      0.71434671384890      c
    3.43737523408595      1.19372009696552      0.26061704427421      n
   -1.85851308934960     -2.10389811423757     -0.59728025861538      h
    2.64794781125137      2.84970052426875      0.80321883312499      h
    5.31083592722801      0.96815860629202      0.13188153017012      h
    1.67376696666512     -4.57776013767608     -1.49102283165660      h
    4.31543024563503     -3.84768750089453      0.41472383246580      h
    4.23349890147241     -2.85157903015273     -2.76055483170256      h
   -5.48504607083119      3.63288504785073      1.31455982742252      h
   -5.55144896844205      1.34597211895769     -1.14495256062592      h
   -5.45029495211049      0.34825246771499      2.01830517766593      h
$user-defined bonds
$end
