$coord
        0.00000000000000        4.26281176400000        0.00000000000000      Bi
        0.00000000000000       -4.26281176400000        0.00000000000000      Bi
        1.68276509000001        5.92387335100000        2.34906168700000      H
        2.35689460100001        1.90344729100000        0.00000000000000      H
        1.68276509000001        5.92387335100000       -2.34906168700000      H
       -1.68276509000001       -5.92387335100000       -2.34906168700000      H
       -2.35689460100001       -1.90344729100000        0.00000000000000      H
       -1.68276509000001       -5.92387335100000        2.34906168700000      H
$end
